;PINTS for FITMAN Simulation Output
;Experiment Information
;---------------------------------------------------------------------------
;Name: semi-LASER
;Created: 2018_01_10
;Comment: Density-matrix simulations of metabolites using PyGAMMA and metabolite parameters from V. Govindaraju et. al, NMR Biomed. 2000;13:129-153
;PI: bartha-olemew
;b0: 297.2
;49 Metabolites: alanine, aspartate, choline_1-CH2_2-CH2, choline_N(CH3)3_a, choline_N(CH3)3_b, creatine_N(CH3), creatine_X, d-glucose-alpha, d-glucose-beta, gaba, glutamate, glutamine, glutathione_cysteine, glutathione_glutamate, glutathione_glycine, glycine, gpc_7-CH2_8-CH2, gpc_glycerol, gpc_N(CH3)3_a, gpc_N(CH3)3_b, lactate, myoinositol, naa_acetyl, naa_aspartate, naag_acetyl, naag_aspartyl, naag_glutamate, pcho_N(CH3)3_a, pcho_N(CH3)3_b, pcho_X, pcr_N(CH3), pcr_X, peth, scyllo-inositol, taurine, lm1, lm2, lm3, lm4, lm5, lm6, lm7, lm8, lm9, lm10, lm11, lm12, lm13, lm14
;Simulation Results
;---------------------------------------------------------------------------
choline_1-CH2_2-CH2	55.0	0.165	0.087	0	3.48363567736	0.315160948075	91.370296546
choline_1-CH2_2-CH2	55.0	0.165	0.087	1	3.48340724382	0.0399236647627	28.8772737907
choline_1-CH2_2-CH2	55.0	0.165	0.087	2	3.4838750549	0.0506385383402	193.516593137
choline_1-CH2_2-CH2	55.0	0.165	0.087	3	3.4944583929	0.177421290189	30.4098496643
choline_1-CH2_2-CH2	55.0	0.165	0.087	4	3.49451015708	0.00315085234421	-23.5632652832
choline_1-CH2_2-CH2	55.0	0.165	0.087	5	3.50047525076	0.321864857693	-6.84524137252
choline_1-CH2_2-CH2	55.0	0.165	0.087	6	3.50001051972	0.0170418748967	151.159092383
choline_1-CH2_2-CH2	55.0	0.165	0.087	7	3.50095191714	0.0172671676924	-84.4521773101
choline_1-CH2_2-CH2	55.0	0.165	0.087	8	3.50739277816	0.199917021866	-39.7902319389
choline_1-CH2_2-CH2	55.0	0.165	0.087	9	3.50739398009	0.053982574427	17.0999478987
choline_1-CH2_2-CH2	55.0	0.165	0.087	10	3.51776777132	0.371448389973	248.635729923
choline_1-CH2_2-CH2	55.0	0.165	0.087	11	3.51755593319	0.0162104988965	167.715869592
choline_1-CH2_2-CH2	55.0	0.165	0.087	12	3.59567488242	0.00192095653515	224.706640009
choline_1-CH2_2-CH2	55.0	0.165	0.087	13	4.02840148684	0.178212503354	94.116340702
choline_1-CH2_2-CH2	55.0	0.165	0.087	14	4.03722715045	0.178689019713	94.6931480198
choline_1-CH2_2-CH2	55.0	0.165	0.087	15	4.03877245709	0.0847837931817	31.0974004817
choline_1-CH2_2-CH2	55.0	0.165	0.087	16	4.04568944776	0.160240900529	-8.07338451534
choline_1-CH2_2-CH2	55.0	0.165	0.087	17	4.04585662236	0.0213610335104	116.347090394
choline_1-CH2_2-CH2	55.0	0.165	0.087	18	4.04628113774	0.0351014339303	237.338406416
choline_1-CH2_2-CH2	55.0	0.165	0.087	19	4.04760334765	0.0846840332998	31.2518574017
choline_1-CH2_2-CH2	55.0	0.165	0.087	20	4.05169564776	0.0809093362874	-44.7414231744
choline_1-CH2_2-CH2	55.0	0.165	0.087	21	4.05450715271	0.160145740463	-8.94185951554
choline_1-CH2_2-CH2	55.0	0.165	0.087	22	4.05639419526	0.0248014879392	208.840139999
choline_1-CH2_2-CH2	55.0	0.165	0.087	23	4.05649512241	0.0196636241468	142.824677949
choline_1-CH2_2-CH2	55.0	0.165	0.087	24	4.06052689084	0.0810030134236	-44.8199628162
choline_1-CH2_2-CH2	55.0	0.165	0.087	25	4.06256461743	0.177043455272	250.217793552
choline_1-CH2_2-CH2	55.0	0.165	0.087	26	4.06381701365	0.041627687626	-68.9064007763
choline_1-CH2_2-CH2	55.0	0.165	0.087	27	4.06937377717	0.0272409152249	224.771285384
choline_1-CH2_2-CH2	55.0	0.165	0.087	28	4.07135257042	0.156117177519	253.03717962
choline_1-CH2_2-CH2	55.0	0.165	0.087	29	4.07996127587	0.0365104605812	246.120295023
choline_1-CH2_2-CH2	55.0	0.165	0.087	30	4.08042102971	0.0420660406151	118.372184863
aspartate	55.0	0.117	0.087	0	2.60315461543	0.261325404536	150.678746757
aspartate	55.0	0.117	0.087	1	2.63321004478	0.239226011118	32.4063295973
aspartate	55.0	0.117	0.087	2	2.66178300881	0.167695563506	-73.7287826461
aspartate	55.0	0.117	0.087	3	2.69183843816	0.151888519172	95.5124467487
aspartate	55.0	0.117	0.087	4	2.77093866344	0.151629303424	219.604013036
aspartate	55.0	0.117	0.087	5	2.78379157363	0.160841466602	158.638554103
aspartate	55.0	0.117	0.087	6	2.82956705682	0.252087145695	-5.02757015957
aspartate	55.0	0.117	0.087	7	2.84241996702	0.246913063777	221.399041672
aspartate	55.0	0.117	0.087	8	3.8701699882	0.251018100178	118.529579584
aspartate	55.0	0.117	0.087	9	3.8830228984	0.212491946887	-9.01997697141
aspartate	55.0	0.117	0.087	10	3.90022541756	0.22624569968	-13.2184563293
aspartate	55.0	0.117	0.087	11	3.91307832775	0.256425669504	228.122794069
choline_N(CH3)3_a	55.0	0.165	0.121	0	3.18308188091	1.32696231192	-5.8541589758
choline_N(CH3)3_a	55.0	0.165	0.121	1	3.18499956193	0.117075629904	179.551237538
choline_N(CH3)3_a	55.0	0.165	0.121	2	3.18499956235	0.166454678008	-2.17174378207
choline_N(CH3)3_a	55.0	0.165	0.121	3	3.18499956197	0.0598677522943	138.148353341
choline_N(CH3)3_a	55.0	0.165	0.121	4	3.18499956237	0.0334303216704	251.4008724
choline_N(CH3)3_a	55.0	0.165	0.121	5	3.18499956237	0.0194092466073	-69.8442977599
choline_N(CH3)3_a	55.0	0.165	0.121	6	3.18691782399	0.140080913501	66.2929967942
choline_N(CH3)3_a	55.0	0.165	0.121	7	3.1869177525	0.107961499513	-65.7657148943
choline_N(CH3)3_a	55.0	0.165	0.121	8	3.18691778004	0.0436448660515	209.756144136
choline_N(CH3)3_a	55.0	0.165	0.121	9	3.18691767616	0.0777717331579	-17.3155491698
choline_N(CH3)3_a	55.0	0.165	0.121	10	3.1869179003	0.0406861908466	226.46642898
alanine	55.0	0.078	0.087	0	1.45446822808	1.00939348844	264.413984261
alanine	55.0	0.078	0.087	1	1.47880481706	0.699824711173	232.089117524
alanine	55.0	0.078	0.087	2	3.7382838008	0.0933557927042	183.639521576
alanine	55.0	0.078	0.087	3	3.7625567082	0.253218602886	59.1333630638
alanine	55.0	0.078	0.087	4	3.78688478523	0.261819545015	-70.5126687144
alanine	55.0	0.078	0.087	5	3.81130127456	0.0847545387539	172.089134016
creatine_N(CH3)	55.0	0.296	0.09	0	3.027	2.98427872868	-2.02891406607
creatine_X	55.0	0.296	0.081	0	3.913	1.99066259618	-8.00384608062
choline_N(CH3)3_b	55.0	0.165	0.121	0	3.18308188064	1.65758735771	-5.85416111901
choline_N(CH3)3_b	55.0	0.165	0.121	1	3.18499956206	0.0960966512104	200.206578725
choline_N(CH3)3_b	55.0	0.165	0.121	2	3.1849995622	0.366333164113	-6.51176050735
choline_N(CH3)3_b	55.0	0.165	0.121	3	3.18499956222	0.362159271047	-14.0762876274
choline_N(CH3)3_b	55.0	0.165	0.121	4	3.18499956231	0.286235848795	-5.64854926927
choline_N(CH3)3_b	55.0	0.165	0.121	5	3.18499956188	0.0676221707883	261.546722326
choline_N(CH3)3_b	55.0	0.165	0.121	6	3.18499956236	0.268174128128	-13.084434772
choline_N(CH3)3_b	55.0	0.165	0.121	7	3.18499956229	0.0474763758689	126.856931392
choline_N(CH3)3_b	55.0	0.165	0.121	8	3.18499956251	0.145941681061	-18.9615275395
choline_N(CH3)3_b	55.0	0.165	0.121	9	3.18499956234	0.0474929602296	99.7445538748
choline_N(CH3)3_b	55.0	0.165	0.121	10	3.18499956257	0.00167649397189	47.8232205475
choline_N(CH3)3_b	55.0	0.165	0.121	11	3.18691761254	0.807612273946	-14.0348440926
choline_N(CH3)3_b	55.0	0.165	0.121	12	3.18691777178	0.612791406525	-17.5050589925
choline_N(CH3)3_b	55.0	0.165	0.121	13	3.18691775857	0.0283991737504	174.663747505
choline_N(CH3)3_b	55.0	0.165	0.121	14	3.18691760189	0.0103284150037	251.35421092
choline_N(CH3)3_b	55.0	0.165	0.121	15	3.18691811706	0.146433788608	-5.7097802882
choline_N(CH3)3_b	55.0	0.165	0.121	16	3.18691855712	0.0464427767645	50.0838289004
d-glucose-alpha	55.0	0.049	0.087	0	3.31839173974	0.00410657778095	229.977711548
d-glucose-alpha	55.0	0.049	0.087	1	3.34964592229	0.00356563715421	46.230933168
d-glucose-alpha	55.0	0.049	0.087	2	3.35210659829	0.0148259221011	215.332032109
d-glucose-alpha	55.0	0.049	0.087	3	3.36151707776	0.161911046352	179.8494897
d-glucose-alpha	55.0	0.049	0.087	4	3.36377132394	0.0283658083373	161.93577759
d-glucose-alpha	55.0	0.049	0.087	5	3.38338807932	0.00990469009349	51.8653717726
d-glucose-alpha	55.0	0.049	0.087	6	3.39313671705	0.210974992449	-9.37161399469
d-glucose-alpha	55.0	0.049	0.087	7	3.3946641144	0.0155862773418	-15.6197509994
d-glucose-alpha	55.0	0.049	0.087	8	3.39509603124	0.024426364942	-81.5228317407
d-glucose-alpha	55.0	0.049	0.087	9	3.40384187913	0.0130844651348	-67.1682163755
d-glucose-alpha	55.0	0.049	0.087	10	3.4249767654	0.189447706357	186.602885116
d-glucose-alpha	55.0	0.049	0.087	11	3.42607507267	0.000451925332342	134.016816761
d-glucose-alpha	55.0	0.049	0.087	12	3.43533432033	0.0146176507832	120.110844809
d-glucose-alpha	55.0	0.049	0.087	13	3.4372596597	0.00472188289832	-71.2006696236
d-glucose-alpha	55.0	0.049	0.087	14	3.46876138347	0.00558465776353	115.688384133
d-glucose-alpha	55.0	0.049	0.087	15	3.49493724628	0.121684223225	96.824522598
d-glucose-alpha	55.0	0.049	0.087	16	3.49524994048	0.0278215298113	37.2119294025
d-glucose-alpha	55.0	0.049	0.087	17	3.50772913717	0.184384698404	19.5765580322
d-glucose-alpha	55.0	0.049	0.087	18	3.5079493617	0.0793291104625	-11.8284645101
d-glucose-alpha	55.0	0.049	0.087	19	3.52733035002	0.303589922367	-60.6439547484
d-glucose-alpha	55.0	0.049	0.087	20	3.54000314486	0.296418027686	224.355097097
d-glucose-alpha	55.0	0.049	0.087	21	3.59923526209	0.000434024365154	53.4824745008
d-glucose-alpha	55.0	0.049	0.087	22	3.66849683447	0.249578530701	177.494982505
d-glucose-alpha	55.0	0.049	0.087	23	3.70020404935	0.567090489205	-6.87240982551
d-glucose-alpha	55.0	0.049	0.087	24	3.71005689462	0.0659346872761	47.4998553998
d-glucose-alpha	55.0	0.049	0.087	25	3.71259366155	0.0640596776695	24.5428195244
d-glucose-alpha	55.0	0.049	0.087	26	3.72175265766	0.0420177675837	12.6310664988
d-glucose-alpha	55.0	0.049	0.087	27	3.73204894073	0.0961181441496	223.480986217
d-glucose-alpha	55.0	0.049	0.087	28	3.73240653316	0.245034674222	-10.9093281597
d-glucose-alpha	55.0	0.049	0.087	29	3.73292862471	0.00326170645055	66.1360789443
d-glucose-alpha	55.0	0.049	0.087	30	3.75235937015	0.178917219344	-16.3580545529
d-glucose-alpha	55.0	0.049	0.087	31	3.7624898374	0.0111022558564	-46.876590254
d-glucose-alpha	55.0	0.049	0.087	32	3.77310127949	0.143799880461	-29.709649561
d-glucose-alpha	55.0	0.049	0.087	33	3.77417493088	0.0620533587431	65.5570422314
d-glucose-alpha	55.0	0.049	0.087	34	3.79598758907	0.0136720884323	203.483097766
d-glucose-alpha	55.0	0.049	0.087	35	3.7961164837	0.00658487074075	79.3810514953
d-glucose-alpha	55.0	0.049	0.087	36	3.80033225544	0.0908452004585	72.0058939027
d-glucose-alpha	55.0	0.049	0.087	37	3.80708368904	0.128212559781	-5.06535372343
d-glucose-alpha	55.0	0.049	0.087	38	3.81079546741	0.187935596275	48.605135294
d-glucose-alpha	55.0	0.049	0.087	39	3.81305072002	0.132836561132	-20.0798284902
d-glucose-alpha	55.0	0.049	0.087	40	3.81822405216	0.142391393196	49.4861720016
d-glucose-alpha	55.0	0.049	0.087	41	3.82249200696	0.0265797082261	68.2720159217
d-glucose-alpha	55.0	0.049	0.087	42	3.8281319625	0.202269832069	-70.1190545192
d-glucose-alpha	55.0	0.049	0.087	43	3.83327025379	0.144813391164	-86.9509360168
d-glucose-alpha	55.0	0.049	0.087	44	3.84805272628	0.110663202413	259.793403952
d-glucose-alpha	55.0	0.049	0.087	45	3.84848355199	0.206059499144	-18.6737563074
d-glucose-alpha	55.0	0.049	0.087	46	3.85328001114	0.209562663231	-45.4374163602
d-glucose-alpha	55.0	0.049	0.087	47	3.8531348195	0.0120631268918	206.276475314
d-glucose-alpha	55.0	0.049	0.087	48	3.85326693538	0.00108578231586	46.8225445321
d-glucose-alpha	55.0	0.049	0.087	49	3.89678614539	0.00573371137897	-84.8387171394
glutamate	55.0	0.898	0.088	0	1.96706804127	0.03661984801	-64.1660102166
glutamate	55.0	0.898	0.088	1	1.99094252965	0.0219045438182	125.393277076
glutamate	55.0	0.898	0.088	2	1.9909810453	0.0260420523957	193.084316892
glutamate	55.0	0.898	0.088	3	1.99400006985	0.0370705544437	127.94580764
glutamate	55.0	0.898	0.088	4	2.01485536067	0.0264769760644	-7.28486207686
glutamate	55.0	0.898	0.088	5	2.01680099928	0.0287719104859	221.545202354
glutamate	55.0	0.898	0.088	6	2.01798617213	0.0981351226817	-15.8522945111
glutamate	55.0	0.898	0.088	7	2.04018765675	0.0238806283648	96.3087268413
glutamate	55.0	0.898	0.088	8	2.04068039556	0.017676862314	172.763015858
glutamate	55.0	0.898	0.088	9	2.04202460837	0.0600905299609	224.482165099
glutamate	55.0	0.898	0.088	10	2.04412977497	0.0401168616835	60.8785324386
glutamate	55.0	0.898	0.088	11	2.06405000071	0.0276361116015	-36.9826649531
glutamate	55.0	0.898	0.088	12	2.06745024183	0.0164771916558	261.866081417
glutamate	55.0	0.898	0.088	13	2.06775060931	0.0834279158703	-57.0956156095
glutamate	55.0	0.898	0.088	14	2.08373400035	0.0329729582997	86.6039539259
glutamate	55.0	0.898	0.088	15	2.0916096957	0.0389804357233	194.026911219
glutamate	55.0	0.898	0.088	16	2.09242730633	0.0810594164116	81.1344582036
glutamate	55.0	0.898	0.088	17	2.1086353337	0.0690013680041	-9.72309981518
glutamate	55.0	0.898	0.088	18	2.11718319984	0.030669898561	211.772772626
glutamate	55.0	0.898	0.088	19	2.11766375294	0.0287178456833	-23.8932191263
glutamate	55.0	0.898	0.088	20	2.13353236498	0.046870785887	91.6564719671
glutamate	55.0	0.898	0.088	21	2.1414089918	0.0331473407646	65.9468949294
glutamate	55.0	0.898	0.088	22	2.14323256942	0.0339642744914	62.0455280223
glutamate	55.0	0.898	0.088	23	2.15745696313	0.0312950085999	-50.9171003493
glutamate	55.0	0.898	0.088	24	2.15947305764	0.0348660243915	-57.428359004
glutamate	55.0	0.898	0.088	25	2.16730562707	0.0443422922866	263.140994607
glutamate	55.0	0.898	0.088	26	2.18329414391	0.0462833864732	148.417721649
glutamate	55.0	0.898	0.088	27	2.26792250658	0.00650521181205	200.287326207
glutamate	55.0	0.898	0.088	28	2.29138122363	0.00854496859612	92.5226660436
glutamate	55.0	0.898	0.088	29	2.29186463326	0.00437212715416	18.9941191149
glutamate	55.0	0.898	0.088	30	2.31580873263	0.00214858215374	263.324199033
glutamate	55.0	0.898	0.088	31	2.31581816714	0.00218483857745	-89.6256509272
glutamate	55.0	0.898	0.088	32	2.32094207353	0.452640854874	170.656051199
glutamate	55.0	0.898	0.088	33	2.34489855618	0.40448599632	33.0200775869
glutamate	55.0	0.898	0.088	34	2.34726048921	0.392512587785	19.5490896731
glutamate	55.0	0.898	0.088	35	2.36914153721	0.144542833606	235.586452335
glutamate	55.0	0.898	0.088	36	2.37369014354	0.130960998323	222.59142119
glutamate	55.0	0.898	0.088	37	2.37397579495	0.00905252717166	141.968899792
glutamate	55.0	0.898	0.088	38	2.40002011568	0.00506033573352	42.3052509613
glutamate	55.0	0.898	0.088	39	2.40138143584	0.00736751770714	-28.1464620796
glutamate	55.0	0.898	0.088	40	2.42695389312	0.00219429651512	193.446747656
glutamate	55.0	0.898	0.088	41	3.72337326758	0.247039043237	104.282440796
glutamate	55.0	0.898	0.088	42	3.7395069634	0.238847725411	-13.4900480161
glutamate	55.0	0.898	0.088	43	3.74732199038	0.23699764702	-6.59639057213
glutamate	55.0	0.898	0.088	44	3.76350491604	0.235122195134	240.757215264
gaba	55.0	0.155	0.082	0	1.83609170247	0.0467393207297	-36.4288794904
gaba	55.0	0.155	0.082	1	1.83815637494	0.0376135992205	-83.607852885
gaba	55.0	0.155	0.082	2	1.85696880793	0.0105992126455	194.025517848
gaba	55.0	0.155	0.082	3	1.86132460373	0.223892162426	205.443628608
gaba	55.0	0.155	0.082	4	1.8630071922	0.0426924372089	177.906050329
gaba	55.0	0.155	0.082	5	1.86524704116	0.0451457315334	161.194069021
gaba	55.0	0.155	0.082	6	1.86824473535	0.00827668724178	154.57922689
gaba	55.0	0.155	0.082	7	1.87964134091	0.00247059756844	127.726601685
gaba	55.0	0.155	0.082	8	1.88223665985	0.0225561464144	104.86902365
gaba	55.0	0.155	0.082	9	1.88610395396	0.228816974719	78.354981108
gaba	55.0	0.155	0.082	10	1.88851129468	0.113217926763	64.8536637663
gaba	55.0	0.155	0.082	11	1.89142861938	0.014958437602	40.857673921
gaba	55.0	0.155	0.082	12	1.89334409501	0.0122258614059	38.5124083035
gaba	55.0	0.155	0.082	13	1.90683793964	0.00316809906723	-6.3336431538
gaba	55.0	0.155	0.082	14	1.90982913404	0.0164967929905	-27.3948248706
gaba	55.0	0.155	0.082	15	1.91069788509	0.00957641029198	257.37281349
gaba	55.0	0.155	0.082	16	1.91129471614	0.00893310444607	183.012958811
gaba	55.0	0.155	0.082	17	1.91172964644	0.0615063668337	-51.1647697966
gaba	55.0	0.155	0.082	18	1.91356978528	0.0104711332688	-46.787116578
gaba	55.0	0.155	0.082	19	1.91377228855	0.0035328345559	241.691134402
gaba	55.0	0.155	0.082	20	1.91682328557	0.00545896918967	-37.8274583823
gaba	55.0	0.155	0.082	21	1.93570839362	0.0216966813428	72.9931802379
gaba	55.0	0.155	0.082	22	1.93776531495	0.022845708719	22.8804502854
gaba	55.0	0.155	0.082	23	2.2601727544	0.383552814753	170.091998764
gaba	55.0	0.155	0.082	24	2.27605880089	0.00112877855818	60.8552629258
gaba	55.0	0.155	0.082	25	2.28055978061	0.0102198344933	48.6672501279
gaba	55.0	0.155	0.082	26	2.28472833432	0.694892425987	25.2055756024
gaba	55.0	0.155	0.082	27	2.28742812423	0.0103596808472	11.1873339693
gaba	55.0	0.155	0.082	28	2.30856910718	0.147859642817	260.160985731
gaba	55.0	0.155	0.082	29	2.30857382844	0.031996503364	-69.054982615
gaba	55.0	0.155	0.082	30	2.31018253063	0.198231141854	254.60964403
gaba	55.0	0.155	0.082	31	2.98808791613	0.467118839637	143.690850629
gaba	55.0	0.155	0.082	32	3.00446935579	0.000918792393694	39.1991261855
gaba	55.0	0.155	0.082	33	3.00796811088	0.0757552989953	26.4318331115
gaba	55.0	0.155	0.082	34	3.01092599058	0.173293189654	10.5940556719
gaba	55.0	0.155	0.082	35	3.01392639546	0.499314629101	-3.85394639728
gaba	55.0	0.155	0.082	36	3.01570880836	0.0453982022439	-15.628658911
gaba	55.0	0.155	0.082	37	3.01768333832	0.0549685816462	-27.8224060913
gaba	55.0	0.155	0.082	38	3.01953225136	0.0175472969663	-38.9266230409
gaba	55.0	0.155	0.082	39	3.03848967847	0.458851278745	215.665190042
glutamine	55.0	0.427	0.087	0	2.02959843313	0.00630400696065	267.494423427
glutamine	55.0	0.427	0.087	1	2.05078450944	0.00493367563016	161.508506052
glutamine	55.0	0.427	0.087	2	2.05778930698	0.0102619184805	121.590217081
glutamine	55.0	0.427	0.087	3	2.07824700764	0.113662284124	251.988615449
glutamine	55.0	0.427	0.087	4	2.0789343836	0.00790335289913	-8.83656424062
glutamine	55.0	0.427	0.087	5	2.08348312725	0.00785409655936	-58.7838062864
glutamine	55.0	0.427	0.087	6	2.08467424299	0.0966842407186	224.604046908
glutamine	55.0	0.427	0.087	7	2.0994120015	0.0788449925029	152.444305991
glutamine	55.0	0.427	0.087	8	2.10110091148	0.0289008058862	131.245094226
glutamine	55.0	0.427	0.087	9	2.10307683112	0.0396938747973	125.80762067
glutamine	55.0	0.427	0.087	10	2.10479853377	0.00863299768134	202.88990902
glutamine	55.0	0.427	0.087	11	2.10493473898	0.0967722820906	122.7421588
glutamine	55.0	0.427	0.087	12	2.10705943378	0.0577252469639	118.852616011
glutamine	55.0	0.427	0.087	13	2.10996660691	0.150514335924	94.5269536161
glutamine	55.0	0.427	0.087	14	2.11574074582	0.0234995897393	55.7217302474
glutamine	55.0	0.427	0.087	15	2.12154007131	0.0253104278308	15.6601401074
glutamine	55.0	0.427	0.087	16	2.12427844833	0.0706792859777	-31.3714237567
glutamine	55.0	0.427	0.087	17	2.12762581022	0.0586199152893	-8.12912722454
glutamine	55.0	0.427	0.087	18	2.13047010296	0.105972750892	-27.4092707972
glutamine	55.0	0.427	0.087	19	2.13208219483	0.101563090487	-63.4991861809
glutamine	55.0	0.427	0.087	20	2.1333228175	0.00688839641321	233.42130158
glutamine	55.0	0.427	0.087	21	2.13493755571	0.0599409899768	-74.8194173868
glutamine	55.0	0.427	0.087	22	2.1368241746	0.0263571277548	-72.4952198519
glutamine	55.0	0.427	0.087	23	2.15336547463	0.0780225655554	194.581040382
glutamine	55.0	0.427	0.087	24	2.15356223104	0.00474210043884	121.027398337
glutamine	55.0	0.427	0.087	25	2.15502822922	0.08514586099	171.42835901
glutamine	55.0	0.427	0.087	26	2.15894987717	0.00513550435401	97.7623391042
glutamine	55.0	0.427	0.087	27	2.16411056855	0.00294757888377	42.2178207913
glutamine	55.0	0.427	0.087	28	2.17574695392	0.00601768805232	-72.5815476837
glutamine	55.0	0.427	0.087	29	2.17923162819	0.00399538584959	-24.2799942833
glutamine	55.0	0.427	0.087	30	2.18379113089	0.0103301357388	-79.5334038075
glutamine	55.0	0.427	0.087	31	2.20359517008	0.00670903552635	170.132349541
glutamine	55.0	0.427	0.087	32	2.36519491934	0.0186799697029	194.494220132
glutamine	55.0	0.427	0.087	33	2.38768220141	0.0122436703928	73.356187067
glutamine	55.0	0.427	0.087	34	2.38967204826	0.0134584993572	31.1590916927
glutamine	55.0	0.427	0.087	35	2.39710305104	0.00356907582835	50.1833793224
glutamine	55.0	0.427	0.087	36	2.41529964396	0.0146955167446	250.796205075
glutamine	55.0	0.427	0.087	37	2.41671076775	0.169100141556	177.882638608
glutamine	55.0	0.427	0.087	38	2.41946356911	0.202936430904	164.646143435
glutamine	55.0	0.427	0.087	39	2.43873855524	0.211976093131	44.1422180381
glutamine	55.0	0.427	0.087	40	2.44152749989	0.194141916862	11.9422292491
glutamine	55.0	0.427	0.087	41	2.44795783634	0.384794504809	0.387350988142
glutamine	55.0	0.427	0.087	42	2.46685550144	0.211324039663	240.821495567
glutamine	55.0	0.427	0.087	43	2.47096501815	0.0197048953972	151.609429259
glutamine	55.0	0.427	0.087	44	2.47337114708	0.211665848046	218.615408496
glutamine	55.0	0.427	0.087	45	2.49355006778	0.00667735657185	-9.41151834739
glutamine	55.0	0.427	0.087	46	2.49661275146	0.013772331539	9.62648631762
glutamine	55.0	0.427	0.087	47	2.50239314696	0.00918158238197	-32.2040092494
glutamine	55.0	0.427	0.087	48	2.52493295916	0.0136553437659	202.19671793
glutamine	55.0	0.427	0.087	49	3.73243405873	0.235730866095	108.350018472
glutamine	55.0	0.427	0.087	50	3.75311667518	0.487245619767	-8.88148449125
glutamine	55.0	0.427	0.087	51	3.77384182714	0.246083989537	235.267368326
d-glucose-beta	55.0	0.049	0.087	0	3.13262031182	0.00260704441576	207.840528203
d-glucose-beta	55.0	0.049	0.087	1	3.15930715634	0.0025753887498	60.5438039987
d-glucose-beta	55.0	0.049	0.087	2	3.180043608	0.0016596883716	168.360132974
d-glucose-beta	55.0	0.049	0.087	3	3.1850263922	0.00228375988661	158.067149901
d-glucose-beta	55.0	0.049	0.087	4	3.19561424856	0.00883770020022	136.637855735
d-glucose-beta	55.0	0.049	0.087	5	3.19817436453	0.00734399835191	95.5487610242
d-glucose-beta	55.0	0.049	0.087	6	3.19858675256	0.00936345847544	150.655298171
d-glucose-beta	55.0	0.049	0.087	7	3.2002274566	0.0729470531164	152.25531085
d-glucose-beta	55.0	0.049	0.087	8	3.20129943084	0.0623130843652	89.7685638496
d-glucose-beta	55.0	0.049	0.087	9	3.20366596445	0.00754082979559	56.063367965
d-glucose-beta	55.0	0.049	0.087	10	3.20594428766	0.00569601092283	20.386028374
d-glucose-beta	55.0	0.049	0.087	11	3.21173680528	0.00230905112688	5.05796570255
d-glucose-beta	55.0	0.049	0.087	12	3.22233906687	0.00859604765988	-13.9038194602
d-glucose-beta	55.0	0.049	0.087	13	3.22693765763	0.120513375625	-16.4088029561
d-glucose-beta	55.0	0.049	0.087	14	3.22563167541	0.00336901084536	126.556928522
d-glucose-beta	55.0	0.049	0.087	15	3.2302347542	0.15053982426	-7.94050829103
d-glucose-beta	55.0	0.049	0.087	16	3.22939925219	0.0234372028848	75.0448822841
d-glucose-beta	55.0	0.049	0.087	17	3.2292741698	0.0183138521335	-75.9923830007
d-glucose-beta	55.0	0.049	0.087	18	3.23129843205	0.0016591318277	-68.3537461596
d-glucose-beta	55.0	0.049	0.087	19	3.2323553083	0.0022672482152	232.911066553
d-glucose-beta	55.0	0.049	0.087	20	3.23409291971	0.0144947871655	10.1083083108
d-glucose-beta	55.0	0.049	0.087	21	3.23715619294	0.00586090438088	13.462765681
d-glucose-beta	55.0	0.049	0.087	22	3.24492635208	0.00105919679454	-34.9258429233
d-glucose-beta	55.0	0.049	0.087	23	3.24732303237	0.00212545516807	5.0910617729
d-glucose-beta	55.0	0.049	0.087	24	3.25013935444	0.000775131142533	-48.8411855352
d-glucose-beta	55.0	0.049	0.087	25	3.25238664556	0.00499820631258	-23.0228038061
d-glucose-beta	55.0	0.049	0.087	26	3.25353451008	0.00514569508493	176.138976177
d-glucose-beta	55.0	0.049	0.087	27	3.25533801598	0.00565981770996	-69.9706008399
d-glucose-beta	55.0	0.049	0.087	28	3.25712234485	0.152995042199	192.837780415
d-glucose-beta	55.0	0.049	0.087	29	3.25654709619	0.0140034944624	262.584439576
d-glucose-beta	55.0	0.049	0.087	30	3.26095070249	0.0124136149894	204.856975552
d-glucose-beta	55.0	0.049	0.087	31	3.26403259453	0.00489482674395	211.378150076
d-glucose-beta	55.0	0.049	0.087	32	3.27183568905	0.0010491858549	161.921817485
d-glucose-beta	55.0	0.049	0.087	33	3.27422061941	0.001795853133	207.1144413
d-glucose-beta	55.0	0.049	0.087	34	3.27705057309	0.000784774176661	149.19739306
d-glucose-beta	55.0	0.049	0.087	35	3.27902799907	0.00148117321584	199.58667498
d-glucose-beta	55.0	0.049	0.087	36	3.29165931783	0.00058695462708	247.766478664
d-glucose-beta	55.0	0.049	0.087	37	3.29449292134	0.000856252351325	258.539219204
d-glucose-beta	55.0	0.049	0.087	38	3.2999163286	0.00248727681297	-59.3197720905
d-glucose-beta	55.0	0.049	0.087	39	3.30191391454	0.000573068463171	-37.1949798555
d-glucose-beta	55.0	0.049	0.087	40	3.31850375481	0.000656764482492	98.5480546236
d-glucose-beta	55.0	0.049	0.087	41	3.32136533538	0.000967055720871	104.572068439
d-glucose-beta	55.0	0.049	0.087	42	3.32495049231	0.00285005741324	213.793528693
d-glucose-beta	55.0	0.049	0.087	43	3.3267980011	0.00212646366703	137.254235722
d-glucose-beta	55.0	0.049	0.087	44	3.32875786796	0.000420655980205	171.916834386
d-glucose-beta	55.0	0.049	0.087	45	3.35087187538	0.112173355351	51.0166399909
d-glucose-beta	55.0	0.049	0.087	46	3.351750406	0.0728518666779	-19.2986744656
d-glucose-beta	55.0	0.049	0.087	47	3.3540000499	0.000980332204615	-59.7546586711
d-glucose-beta	55.0	0.049	0.087	48	3.35836455588	0.000990262568916	88.0077293302
d-glucose-beta	55.0	0.049	0.087	49	3.36359559906	0.00095787420455	-15.6426101749
d-glucose-beta	55.0	0.049	0.087	50	3.37382097149	0.0174796352613	25.5672462704
d-glucose-beta	55.0	0.049	0.087	51	3.37892281002	0.0705908198246	23.045364468
d-glucose-beta	55.0	0.049	0.087	52	3.38007748922	0.00939198310412	196.176842228
d-glucose-beta	55.0	0.049	0.087	53	3.38132518065	0.205624184672	-16.9945799104
d-glucose-beta	55.0	0.049	0.087	54	3.38197645809	0.00593107169672	188.474839423
d-glucose-beta	55.0	0.049	0.087	55	3.38755585661	0.0631566878745	-14.8366540785
d-glucose-beta	55.0	0.049	0.087	56	3.39629614686	0.012345602371	-33.2701259283
d-glucose-beta	55.0	0.049	0.087	57	3.4008412795	0.00801949498073	-36.0774445962
d-glucose-beta	55.0	0.049	0.087	58	3.4093884256	0.114249248205	53.3172897647
d-glucose-beta	55.0	0.049	0.087	59	3.41005126751	0.0452034836525	35.5845375997
d-glucose-beta	55.0	0.049	0.087	60	3.41124599704	0.0812334776394	-56.1842510232
d-glucose-beta	55.0	0.049	0.087	61	3.41466964939	0.00427341603238	2.37981835307
d-glucose-beta	55.0	0.049	0.087	62	3.4256372158	0.0258825686883	16.4378011316
d-glucose-beta	55.0	0.049	0.087	63	3.42594179872	0.00928959794649	132.647375298
d-glucose-beta	55.0	0.049	0.087	64	3.42861990513	0.0248336622464	-41.3511383854
d-glucose-beta	55.0	0.049	0.087	65	3.42871016167	0.0385968982356	52.3521400508
d-glucose-beta	55.0	0.049	0.087	66	3.43091925539	0.0482535695004	22.7786801352
d-glucose-beta	55.0	0.049	0.087	67	3.43362374849	0.0275927472024	-38.3657743304
d-glucose-beta	55.0	0.049	0.087	68	3.43364490624	0.0468923300048	33.854050488
d-glucose-beta	55.0	0.049	0.087	69	3.44169015798	0.0115780098249	-7.1812182773
d-glucose-beta	55.0	0.049	0.087	70	3.44384784621	0.0785584716935	7.4677616372
d-glucose-beta	55.0	0.049	0.087	71	3.44423085047	0.0164638830929	155.629464285
d-glucose-beta	55.0	0.049	0.087	72	3.44626055657	0.0967604151355	-29.3577421629
d-glucose-beta	55.0	0.049	0.087	73	3.44604723433	0.0185809638868	52.804029743
d-glucose-beta	55.0	0.049	0.087	74	3.44865238969	0.0278195815846	-42.4569870585
d-glucose-beta	55.0	0.049	0.087	75	3.4490521935	0.0248876700251	71.8691172437
d-glucose-beta	55.0	0.049	0.087	76	3.44969532571	0.00342694356173	170.274683789
d-glucose-beta	55.0	0.049	0.087	77	3.45026575841	0.0973388124644	-57.0901792503
d-glucose-beta	55.0	0.049	0.087	78	3.45242088535	0.0109164527084	-25.7805618241
d-glucose-beta	55.0	0.049	0.087	79	3.45393776566	0.0331185839277	59.0249418306
d-glucose-beta	55.0	0.049	0.087	80	3.45512297458	0.0251346576573	5.32432064455
d-glucose-beta	55.0	0.049	0.087	81	3.45836005013	0.0613482225841	22.9303836357
d-glucose-beta	55.0	0.049	0.087	82	3.46079708285	0.0360879296152	-26.8096485855
d-glucose-beta	55.0	0.049	0.087	83	3.46279102321	0.0218945975064	-17.3480212685
d-glucose-beta	55.0	0.049	0.087	84	3.46981856829	0.0440968987925	18.7236574641
d-glucose-beta	55.0	0.049	0.087	85	3.47217623365	0.00762110753337	260.858931838
d-glucose-beta	55.0	0.049	0.087	86	3.47242687704	0.0323328874694	-53.0545452082
d-glucose-beta	55.0	0.049	0.087	87	3.47310549963	0.0396892249972	12.7026482579
d-glucose-beta	55.0	0.049	0.087	88	3.47550913884	0.179218222031	-53.1824201144
d-glucose-beta	55.0	0.049	0.087	89	3.47616340394	0.0484302852768	59.5632248263
d-glucose-beta	55.0	0.049	0.087	90	3.47786101338	0.127583106778	-57.5177664113
d-glucose-beta	55.0	0.049	0.087	91	3.4796347992	0.124024842242	19.2070694959
d-glucose-beta	55.0	0.049	0.087	92	3.47949573719	0.0227988247691	-81.2391785431
d-glucose-beta	55.0	0.049	0.087	93	3.48051279693	0.00287199018664	233.312848103
d-glucose-beta	55.0	0.049	0.087	94	3.4827304629	0.0314266725506	-15.0710493382
d-glucose-beta	55.0	0.049	0.087	95	3.50577461175	0.0734899017592	-70.9610642622
d-glucose-beta	55.0	0.049	0.087	96	3.50635953721	0.011954175311	267.877297429
d-glucose-beta	55.0	0.049	0.087	97	3.50797117363	0.0746664713487	-77.3329094742
d-glucose-beta	55.0	0.049	0.087	98	3.50797400737	0.0192789768449	264.410022519
d-glucose-beta	55.0	0.049	0.087	99	3.5242873218	0.00266384443255	-24.5138021393
d-glucose-beta	55.0	0.049	0.087	100	3.52913065769	0.00162525069694	-39.1365386747
d-glucose-beta	55.0	0.049	0.087	101	3.54033161992	0.000979798572075	-55.6007550629
d-glucose-beta	55.0	0.049	0.087	102	3.55307842638	0.000482000850911	-48.0678275832
d-glucose-beta	55.0	0.049	0.087	103	3.62418874228	0.00118415504213	203.872397791
d-glucose-beta	55.0	0.049	0.087	104	3.64221478557	0.00191627965674	70.3994942375
d-glucose-beta	55.0	0.049	0.087	105	3.67063543414	0.00396544256038	-9.49222446614
d-glucose-beta	55.0	0.049	0.087	106	3.67290802764	0.0253013806454	82.2362996272
d-glucose-beta	55.0	0.049	0.087	107	3.67564781111	0.167003129853	84.1575172172
d-glucose-beta	55.0	0.049	0.087	108	3.67958586077	0.0295596356714	73.4530869344
d-glucose-beta	55.0	0.049	0.087	109	3.68933948217	0.031369303305	32.7423754802
d-glucose-beta	55.0	0.049	0.087	110	3.69275933881	0.154761308398	26.1810046607
d-glucose-beta	55.0	0.049	0.087	111	3.69458809394	0.012121849863	31.4179721497
d-glucose-beta	55.0	0.049	0.087	112	3.69721043296	0.00931531798825	18.4518532727
d-glucose-beta	55.0	0.049	0.087	113	3.71098671931	0.0030415186947	236.073442739
d-glucose-beta	55.0	0.049	0.087	114	3.71224963817	0.00468153834829	-38.5236264026
d-glucose-beta	55.0	0.049	0.087	115	3.716953539	0.209302578412	-72.6136664836
d-glucose-beta	55.0	0.049	0.087	116	3.71876561558	0.0462332814796	261.423514133
d-glucose-beta	55.0	0.049	0.087	117	3.73371454264	0.190268435192	216.569309161
d-glucose-beta	55.0	0.049	0.087	118	3.73829080256	0.00482057128865	251.85340564
d-glucose-beta	55.0	0.049	0.087	119	3.74151085579	0.00354951162001	221.588473997
d-glucose-beta	55.0	0.049	0.087	120	3.78125249474	0.00285472696689	89.0277772864
d-glucose-beta	55.0	0.049	0.087	121	3.85598398338	0.00264601587781	117.20683946
d-glucose-beta	55.0	0.049	0.087	122	3.85788327189	0.00744377581487	129.903620596
d-glucose-beta	55.0	0.049	0.087	123	3.86109318882	0.206394148789	110.336914095
d-glucose-beta	55.0	0.049	0.087	124	3.86377918002	0.109486645941	100.126612172
d-glucose-beta	55.0	0.049	0.087	125	3.86640135533	0.185144763834	94.3931020125
d-glucose-beta	55.0	0.049	0.087	126	3.86950481068	0.00652380820633	96.7235694105
d-glucose-beta	55.0	0.049	0.087	127	3.87183246389	0.0029335683713	81.4901239233
d-glucose-beta	55.0	0.049	0.087	128	3.90255997519	0.206926536428	-54.6904043543
d-glucose-beta	55.0	0.049	0.087	129	3.90748808427	0.0992253677952	-81.1533462448
d-glucose-beta	55.0	0.049	0.087	130	3.90782550559	0.119477339487	256.095179719
d-glucose-beta	55.0	0.049	0.087	131	4.61672576041	0.479567909825	76.6559066759
d-glucose-beta	55.0	0.049	0.087	132	4.64353264224	0.505480566583	-77.9197776339
glycine	55.0	0.068	0.087	0	3.548	1.99286601584	-8.62997495615
glutathione_glutamate	55.0	0.194	0.087	0	2.06336829863	0.00260012234134	238.199565664
glutathione_glutamate	55.0	0.194	0.087	1	2.08480357034	0.00260520290172	137.115129393
glutathione_glutamate	55.0	0.194	0.087	2	2.08827591874	0.00340431248386	145.376926807
glutathione_glutamate	55.0	0.194	0.087	3	2.10958805876	0.00455981033759	1.21008180416
glutathione_glutamate	55.0	0.194	0.087	4	2.11281857509	0.00219106914233	-35.5191176075
glutathione_glutamate	55.0	0.194	0.087	5	2.11536997153	0.124496209047	235.32844481
glutathione_glutamate	55.0	0.194	0.087	6	2.11861561635	0.119111765244	205.958107921
glutathione_glutamate	55.0	0.194	0.087	7	2.13432941101	0.00313104054237	218.513171997
glutathione_glutamate	55.0	0.194	0.087	8	2.13679450303	0.0824357123223	125.0135538
glutathione_glutamate	55.0	0.194	0.087	9	2.14032683423	0.327023954437	108.991086515
glutathione_glutamate	55.0	0.194	0.087	10	2.14268703687	0.0906246620566	109.250662556
glutathione_glutamate	55.0	0.194	0.087	11	2.16170769768	0.228147743512	-33.5432334756
glutathione_glutamate	55.0	0.194	0.087	12	2.16465916996	0.250678431854	-45.354057912
glutathione_glutamate	55.0	0.194	0.087	13	2.17061728925	0.00307302422987	214.20257737
glutathione_glutamate	55.0	0.194	0.087	14	2.18633389683	0.181845512858	199.368740722
glutathione_glutamate	55.0	0.194	0.087	15	2.19241858058	0.00380985989792	98.9420917734
glutathione_glutamate	55.0	0.194	0.087	16	2.19480388619	0.0022476719841	54.8395602797
glutathione_glutamate	55.0	0.194	0.087	17	2.21425298712	0.00187439967921	-40.6285700916
glutathione_glutamate	55.0	0.194	0.087	18	2.21663192912	0.00642414660338	-73.2266656109
glutathione_glutamate	55.0	0.194	0.087	19	2.23832992615	0.00273857000135	183.574300002
glutathione_glutamate	55.0	0.194	0.087	20	2.44896615225	0.0666043700011	190.019662345
glutathione_glutamate	55.0	0.194	0.087	21	2.47132756551	0.0611847212671	55.782798704
glutathione_glutamate	55.0	0.194	0.087	22	2.47339350092	0.046183544042	54.2616036995
glutathione_glutamate	55.0	0.194	0.087	23	2.49586950282	0.0314971222977	-89.0006363587
glutathione_glutamate	55.0	0.194	0.087	24	2.49588730956	0.0248455599306	268.314926456
glutathione_glutamate	55.0	0.194	0.087	25	2.50243714325	0.125223278053	169.5643313
glutathione_glutamate	55.0	0.194	0.087	26	2.52108948547	0.141518368614	140.668857576
glutathione_glutamate	55.0	0.194	0.087	27	2.5248785782	0.162565929226	19.9716254836
glutathione_glutamate	55.0	0.194	0.087	28	2.52675366065	0.13305133716	2.80153846415
glutathione_glutamate	55.0	0.194	0.087	29	2.5456443613	0.292172407004	10.0489231468
glutathione_glutamate	55.0	0.194	0.087	30	2.54935131086	0.0906914461209	-86.789912563
glutathione_glutamate	55.0	0.194	0.087	31	2.54935938617	0.0963011358069	245.067534911
glutathione_glutamate	55.0	0.194	0.087	32	2.57018611014	0.169052054714	235.653948217
glutathione_glutamate	55.0	0.194	0.087	33	2.57454849015	0.0601228428631	126.387213628
glutathione_glutamate	55.0	0.194	0.087	34	2.59911694543	0.111766503413	-20.622775977
glutathione_glutamate	55.0	0.194	0.087	35	2.62366854643	0.0549071083141	214.4625322
glutathione_glutamate	55.0	0.194	0.087	36	3.74781884326	0.231499493745	112.12639706
glutathione_glutamate	55.0	0.194	0.087	37	3.76913591688	0.485855848686	-8.86290044885
glutathione_glutamate	55.0	0.194	0.087	38	3.7904678207	0.243286281141	232.279105359
glutathione_glycine	55.0	0.194	0.087	0	3.769	1.99066787879	-8.8686121565
glutathione_cysteine	55.0	0.194	0.087	0	2.88158786835	0.13869048785	78.4179416008
glutathione_cysteine	55.0	0.194	0.087	1	2.90438113802	0.135187197755	-29.5321213831
glutathione_cysteine	55.0	0.194	0.087	2	2.92889438817	0.334014050558	59.0378806759
glutathione_cysteine	55.0	0.194	0.087	3	2.95168765785	0.296288002999	-58.3700981504
glutathione_cysteine	55.0	0.194	0.087	4	2.95222786887	0.316476723828	61.4462685622
glutathione_cysteine	55.0	0.194	0.087	5	2.96913681216	0.313482123117	-61.5463890548
glutathione_cysteine	55.0	0.194	0.087	6	2.9995343887	0.14161009451	38.4660932825
glutathione_cysteine	55.0	0.194	0.087	7	3.01644333198	0.132091858778	-85.6517252959
glutathione_cysteine	55.0	0.194	0.087	8	4.54107552999	0.2359414183	119.303667378
glutathione_cysteine	55.0	0.194	0.087	9	4.55798447328	0.252823656414	-10.9717901755
glutathione_cysteine	55.0	0.194	0.087	10	4.56386879967	0.259699446029	0.401252548823
glutathione_cysteine	55.0	0.194	0.087	11	4.58077774296	0.243080460766	244.527317294
gpc_N(CH3)3_b	55.0	0.097	0.121	0	3.21008187989	1.65725263288	-6.37678233194
gpc_N(CH3)3_b	55.0	0.097	0.121	1	3.2119995607	0.298991458349	-5.45301372214
gpc_N(CH3)3_b	55.0	0.097	0.121	2	3.21199956079	0.0727891047113	107.69892899
gpc_N(CH3)3_b	55.0	0.097	0.121	3	3.21199956052	0.14432095987	235.774313111
gpc_N(CH3)3_b	55.0	0.097	0.121	4	3.21199956098	0.0618962875768	-66.962965524
gpc_N(CH3)3_b	55.0	0.097	0.121	5	3.21199956116	0.0542345599368	166.342957392
gpc_N(CH3)3_b	55.0	0.097	0.121	6	3.21199956131	0.0205601043546	30.4860482685
gpc_N(CH3)3_b	55.0	0.097	0.121	7	3.21391769506	0.845170933963	-10.0328439685
gpc_N(CH3)3_b	55.0	0.097	0.121	8	3.21391781918	0.716181681887	-15.8759193312
gpc_N(CH3)3_b	55.0	0.097	0.121	9	3.21391762032	0.0221073274979	175.942085711
gpc_N(CH3)3_b	55.0	0.097	0.121	10	3.21391806917	0.330483374889	-5.89557130091
gpc_N(CH3)3_a	55.0	0.097	0.121	0	3.2100818801	1.32576997361	-6.37678006619
gpc_N(CH3)3_a	55.0	0.097	0.121	1	3.21199956066	0.190761681393	134.672174608
gpc_N(CH3)3_a	55.0	0.097	0.121	2	3.21199956064	0.0391399575874	-47.6791440876
gpc_N(CH3)3_a	55.0	0.097	0.121	3	3.21199956085	0.129131913292	87.0672009584
gpc_N(CH3)3_a	55.0	0.097	0.121	4	3.21199956101	0.183875079712	20.4738650772
gpc_N(CH3)3_a	55.0	0.097	0.121	5	3.21199956096	0.0183667623219	249.269508331
gpc_N(CH3)3_a	55.0	0.097	0.121	6	3.21391754255	0.0409413968814	99.4896862005
gpc_N(CH3)3_a	55.0	0.097	0.121	7	3.2139178517	0.140530072092	147.929928741
gpc_N(CH3)3_a	55.0	0.097	0.121	8	3.21391793842	0.0937161691466	185.41928861
gpc_N(CH3)3_a	55.0	0.097	0.121	9	3.2139174951	0.0287617264321	9.95085232305
gpc_N(CH3)3_a	55.0	0.097	0.121	10	3.21391790012	0.0461048784294	-57.5131915594
gpc_N(CH3)3_a	55.0	0.097	0.121	11	3.2139179003	0.0128907289856	252.328728353
gpc_7-CH2_8-CH2	55.0	0.097	0.087	0	3.64366135061	0.432579403902	86.9631298842
gpc_7-CH2_8-CH2	55.0	0.097	0.087	1	3.6438348234	0.0188934933879	-11.9620219481
gpc_7-CH2_8-CH2	55.0	0.097	0.087	2	3.65425536907	0.207139007303	21.5298270196
gpc_7-CH2_8-CH2	55.0	0.097	0.087	3	3.65425645013	0.0239530043198	156.851861334
gpc_7-CH2_8-CH2	55.0	0.097	0.087	4	3.65867032412	0.388414284453	-0.494109507677
gpc_7-CH2_8-CH2	55.0	0.097	0.087	5	3.65901798398	0.0161109505554	231.049751048
gpc_7-CH2_8-CH2	55.0	0.097	0.087	6	3.6636766159	0.207483231569	-38.7279288473
gpc_7-CH2_8-CH2	55.0	0.097	0.087	7	3.6636770288	0.0105980756086	151.666906982
gpc_7-CH2_8-CH2	55.0	0.097	0.087	8	3.67395474256	0.447586416713	254.300790063
gpc_7-CH2_8-CH2	55.0	0.097	0.087	9	3.67379101706	0.0416663506683	-8.50218413824
gpc_7-CH2_8-CH2	55.0	0.097	0.087	10	3.6740962265	0.00383451704865	184.390515977
gpc_7-CH2_8-CH2	55.0	0.097	0.087	11	3.72172131336	0.00102742407982	95.9792638274
gpc_7-CH2_8-CH2	55.0	0.097	0.087	12	4.25043423145	0.000844861202035	244.950307179
gpc_7-CH2_8-CH2	55.0	0.097	0.087	13	4.27791626113	0.0899673506406	91.3272832995
gpc_7-CH2_8-CH2	55.0	0.097	0.087	14	4.2868906336	0.0899831673694	92.0526008797
gpc_7-CH2_8-CH2	55.0	0.097	0.087	15	4.28818766407	0.0416478687286	25.1810162241
gpc_7-CH2_8-CH2	55.0	0.097	0.087	16	4.29318830157	0.0757677137919	-11.7391752446
gpc_7-CH2_8-CH2	55.0	0.097	0.087	17	4.29587617241	0.0899709075101	92.7462900795
gpc_7-CH2_8-CH2	55.0	0.097	0.087	18	4.29745397528	0.0614049908853	37.3089086145
gpc_7-CH2_8-CH2	55.0	0.097	0.087	19	4.29760893564	0.041212006749	-34.1649144067
gpc_7-CH2_8-CH2	55.0	0.097	0.087	20	4.29835870659	0.00711169716194	155.635641342
gpc_7-CH2_8-CH2	55.0	0.097	0.087	21	4.30215969073	0.0749521434132	-11.9230212747
gpc_7-CH2_8-CH2	55.0	0.097	0.087	22	4.30615438911	0.041527514056	25.8906932136
gpc_7-CH2_8-CH2	55.0	0.097	0.087	23	4.30658673879	0.0412675028719	-34.3168263864
gpc_7-CH2_8-CH2	55.0	0.097	0.087	24	4.30734061785	0.103261234804	98.126113096
gpc_7-CH2_8-CH2	55.0	0.097	0.087	25	4.30819977356	0.0807224665137	262.819916313
gpc_7-CH2_8-CH2	55.0	0.097	0.087	26	4.31114272727	0.0741445145258	-12.0129762727
gpc_7-CH2_8-CH2	55.0	0.097	0.087	27	4.31313171859	0.0185800100591	75.5290849891
gpc_7-CH2_8-CH2	55.0	0.097	0.087	28	4.31387413118	0.0205819062407	177.621583549
gpc_7-CH2_8-CH2	55.0	0.097	0.087	29	4.31557564822	0.0413219621374	-34.4533184767
gpc_7-CH2_8-CH2	55.0	0.097	0.087	30	4.31615800209	0.0898439229833	94.1427412908
gpc_7-CH2_8-CH2	55.0	0.097	0.087	31	4.31717514347	0.0812219834583	262.39314233
gpc_7-CH2_8-CH2	55.0	0.097	0.087	32	4.3174537663	0.0414569694364	26.3191111356
gpc_7-CH2_8-CH2	55.0	0.097	0.087	33	4.31789718603	0.00822295906765	84.8053671319
gpc_7-CH2_8-CH2	55.0	0.097	0.087	34	4.31789720277	0.00770720116693	-82.1913410085
gpc_7-CH2_8-CH2	55.0	0.097	0.087	35	4.32243476936	0.0731694388024	-11.9892505265
gpc_7-CH2_8-CH2	55.0	0.097	0.087	36	4.32616162542	0.0817433796205	261.992554983
gpc_7-CH2_8-CH2	55.0	0.097	0.087	37	4.32644270595	0.0414064283967	26.6427744386
gpc_7-CH2_8-CH2	55.0	0.097	0.087	38	4.32687501785	0.0413847729385	-34.59815933
gpc_7-CH2_8-CH2	55.0	0.097	0.087	39	4.32858042695	0.0255788892745	240.648018383
gpc_7-CH2_8-CH2	55.0	0.097	0.087	40	4.33141924534	0.0724527847331	-11.8582358163
gpc_7-CH2_8-CH2	55.0	0.097	0.087	41	4.33586397748	0.0414306723617	-34.6847670932
gpc_7-CH2_8-CH2	55.0	0.097	0.087	42	4.33745800753	0.0824087576379	261.540316958
gpc_7-CH2_8-CH2	55.0	0.097	0.087	43	4.34644457403	0.0829299956429	261.234974459
gpc_7-CH2_8-CH2	55.0	0.097	0.087	44	4.37657161832	0.00102706279289	125.352492053
gpc_glycerol	55.0	0.097	0.087	0	3.53712165309	0.00170255698544	183.390017549
gpc_glycerol	55.0	0.097	0.087	1	3.54410022421	0.00134493648337	247.767698414
gpc_glycerol	55.0	0.097	0.087	2	3.54917396702	0.00288897516345	109.603870712
gpc_glycerol	55.0	0.097	0.087	3	3.56198879653	0.0426658598169	68.9856841897
gpc_glycerol	55.0	0.097	0.087	4	3.56201713455	0.0291320262704	53.1619349323
gpc_glycerol	55.0	0.097	0.087	5	3.56484255079	0.0234099727351	48.1653534516
gpc_glycerol	55.0	0.097	0.087	6	3.56834926163	0.000836916388256	269.476204879
gpc_glycerol	55.0	0.097	0.087	7	3.5698110646	0.00539033784775	180.395472774
gpc_glycerol	55.0	0.097	0.087	8	3.57049486335	0.0165371690551	40.2799247106
gpc_glycerol	55.0	0.097	0.087	9	3.57293989537	0.0232492421468	-2.6271492418
gpc_glycerol	55.0	0.097	0.087	10	3.57834586665	0.0234477637759	23.0013468102
gpc_glycerol	55.0	0.097	0.087	11	3.58107823257	0.0101888403642	126.776316394
gpc_glycerol	55.0	0.097	0.087	12	3.58122367582	0.0501421841191	-20.6461715633
gpc_glycerol	55.0	0.097	0.087	13	3.58128351126	0.00121066328227	207.645672448
gpc_glycerol	55.0	0.097	0.087	14	3.58297543498	0.00212766138362	186.090391137
gpc_glycerol	55.0	0.097	0.087	15	3.59420207348	0.00547794119746	-66.7167153688
gpc_glycerol	55.0	0.097	0.087	16	3.59458790918	0.00428625032194	269.517908915
gpc_glycerol	55.0	0.097	0.087	17	3.59588060023	0.0123373217261	111.610584869
gpc_glycerol	55.0	0.097	0.087	18	3.59935492928	0.00136940711117	-35.2075502629
gpc_glycerol	55.0	0.097	0.087	19	3.60600984182	0.00221781473579	257.672072374
gpc_glycerol	55.0	0.097	0.087	20	3.61165455017	0.062789135851	33.8094413897
gpc_glycerol	55.0	0.097	0.087	21	3.61168545599	0.0120772564192	190.090268967
gpc_glycerol	55.0	0.097	0.087	22	3.61351022951	0.0104381163929	119.93848884
gpc_glycerol	55.0	0.097	0.087	23	3.617211895	0.0500477765101	-5.64002222192
gpc_glycerol	55.0	0.097	0.087	24	3.61746620722	0.00659204774266	180.751658308
gpc_glycerol	55.0	0.097	0.087	25	3.61942412374	0.00172410002594	125.532681378
gpc_glycerol	55.0	0.097	0.087	26	3.62554056555	0.0476724152822	-13.9156366606
gpc_glycerol	55.0	0.097	0.087	27	3.62580848967	0.0387609683088	-33.7331084344
gpc_glycerol	55.0	0.097	0.087	28	3.62910816806	0.00259580684247	261.083255713
gpc_glycerol	55.0	0.097	0.087	29	3.63046644503	0.0931279237809	-40.0448296273
gpc_glycerol	55.0	0.097	0.087	30	3.63064623122	0.0124657155945	133.494691974
gpc_glycerol	55.0	0.097	0.087	31	3.63098159004	0.00915555552672	187.349929641
gpc_glycerol	55.0	0.097	0.087	32	3.63312277017	0.00371621888736	81.6944160829
gpc_glycerol	55.0	0.097	0.087	33	3.64709569979	0.0111216116519	243.68688549
gpc_glycerol	55.0	0.097	0.087	34	3.64750381968	0.0962419146826	42.7980093095
gpc_glycerol	55.0	0.097	0.087	35	3.64969810182	0.0344421625922	19.167808503
gpc_glycerol	55.0	0.097	0.087	36	3.65336028778	0.0359786025128	15.504562311
gpc_glycerol	55.0	0.097	0.087	37	3.6568299803	0.0258727758551	-36.6481718751
gpc_glycerol	55.0	0.097	0.087	38	3.65713142765	0.0132081747444	76.9422911952
gpc_glycerol	55.0	0.097	0.087	39	3.65964296259	0.0153772425398	-69.5881475524
gpc_glycerol	55.0	0.097	0.087	40	3.65999676312	0.0025791210516	186.124656136
gpc_glycerol	55.0	0.097	0.087	41	3.66080049344	0.0218435873763	-2.4934599981
gpc_glycerol	55.0	0.097	0.087	42	3.66262349048	0.0237419780179	156.5686106
gpc_glycerol	55.0	0.097	0.087	43	3.66274728111	0.0544338252362	-61.0598113195
gpc_glycerol	55.0	0.097	0.087	44	3.6627970794	0.0105157202026	6.52202625788
gpc_glycerol	55.0	0.097	0.087	45	3.66490770063	0.00107433675639	15.2443379235
gpc_glycerol	55.0	0.097	0.087	46	3.67721533164	0.00370540439561	222.757640534
gpc_glycerol	55.0	0.097	0.087	47	3.67977374037	0.0109199866386	86.3928981725
gpc_glycerol	55.0	0.097	0.087	48	3.68128719493	0.00354912912833	260.611221745
gpc_glycerol	55.0	0.097	0.087	49	3.69071041699	0.00236632169236	186.29503049
gpc_glycerol	55.0	0.097	0.087	50	3.69718362038	0.0425756252173	3.39979253721
gpc_glycerol	55.0	0.097	0.087	51	3.69715687801	0.00625930813789	-87.954900931
gpc_glycerol	55.0	0.097	0.087	52	3.69783680378	0.00797279529119	107.033683262
gpc_glycerol	55.0	0.097	0.087	53	3.70064618949	0.0194888945423	-41.9992713284
gpc_glycerol	55.0	0.097	0.087	54	3.70123719352	0.0090149621334	52.6818432662
gpc_glycerol	55.0	0.097	0.087	55	3.70245447363	0.0172352140401	-50.113464246
gpc_glycerol	55.0	0.097	0.087	56	3.70709486346	0.0188939409458	-24.0104220448
gpc_glycerol	55.0	0.097	0.087	57	3.70832917738	0.0150177637028	257.127338872
gpc_glycerol	55.0	0.097	0.087	58	3.70913721753	0.0199538267877	-65.4865934412
gpc_glycerol	55.0	0.097	0.087	59	3.71139423424	0.00656062289942	147.424050876
gpc_glycerol	55.0	0.097	0.087	60	3.71228944867	0.0267349681569	-73.3031061521
gpc_glycerol	55.0	0.097	0.087	61	3.71249505971	0.0240059598843	262.621742534
gpc_glycerol	55.0	0.097	0.087	62	3.71249515818	0.00482587344293	34.4530203268
gpc_glycerol	55.0	0.097	0.087	63	3.73016973176	0.00610028223623	197.164537358
gpc_glycerol	55.0	0.097	0.087	64	3.73175213004	0.00129187201809	99.2102911539
gpc_glycerol	55.0	0.097	0.087	65	3.79209022585	0.00188363011184	127.767880909
gpc_glycerol	55.0	0.097	0.087	66	3.80401456621	0.00349630451024	64.9721671031
gpc_glycerol	55.0	0.097	0.087	67	3.806768506	0.00636559455119	63.3314511198
gpc_glycerol	55.0	0.097	0.087	68	3.81246118215	0.00755730153682	78.1544376586
gpc_glycerol	55.0	0.097	0.087	69	3.8219021502	0.0215692155515	33.4095371182
gpc_glycerol	55.0	0.097	0.087	70	3.8236775389	0.00472711548541	34.2848838003
gpc_glycerol	55.0	0.097	0.087	71	3.82533546253	0.0109518355846	12.8068416625
gpc_glycerol	55.0	0.097	0.087	72	3.826891376	0.0112278377457	15.4241345134
gpc_glycerol	55.0	0.097	0.087	73	3.83735379933	0.123863266071	11.4357129074
gpc_glycerol	55.0	0.097	0.087	74	3.84026356605	0.00548792740835	56.1946612482
gpc_glycerol	55.0	0.097	0.087	75	3.84158553945	0.00321439653452	-59.2011351838
gpc_glycerol	55.0	0.097	0.087	76	3.84208833958	0.0103248687745	20.613434009
gpc_glycerol	55.0	0.097	0.087	77	3.84532177124	0.00317689253751	246.685041026
gpc_glycerol	55.0	0.097	0.087	78	3.85718276851	0.0193086802457	203.025382804
gpc_glycerol	55.0	0.097	0.087	79	3.85727787833	0.0031413044872	30.3709016096
gpc_glycerol	55.0	0.097	0.087	80	3.85752384725	0.0253811839546	135.11877964
gpc_glycerol	55.0	0.097	0.087	81	3.86300749851	0.0219576419057	-30.9714078148
gpc_glycerol	55.0	0.097	0.087	82	3.86362325475	0.0127805197597	180.399359013
gpc_glycerol	55.0	0.097	0.087	83	3.86528117596	0.00279505565489	137.313882021
gpc_glycerol	55.0	0.097	0.087	84	3.86663394259	0.00945129763277	33.8808721857
gpc_glycerol	55.0	0.097	0.087	85	3.87259474796	0.0135250164292	82.940093065
gpc_glycerol	55.0	0.097	0.087	86	3.87433404441	0.0487475735135	15.2098880192
gpc_glycerol	55.0	0.097	0.087	87	3.88014930752	0.0345730954662	-7.61146520736
gpc_glycerol	55.0	0.097	0.087	88	3.88053700844	0.00497438168901	124.188281235
gpc_glycerol	55.0	0.097	0.087	89	3.88267873654	0.00519831963	-12.8576163422
gpc_glycerol	55.0	0.097	0.087	90	3.88504855277	0.0432404245952	66.2547031429
gpc_glycerol	55.0	0.097	0.087	91	3.88542453394	0.0063745644623	137.081122181
gpc_glycerol	55.0	0.097	0.087	92	3.89026531027	0.103476390777	-27.7811548124
gpc_glycerol	55.0	0.097	0.087	93	3.89253276981	0.013105379071	105.201970633
gpc_glycerol	55.0	0.097	0.087	94	3.89384908162	0.083828876449	-6.03598536395
gpc_glycerol	55.0	0.097	0.087	95	3.89504430475	0.0108506448752	169.264766895
gpc_glycerol	55.0	0.097	0.087	96	3.89583662684	0.0505681228796	-16.6585164779
gpc_glycerol	55.0	0.097	0.087	97	3.89821850678	0.0189288293451	223.979484393
gpc_glycerol	55.0	0.097	0.087	98	3.90025441643	0.0174160087975	219.832767524
gpc_glycerol	55.0	0.097	0.087	99	3.90015599439	0.0538713295513	-8.12823177862
gpc_glycerol	55.0	0.097	0.087	100	3.90037086496	0.0642835181188	55.825601813
gpc_glycerol	55.0	0.097	0.087	101	3.90214892106	0.00278394228893	-22.1867214074
gpc_glycerol	55.0	0.097	0.087	102	3.90234373639	0.019934448593	235.927073281
gpc_glycerol	55.0	0.097	0.087	103	3.90240667232	0.0466575416294	40.4066869416
gpc_glycerol	55.0	0.097	0.087	104	3.90410013475	0.0522165060325	-10.6356754382
gpc_glycerol	55.0	0.097	0.087	105	3.90438530917	0.0055795871655	264.296199234
gpc_glycerol	55.0	0.097	0.087	106	3.90665754566	0.0523161886201	-73.9769903306
gpc_glycerol	55.0	0.097	0.087	107	3.90801031229	0.0186664145044	15.3450774384
gpc_glycerol	55.0	0.097	0.087	108	3.90965106595	0.00989254289229	120.205956242
gpc_glycerol	55.0	0.097	0.087	109	3.91221973518	0.0501500300313	-3.59763026088
gpc_glycerol	55.0	0.097	0.087	110	3.91411700182	0.00308524868517	69.0023040806
gpc_glycerol	55.0	0.097	0.087	111	3.91465503985	0.049352092828	0.00156004214978
gpc_glycerol	55.0	0.097	0.087	112	3.91541106785	0.00184470118229	192.330911054
gpc_glycerol	55.0	0.097	0.087	113	3.91632072121	0.0121489716888	248.743628744
gpc_glycerol	55.0	0.097	0.087	114	3.91948518548	0.0611412250126	-82.7870812957
gpc_glycerol	55.0	0.097	0.087	115	3.91948983091	0.0242132077196	52.9966520208
gpc_glycerol	55.0	0.097	0.087	116	3.92062205819	0.0386714674425	-21.6119232699
gpc_glycerol	55.0	0.097	0.087	117	3.92274906279	0.0196743106518	143.126630848
gpc_glycerol	55.0	0.097	0.087	118	3.9241411013	0.0832323077306	-25.3950532849
gpc_glycerol	55.0	0.097	0.087	119	3.92430452189	0.0171220367029	197.095299883
gpc_glycerol	55.0	0.097	0.087	120	3.92702354205	0.00437944073484	241.53127736
gpc_glycerol	55.0	0.097	0.087	121	3.93018278932	0.00189328127651	203.407236228
gpc_glycerol	55.0	0.097	0.087	122	3.93176132306	0.0209555781288	256.968766107
gpc_glycerol	55.0	0.097	0.087	123	3.93395724985	0.0055476203722	30.6204732391
gpc_glycerol	55.0	0.097	0.087	124	3.94366086651	0.00834872618889	210.485708856
gpc_glycerol	55.0	0.097	0.087	125	3.94432926832	0.00132895464625	94.0745019728
gpc_glycerol	55.0	0.097	0.087	126	3.94594586238	0.00633146334889	-35.4684379552
gpc_glycerol	55.0	0.097	0.087	127	3.94772747455	0.0111310752626	-24.4059597953
gpc_glycerol	55.0	0.097	0.087	128	3.94941314874	0.0134681343472	112.523221835
gpc_glycerol	55.0	0.097	0.087	129	3.95034989145	0.0125665842387	3.62749820308
gpc_glycerol	55.0	0.097	0.087	130	3.95350400826	0.00599328360981	63.5928927601
gpc_glycerol	55.0	0.097	0.087	131	3.95753847857	0.00323877265371	-29.6412297654
gpc_glycerol	55.0	0.097	0.087	132	3.96072477612	0.117245971676	-26.4781916794
gpc_glycerol	55.0	0.097	0.087	133	3.96555307488	0.0071255996294	-57.9866338477
gpc_glycerol	55.0	0.097	0.087	134	3.97116385843	0.0263846628618	-34.6961184805
gpc_glycerol	55.0	0.097	0.087	135	3.97218450993	0.00215261840496	115.784575014
gpc_glycerol	55.0	0.097	0.087	136	3.9734376796	0.0213104074364	-51.778148983
gpc_glycerol	55.0	0.097	0.087	137	3.98089816727	0.0161427997007	53.6437485085
gpc_glycerol	55.0	0.097	0.087	138	3.98093748923	0.0101681427667	257.349870244
gpc_glycerol	55.0	0.097	0.087	139	3.98099776834	0.0174174965574	129.786308319
gpc_glycerol	55.0	0.097	0.087	140	3.98313880554	0.00651616018354	106.477823873
gpc_glycerol	55.0	0.097	0.087	141	3.98536453393	0.00325344381312	66.4608937955
gpc_glycerol	55.0	0.097	0.087	142	3.98842450408	0.00486743993054	261.658596439
gpc_glycerol	55.0	0.097	0.087	143	3.99085659676	0.0101427458545	63.8453835678
gpc_glycerol	55.0	0.097	0.087	144	3.99829034924	0.00286798755781	256.23245026
gpc_glycerol	55.0	0.097	0.087	145	4.00146745403	0.0022358088111	241.816146018
gpc_glycerol	55.0	0.097	0.087	146	4.00269944645	0.00420929385943	109.179362399
gpc_glycerol	55.0	0.097	0.087	147	4.0065617582	0.00545320979216	138.97157212
gpc_glycerol	55.0	0.097	0.087	148	4.00824283197	0.00341037715849	140.917060147
gpc_glycerol	55.0	0.097	0.087	149	4.0148140493	0.00134171976684	189.849750647
naa_acetyl	55.0	1.0	0.13	0	2.008	1.80556948422	38.3331269166
naa_aspartate	55.0	1.0	0.069	0	2.42994719591	0.13992652574	169.516442758
naa_aspartate	55.0	1.0	0.069	1	2.46264918611	0.212125160335	34.4890708566
naa_aspartate	55.0	1.0	0.069	2	2.48240728355	0.295598868189	-46.8085100513
naa_aspartate	55.0	1.0	0.069	3	2.51510952304	0.274418725488	136.989312579
naa_aspartate	55.0	1.0	0.069	4	2.63340732002	0.310645892121	211.915385365
naa_aspartate	55.0	1.0	0.069	5	2.6467383664	0.247870297069	128.283455235
naa_aspartate	55.0	1.0	0.069	6	2.68586756811	0.147360248848	-18.2275659583
naa_aspartate	55.0	1.0	0.069	7	2.69919864789	0.208646220775	224.50658951
naa_aspartate	55.0	1.0	0.069	8	4.33805226897	0.128292793231	171.797847444
naa_aspartate	55.0	1.0	0.069	9	4.3513830937	0.123497755791	95.037908832
naa_aspartate	55.0	1.0	0.069	10	4.35958461114	0.146393298091	65.7635724989
naa_aspartate	55.0	1.0	0.069	11	4.3707545707	0.108332653777	30.1044183221
naa_aspartate	55.0	1.0	0.069	12	4.37291590033	0.102603902503	-18.5231103058
naa_aspartate	55.0	1.0	0.069	13	4.38408539298	0.113810487682	-88.2275394836
naa_aspartate	55.0	1.0	0.069	14	4.39228650928	0.0802842602417	-80.1686808949
naa_aspartate	55.0	1.0	0.069	15	4.40561779602	0.128623897564	165.463061865
myoinositol	55.0	0.578	0.087	0	3.14666717957	0.000853762898777	262.561431162
myoinositol	55.0	0.578	0.087	1	3.14830362726	0.000846110390938	-74.1471579961
myoinositol	55.0	0.578	0.087	2	3.15677942837	0.0017217761665	252.714642306
myoinositol	55.0	0.578	0.087	3	3.18939356493	0.00103071659147	49.72758912
myoinositol	55.0	0.578	0.087	4	3.23606388528	0.125975004391	167.198288668
myoinositol	55.0	0.578	0.087	5	3.23678767758	0.0167953427647	124.824886082
myoinositol	55.0	0.578	0.087	6	3.2376589664	0.0177118284796	203.124006456
myoinositol	55.0	0.578	0.087	7	3.2650037816	0.0127535426764	112.121580222
myoinositol	55.0	0.578	0.087	8	3.26721714369	0.039988464521	213.264174239
myoinositol	55.0	0.578	0.087	9	3.26751936521	0.117078792576	-7.55353330684
myoinositol	55.0	0.578	0.087	10	3.26751850298	0.00343068956902	152.101406986
myoinositol	55.0	0.578	0.087	11	3.26796420515	0.0371404711065	89.8653096177
myoinositol	55.0	0.578	0.087	12	3.26989425704	0.0224998087857	254.782782956
myoinositol	55.0	0.578	0.087	13	3.29738763967	0.0242706596531	-77.8004509733
myoinositol	55.0	0.578	0.087	14	3.29840885769	0.0974227593511	250.921047707
myoinositol	55.0	0.578	0.087	15	3.29944041424	0.0658314252244	167.727856175
myoinositol	55.0	0.578	0.087	16	3.34544819022	0.00179529457067	-80.9161201581
myoinositol	55.0	0.578	0.087	17	3.34727025946	0.00224955432979	-76.4666622286
myoinositol	55.0	0.578	0.087	18	3.34749128132	0.00217120881367	208.095156953
myoinositol	55.0	0.578	0.087	19	3.3557231376	0.00412347193643	257.292868849
myoinositol	55.0	0.578	0.087	20	3.35657976553	0.00168876146594	174.892532974
myoinositol	55.0	0.578	0.087	21	3.37726861249	0.00284925620921	186.549924612
myoinositol	55.0	0.578	0.087	22	3.37840594997	0.00465410936863	101.299820933
myoinositol	55.0	0.578	0.087	23	3.38674477439	0.00255317931663	169.428589881
myoinositol	55.0	0.578	0.087	24	3.38692235571	0.0013770158902	76.558035151
myoinositol	55.0	0.578	0.087	25	3.38843798204	0.0014343760278	67.6295922225
myoinositol	55.0	0.578	0.087	26	3.49658821798	0.244218801674	66.098573564
myoinositol	55.0	0.578	0.087	27	3.49754726682	0.14146485473	-48.9839858854
myoinositol	55.0	0.578	0.087	28	3.50609097819	0.246807018897	27.90423526
myoinositol	55.0	0.578	0.087	29	3.50724590226	0.194232119652	-61.2777474816
myoinositol	55.0	0.578	0.087	30	3.53090321845	0.447418689056	-48.4637153
myoinositol	55.0	0.578	0.087	31	3.53972828101	0.112451471957	191.764933786
myoinositol	55.0	0.578	0.087	32	3.54049382688	0.0640240949733	-89.0425620013
myoinositol	55.0	0.578	0.087	33	3.54084240466	0.26031970887	264.108265403
myoinositol	55.0	0.578	0.087	34	3.585557594	0.0635403222291	100.959850597
myoinositol	55.0	0.578	0.087	35	3.58619125176	0.07811448404	240.468322666
myoinositol	55.0	0.578	0.087	36	3.58635248409	0.0102486160663	154.626622889
myoinositol	55.0	0.578	0.087	37	3.61677634471	0.639663241106	-41.1020725454
myoinositol	55.0	0.578	0.087	38	3.61949279348	0.526187186556	31.9278407483
myoinositol	55.0	0.578	0.087	39	3.65053127027	0.196254152508	-52.9750867586
myoinositol	55.0	0.578	0.087	40	3.65052610857	0.204519117263	-62.567137752
myoinositol	55.0	0.578	0.087	41	3.65042591115	0.043924721905	266.370037614
myoinositol	55.0	0.578	0.087	42	4.04427808862	0.239968177488	30.7912564057
myoinositol	55.0	0.578	0.087	43	4.05389026229	0.467561349352	-6.59197766671
myoinositol	55.0	0.578	0.087	44	4.06350648434	0.225158352062	-43.921757423
lactate	55.0	0.039	0.087	0	1.30248322184	0.369439157432	93.5886588376
lactate	55.0	0.039	0.087	1	1.32580355857	0.297382292833	-1.72891969953
lactate	55.0	0.039	0.087	2	4.06255628652	0.1200136689	189.54511618
lactate	55.0	0.039	0.087	3	4.08588198882	0.365511320462	56.2021662677
lactate	55.0	0.039	0.087	4	4.10921119535	0.37718089198	-70.5900589809
lactate	55.0	0.039	0.087	5	4.13253700483	0.120990072982	161.460568358
naag_glutamate	55.0	0.16	0.087	0	1.871	0.643010059799	69.3419405427
naag_glutamate	55.0	0.16	0.087	1	2.039	0.63216361531	34.5461972094
naag_glutamate	55.0	0.16	0.087	2	2.17	0.732937425001	33.4542766178
naag_glutamate	55.0	0.16	0.087	3	2.18	0.737997379577	33.5011032346
naag_glutamate	55.0	0.16	0.087	4	4.118	0.994620624399	-6.13304862003
naag_aspartyl	55.0	0.16	0.087	0	2.46274169543	0.124118539118	194.925443088
naag_aspartyl	55.0	0.16	0.087	1	2.49450147826	0.192650759193	49.7468250531
naag_aspartyl	55.0	0.16	0.087	2	2.51627255614	0.354804548408	-45.0097827513
naag_aspartyl	55.0	0.16	0.087	3	2.54803233898	0.279043184322	126.145244161
naag_aspartyl	55.0	0.16	0.087	4	2.68014621287	0.334445596376	214.217952824
naag_aspartyl	55.0	0.16	0.087	5	2.69524501619	0.284093054216	124.73289923
naag_aspartyl	55.0	0.16	0.087	6	2.73367707359	0.121207933586	-39.694080029
naag_aspartyl	55.0	0.16	0.087	7	2.7487758769	0.191241782426	202.21143415
naag_aspartyl	55.0	0.16	0.087	8	4.57372264483	0.246407101057	136.075638129
naag_aspartyl	55.0	0.16	0.087	9	4.58882144815	0.2273035457	38.430265584
naag_aspartyl	55.0	0.16	0.087	10	4.60548242767	0.236462595329	-41.0993155968
naag_aspartyl	55.0	0.16	0.087	11	4.62058123099	0.242048000664	222.581504323
naag_acetyl	55.0	0.16	0.13	0	2.032	1.87515334423	35.1945932525
pcho_N(CH3)3_a	55.0	0.058	0.121	0	3.2060818805	1.32542172118	-6.30270358537
pcho_N(CH3)3_a	55.0	0.058	0.121	1	3.20799956078	0.0988024380288	145.437230266
pcho_N(CH3)3_a	55.0	0.058	0.121	2	3.20799956121	0.147343991211	13.6513290607
pcho_N(CH3)3_a	55.0	0.058	0.121	3	3.20799956102	0.108728491661	89.9783244755
pcho_N(CH3)3_a	55.0	0.058	0.121	4	3.207999561	0.0345533707154	-82.616894668
pcho_N(CH3)3_a	55.0	0.058	0.121	5	3.20799956117	0.00505185358608	252.84876373
pcho_N(CH3)3_a	55.0	0.058	0.121	6	3.20991743065	0.0647883863297	72.3001746386
pcho_N(CH3)3_a	55.0	0.058	0.121	7	3.20991779737	0.139861427271	159.140208494
pcho_N(CH3)3_a	55.0	0.058	0.121	8	3.20991791084	0.0936413934341	185.734221939
pcho_N(CH3)3_a	55.0	0.058	0.121	9	3.20991776769	0.0909194069589	-49.9809262218
pcr_N(CH3)	55.0	0.422	0.09	0	3.029	2.98460252709	-2.08580731835
pcho_N(CH3)3_b	55.0	0.058	0.121	0	3.20608188019	1.65673159789	-6.30270570266
pcho_N(CH3)3_b	55.0	0.058	0.121	1	3.20799956095	0.306716185756	-11.8199403686
pcho_N(CH3)3_b	55.0	0.058	0.121	2	3.20799956073	0.125960872829	233.498474891
pcho_N(CH3)3_b	55.0	0.058	0.121	3	3.20799956106	0.234669407546	-3.1590618018
pcho_N(CH3)3_b	55.0	0.058	0.121	4	3.20799956114	0.0754432347127	-69.7666385757
pcho_N(CH3)3_b	55.0	0.058	0.121	5	3.20799956111	0.0725577214809	94.506501324
pcho_N(CH3)3_b	55.0	0.058	0.121	6	3.2079995611	0.0531181588521	120.742184444
pcho_N(CH3)3_b	55.0	0.058	0.121	7	3.20799956137	0.044610263193	180.693083762
pcho_N(CH3)3_b	55.0	0.058	0.121	8	3.20991769036	0.855603523393	-9.92107006829
pcho_N(CH3)3_b	55.0	0.058	0.121	9	3.20991777898	0.772014488148	-14.6686113396
pcho_N(CH3)3_b	55.0	0.058	0.121	10	3.20991805566	0.0131370976235	169.015563761
pcho_N(CH3)3_b	55.0	0.058	0.121	11	3.20991758806	0.0381247716933	191.001777897
pcho_N(CH3)3_b	55.0	0.058	0.121	12	3.20991787333	0.656671185584	-13.1122506753
pcr_X	55.0	0.422	0.081	0	3.93	1.99050401972	-7.85674749249
pcho_X	55.0	0.058	0.087	0	3.54205005565	0.000727677433643	135.608855477
pcho_X	55.0	0.058	0.087	1	3.62469789328	0.425535415676	91.9420028161
pcho_X	55.0	0.058	0.087	2	3.62486445768	0.001651592793	-43.4114060646
pcho_X	55.0	0.058	0.087	3	3.63118608608	0.0912894411444	52.777148521
pcho_X	55.0	0.058	0.087	4	3.63354006571	0.116824376859	38.926608674
pcho_X	55.0	0.058	0.087	5	3.63354360984	0.0133258643278	125.183070977
pcho_X	55.0	0.058	0.087	6	3.64068118244	0.372621648835	-0.649742686938
pcho_X	55.0	0.058	0.087	7	3.64130451888	0.212657461232	-8.59973246475
pcho_X	55.0	0.058	0.087	8	3.64134281994	0.0161256626576	262.611967597
pcho_X	55.0	0.058	0.087	9	3.64823685542	0.117843868935	-53.9658439213
pcho_X	55.0	0.058	0.087	10	3.64823331038	0.00423182318257	30.2138704261
pcho_X	55.0	0.058	0.087	11	3.65059085827	0.0904293114058	-70.1591288473
pcho_X	55.0	0.058	0.087	12	3.65059520074	0.00261840173291	8.26607669488
pcho_X	55.0	0.058	0.087	13	3.65678522392	0.449528282377	249.669852778
pcho_X	55.0	0.058	0.087	14	3.65664517235	0.0318258244621	41.343409001
pcho_X	55.0	0.058	0.087	15	3.65690731178	0.012292754408	129.2406495
pcho_X	55.0	0.058	0.087	16	3.7391474082	0.00104596840817	205.964421408
pcho_X	55.0	0.058	0.087	17	4.18372970344	0.00118221638235	-6.11709414055
pcho_X	55.0	0.058	0.087	18	4.24499030271	0.0903306116657	95.3663506274
pcho_X	55.0	0.058	0.087	19	4.25117623034	0.0182001936868	55.6338168774
pcho_X	55.0	0.058	0.087	20	4.25353002872	0.0237913846942	39.8418027678
pcho_X	55.0	0.058	0.087	21	4.25415144011	0.0903724567754	96.1701727617
pcho_X	55.0	0.058	0.087	22	4.26034183364	0.0181715719998	56.2651900791
pcho_X	55.0	0.058	0.087	23	4.26042599344	0.0418051936802	-4.74756724045
pcho_X	55.0	0.058	0.087	24	4.26193398259	0.0343960327739	-20.7638531428
pcho_X	55.0	0.058	0.087	25	4.26269565333	0.0237050023968	40.2862570734
pcho_X	55.0	0.058	0.087	26	4.26332423973	0.0903771537222	96.9564765838
pcho_X	55.0	0.058	0.087	27	4.26601903256	0.0316052845179	66.0931916357
pcho_X	55.0	0.058	0.087	28	4.26942084966	0.0825328441347	-30.9652551101
pcho_X	55.0	0.058	0.087	29	4.26951916315	0.0181426231186	56.9033655832
pcho_X	55.0	0.058	0.087	30	4.27108796745	0.0336624028441	-21.1294982626
pcho_X	55.0	0.058	0.087	31	4.27196064855	0.030058204393	43.1390415587
pcho_X	55.0	0.058	0.087	32	4.27522315584	0.0942925653387	95.9394223769
pcho_X	55.0	0.058	0.087	33	4.27706787512	0.0796122648016	258.052840228
pcho_X	55.0	0.058	0.087	34	4.2785921174	0.0824498606483	-31.4805017842
pcho_X	55.0	0.058	0.087	35	4.28025460517	0.0329549480621	-21.3081129899
pcho_X	55.0	0.058	0.087	36	4.28148891311	0.037488120808	83.3775853818
pcho_X	55.0	0.058	0.087	37	4.28302246773	0.0166084757893	185.828257675
pcho_X	55.0	0.058	0.087	38	4.28380142513	0.0235160011069	41.3521351565
pcho_X	55.0	0.058	0.087	39	4.28442201296	0.0902757084738	98.6403723016
pcho_X	55.0	0.058	0.087	40	4.2862305538	0.0801480445542	257.56405712
pcho_X	55.0	0.058	0.087	41	4.28656905173	0.0232838031205	-52.2129690449
pcho_X	55.0	0.058	0.087	42	4.28892291781	0.0178002834901	-65.5454045052
pcho_X	55.0	0.058	0.087	43	4.28933355904	0.00549310484448	260.749214743
pcho_X	55.0	0.058	0.087	44	4.29062489313	0.0180749034417	58.3359204688
pcho_X	55.0	0.058	0.087	45	4.29134430974	0.0732605886193	-12.7779297399
pcho_X	55.0	0.058	0.087	46	4.29168741111	0.00700533006337	113.834649953
pcho_X	55.0	0.058	0.087	47	4.29297881002	0.0234316686749	41.8268787617
pcho_X	55.0	0.058	0.087	48	4.29540477946	0.0807315113293	257.078932118
pcho_X	55.0	0.058	0.087	49	4.29833707579	0.0601832079069	-66.5270084031
pcho_X	55.0	0.058	0.087	50	4.30051347806	0.0723881784756	-12.796253695
pcho_X	55.0	0.058	0.087	51	4.30116497419	0.0494153669912	-37.274833293
pcho_X	55.0	0.058	0.087	52	4.30733056558	0.081544079603	256.47239178
pcho_X	55.0	0.058	0.087	53	4.30767344445	0.0233459496346	-52.8950147561
pcho_X	55.0	0.058	0.087	54	4.31002736134	0.017974968509	-66.3593543406
pcho_X	55.0	0.058	0.087	55	4.31650488005	0.0821817977811	256.043420364
scyllo-inositol	55.0	0.044	0.087	0	3.34	5.97471484799	-8.05431442659
taurine	55.0	0.117	0.085	0	3.2209127337	0.224375455681	62.7671623662
taurine	55.0	0.117	0.085	1	3.22397870406	0.180804099887	19.7313039485
taurine	55.0	0.117	0.085	2	3.24241160821	0.222846486494	15.5045538516
taurine	55.0	0.117	0.085	3	3.24384740938	0.291651904229	-38.9970647573
taurine	55.0	0.117	0.085	4	3.24589876012	0.45490384744	-6.9947571692
taurine	55.0	0.117	0.085	5	3.24772584198	0.0220896619515	-14.1946600719
taurine	55.0	0.117	0.085	6	3.26532934784	0.266218593091	233.772937461
taurine	55.0	0.117	0.085	7	3.26768692835	0.245791318272	256.150579129
taurine	55.0	0.117	0.085	8	3.39881286344	0.246691116116	88.9171298858
taurine	55.0	0.117	0.085	9	3.40117086037	0.267300089241	111.112923441
taurine	55.0	0.117	0.085	10	3.41877394265	0.0221194624814	-1.24331293318
taurine	55.0	0.117	0.085	11	3.42060125636	0.455572644268	-8.48146763792
taurine	55.0	0.117	0.085	12	3.42265274478	0.291565418899	23.6119306906
taurine	55.0	0.117	0.085	13	3.42408818358	0.223129243577	-30.9575623719
taurine	55.0	0.117	0.085	14	3.44252147965	0.180727172536	-35.6293910619
taurine	55.0	0.117	0.085	15	3.4455870826	0.224043427509	-78.3788511863
peth	55.0	0.126	0.087	0	3.19889805355	0.443757508242	97.110713415
peth	55.0	0.126	0.087	1	3.19873012631	0.0188919882126	-60.2428609803
peth	55.0	0.126	0.087	2	3.19907176336	0.0152970380106	222.370986087
peth	55.0	0.126	0.087	3	3.20942308987	0.213227392704	35.3477244179
peth	55.0	0.126	0.087	4	3.2091589816	0.0111343393775	215.845198145
peth	55.0	0.126	0.087	5	3.2096625645	0.0190652860192	-71.2296504044
peth	55.0	0.126	0.087	6	3.21568771391	0.384028703354	1.00444337503
peth	55.0	0.126	0.087	7	3.21518723131	0.00715574035499	89.2449172884
peth	55.0	0.126	0.087	8	3.22221953199	0.00733742569538	21.2065003764
peth	55.0	0.126	0.087	9	3.2224759355	0.209187213971	-48.7261206599
peth	55.0	0.126	0.087	10	3.23268134989	0.414785067303	244.558036253
peth	55.0	0.126	0.087	11	3.2325290494	0.014904887093	113.604149979
peth	55.0	0.126	0.087	12	3.23281524204	0.0041412528569	-53.1643784607
peth	55.0	0.126	0.087	13	3.94595398517	0.0829436661487	102.584424962
peth	55.0	0.126	0.087	14	3.94772309352	0.0829401630741	102.488917681
peth	55.0	0.126	0.087	15	3.94949280139	0.0829327921388	102.387526392
peth	55.0	0.126	0.087	16	3.95616968888	0.0399720800534	34.7144409521
peth	55.0	0.126	0.087	17	3.95793947171	0.03998487343	34.7047234073
peth	55.0	0.126	0.087	18	3.95971016481	0.0399959048241	34.6936357581
peth	55.0	0.126	0.087	19	3.96345601521	0.112617317402	-14.3963241362
peth	55.0	0.126	0.087	20	3.96611292096	0.104395320138	-15.2667141443
peth	55.0	0.126	0.087	21	3.96921199001	0.0428155902465	-49.728158861
peth	55.0	0.126	0.087	22	3.97000103599	0.00816906748683	105.065169267
peth	55.0	0.126	0.087	23	3.97029284144	0.0211336851328	37.2557853092
peth	55.0	0.126	0.087	24	3.97098123083	0.0428003902387	-49.6774223177
peth	55.0	0.126	0.087	25	3.9719042798	0.0830720176609	100.570324732
peth	55.0	0.126	0.087	26	3.97275039529	0.0427811631002	-49.6255048008
peth	55.0	0.126	0.087	27	3.97367388746	0.0830991062076	100.383664563
peth	55.0	0.126	0.087	28	3.97979343436	0.0953111808704	248.77648151
peth	55.0	0.126	0.087	29	3.98008497677	0.00633430681462	-73.011147305
peth	55.0	0.126	0.087	30	3.98150826593	0.0893392817695	248.610160778
peth	55.0	0.126	0.087	31	3.9821230973	0.0402611371958	34.3747603258
peth	55.0	0.126	0.087	32	3.9832777028	0.089332368912	248.677770254
peth	55.0	0.126	0.087	33	3.98389299586	0.0402919865415	34.3330934895
peth	55.0	0.126	0.087	34	3.98674994644	0.00967857980786	262.788230184
peth	55.0	0.126	0.087	35	3.98852004432	0.107096023016	2.03180420493
peth	55.0	0.126	0.087	36	3.99069472068	0.0738155985306	-12.0556777919
peth	55.0	0.126	0.087	37	3.99455314383	0.0661469479873	-57.9119597063
peth	55.0	0.126	0.087	38	3.99693533384	0.0425162837109	-48.7288356536
peth	55.0	0.126	0.087	39	4.00389999841	0.0484834221039	124.720199737
peth	55.0	0.126	0.087	40	4.0056859213	0.0889270196404	249.676622408
peth	55.0	0.126	0.087	41	4.00745540922	0.0888539122132	249.76683235
peth	55.0	0.126	0.087	42	4.0861004598	0.00169196960698	-86.8046513925
lm1	55.0	1.0	0.945781	L	50.72009	3.550126	-1.138201
lm2	55.0	1.0	1.475781	L	54.12614	2.855701	0.05457026
lm3	55.0	1.0	1.705781	L	68.32043	3.90728	-0.06015777
lm4	55.0	1.0	2.115781	L	96.4358	4.719139	-0.09620739
lm5	55.0	1.0	2.315781	L	69.70896	2.784562	-0.5775946
lm6	55.0	1.0	3.015781	L	42.72932	1.01768	-0.6582785
lm7	55.0	1.0	3.9854041	L	29.64625	1.209407	0.2889715
lm8	55.0	1.0	7.125781	L	274.476	4.046641	0.3027004
lm9	55.0	1.0	7.855781	L	37.37627	1.313574	0.02022181
lm10	55.0	1.0	2.655781	L	121.4557	2.349968	-0.5826102
lm11	55.0	1.0	1.235781	L	30.68139	0.7444791	-1.138201
lm12	55.0	1.0	-0.62824	L	1789.202	21.51878	-3.652967
lm13	55.0	1.0	3.295781	L	109.4958	1.665539	0.1635756
lm14	55.0	1.0	3.705781	L	169.6304	4.873533	-1.354319
