;PINTS for FITMAN Simulation Output
;Experiment Information
;---------------------------------------------------------------------------
;Name: semi-LASER
;Created: 2017_10_30
;Comment: Density-matrix simulations of metabolites using PyGAMMA and metabolite parameters from V. Govindaraju et. al, NMR Biomed. 2000;13:129-153
;PI: bartha-olemew
;b0: 297.2
;49 Metabolites: alanine, aspartate, choline_1-CH2_2-CH2, choline_N(CH3)3_a, choline_N(CH3)3_b, creatine_N(CH3), creatine_X, d-glucose-alpha, d-glucose-beta, gaba, glutamate, glutamine, glutathione_cysteine, glutathione_glutamate, glutathione_glycine, glycine, gpc_7-CH2_8-CH2, gpc_glycerol, gpc_N(CH3)3_a, gpc_N(CH3)3_b, lactate, myoinositol, naa_acetyl, naa_aspartate, naag_acetyl, naag_aspartyl, naag_glutamate, pcho_N(CH3)3_a, pcho_N(CH3)3_b, pcho_X, pcr_N(CH3), pcr_X, peth, scyllo-inositol, taurine, lm1, lm2, lm3, lm4, lm5, lm6, lm7, lm8, lm9, lm10, lm11, lm12, lm13, lm14
;Simulation Results
;---------------------------------------------------------------------------
alanine	155.0	0.078	0.087	0	1.45446952957	0.747668912758	-37.3272250703
alanine	155.0	0.078	0.087	1	1.47880399843	0.898469785895	160.110394341
alanine	155.0	0.078	0.087	2	3.7382838008	0.100944956245	256.525750161
alanine	155.0	0.078	0.087	3	3.76255003879	0.250597806606	203.02633653
alanine	155.0	0.078	0.087	4	3.78689045997	0.253585250552	148.831602537
alanine	155.0	0.078	0.087	5	3.81130127456	0.0607655913244	96.0218129915
choline_1-CH2_2-CH2	155.0	0.165	0.087	0	3.40528755443	0.00111434550937	259.646565916
choline_1-CH2_2-CH2	155.0	0.165	0.087	1	3.48363077596	0.304735126461	-83.9422922888
choline_1-CH2_2-CH2	155.0	0.165	0.087	2	3.48340724382	0.0179566692392	210.902403157
choline_1-CH2_2-CH2	155.0	0.165	0.087	3	3.4838750549	0.0298587469993	147.98365122
choline_1-CH2_2-CH2	155.0	0.165	0.087	4	3.49446402537	0.167348716865	99.4187073041
choline_1-CH2_2-CH2	155.0	0.165	0.087	5	3.49441809057	0.0160202234687	-52.7932162178
choline_1-CH2_2-CH2	155.0	0.165	0.087	6	3.50039444156	0.431895974306	3.05165004186
choline_1-CH2_2-CH2	155.0	0.165	0.087	7	3.50738536548	0.170189343597	244.226803675
choline_1-CH2_2-CH2	155.0	0.165	0.087	8	3.50741038662	0.0272004181089	-12.1956168148
choline_1-CH2_2-CH2	155.0	0.165	0.087	9	3.51771345275	0.294128335999	65.2906317955
choline_1-CH2_2-CH2	155.0	0.165	0.087	10	3.51770940694	0.0291449939897	158.399437814
choline_1-CH2_2-CH2	155.0	0.165	0.087	11	3.59567488242	0.00143767191152	-15.8134387895
choline_1-CH2_2-CH2	155.0	0.165	0.087	12	3.96815265095	0.00143070976058	264.848446972
choline_1-CH2_2-CH2	155.0	0.165	0.087	13	4.0284376789	0.151168836504	-81.5138254438
choline_1-CH2_2-CH2	155.0	0.165	0.087	14	4.037280569	0.142896715829	-80.877430559
choline_1-CH2_2-CH2	155.0	0.165	0.087	15	4.03877245162	0.0848172515774	100.187014243
choline_1-CH2_2-CH2	155.0	0.165	0.087	16	4.04575252519	0.21505071042	-5.89279558574
choline_1-CH2_2-CH2	155.0	0.165	0.087	17	4.04628113774	0.0318759838626	179.059594858
choline_1-CH2_2-CH2	155.0	0.165	0.087	18	4.04760334127	0.0849933194548	99.7757263273
choline_1-CH2_2-CH2	155.0	0.165	0.087	19	4.05169565396	0.0807898728213	246.088738957
choline_1-CH2_2-CH2	155.0	0.165	0.087	20	4.05459099651	0.182925812192	-13.1016901975
choline_1-CH2_2-CH2	155.0	0.165	0.087	21	4.05639419526	0.00701873158895	130.630310081
choline_1-CH2_2-CH2	155.0	0.165	0.087	22	4.05649512241	0.0285113438443	48.4908022267
choline_1-CH2_2-CH2	155.0	0.165	0.087	23	4.0605268946	0.080640276055	246.447565313
choline_1-CH2_2-CH2	155.0	0.165	0.087	24	4.06281424888	0.231642730311	73.6849414208
choline_1-CH2_2-CH2	155.0	0.165	0.087	25	4.06931808487	0.00723412771185	36.2511259607
choline_1-CH2_2-CH2	155.0	0.165	0.087	26	4.06941901201	0.00874658797406	202.031918715
choline_1-CH2_2-CH2	155.0	0.165	0.087	27	4.07135349491	0.154143095624	70.2543091152
choline_1-CH2_2-CH2	155.0	0.165	0.087	28	4.07996127587	0.0196388654062	141.062246671
choline_1-CH2_2-CH2	155.0	0.165	0.087	29	4.08042102971	0.00482333938915	191.985924504
choline_1-CH2_2-CH2	155.0	0.165	0.087	30	4.15854877634	0.00262690970944	-84.6371435533
aspartate	155.0	0.117	0.087	0	2.60315461543	0.213483042221	4.86654216546
aspartate	155.0	0.117	0.087	1	2.63321004478	0.183990830478	242.73330426
aspartate	155.0	0.117	0.087	2	2.66178300881	0.206128402437	78.2601227714
aspartate	155.0	0.117	0.087	3	2.69183843816	0.314915895796	-8.04488697906
aspartate	155.0	0.117	0.087	4	2.77093866344	0.24535561238	-65.0497941318
aspartate	155.0	0.117	0.087	5	2.78379157363	0.273057778575	30.649233055
aspartate	155.0	0.117	0.087	6	2.82956705682	0.205536053096	7.14308936579
aspartate	155.0	0.117	0.087	7	2.84241996702	0.204647520239	144.804937114
aspartate	155.0	0.117	0.087	8	3.8701699882	0.297544091533	-13.2312965097
aspartate	155.0	0.117	0.087	9	3.8830228984	0.212932930748	99.2829209535
aspartate	155.0	0.117	0.087	10	3.90022541756	0.19366941501	232.16571741
aspartate	155.0	0.117	0.087	11	3.91307832775	0.254976303271	-0.11839847796
choline_N(CH3)3_a	155.0	0.165	0.121	0	3.18308188091	1.32324384079	-6.19324439521
choline_N(CH3)3_a	155.0	0.165	0.121	1	3.18499956202	0.0630445098528	-53.8152798569
choline_N(CH3)3_a	155.0	0.165	0.121	2	3.18499956212	0.0717453646339	-29.5668529565
choline_N(CH3)3_a	155.0	0.165	0.121	3	3.18499956223	0.157319557913	207.380965659
choline_N(CH3)3_a	155.0	0.165	0.121	4	3.18499956257	0.0501025984173	48.5315132954
choline_N(CH3)3_a	155.0	0.165	0.121	5	3.18499956222	0.132392352911	180.578974487
choline_N(CH3)3_a	155.0	0.165	0.121	6	3.18499956237	0.0976627617637	248.257446359
choline_N(CH3)3_a	155.0	0.165	0.121	7	3.18499956237	0.00330401070788	119.370417006
choline_N(CH3)3_a	155.0	0.165	0.121	8	3.18691765472	0.150309974719	60.4468980472
choline_N(CH3)3_a	155.0	0.165	0.121	9	3.18691770909	0.0946822112162	-69.7556016119
choline_N(CH3)3_a	155.0	0.165	0.121	10	3.18691775892	0.0350763525339	232.236479947
choline_N(CH3)3_a	155.0	0.165	0.121	11	3.1869179003	0.0102328866385	138.187961633
creatine_N(CH3)	155.0	0.296	0.09	0	3.027	2.99333912734	-1.73886455925
choline_N(CH3)3_b	155.0	0.165	0.121	0	3.18308188064	1.6529418273	-6.19324315484
choline_N(CH3)3_b	155.0	0.165	0.121	1	3.18499956213	0.245030568582	204.658810646
choline_N(CH3)3_b	155.0	0.165	0.121	2	3.18499956216	0.330796127413	-10.9996513142
choline_N(CH3)3_b	155.0	0.165	0.121	3	3.1849995622	0.221684924732	202.348828496
choline_N(CH3)3_b	155.0	0.165	0.121	4	3.18499956209	0.0264417284618	54.4198201233
choline_N(CH3)3_b	155.0	0.165	0.121	5	3.18499956254	0.149499525139	232.55361239
choline_N(CH3)3_b	155.0	0.165	0.121	6	3.1849995625	0.0184141873524	142.477196872
choline_N(CH3)3_b	155.0	0.165	0.121	7	3.18499956257	0.00229050765886	-85.1427520731
choline_N(CH3)3_b	155.0	0.165	0.121	8	3.18691769754	0.671123080101	-1.30169685705
choline_N(CH3)3_b	155.0	0.165	0.121	9	3.18691733726	0.0954567728419	151.894503141
choline_N(CH3)3_b	155.0	0.165	0.121	10	3.18691790023	0.397756632038	-10.0730404003
choline_N(CH3)3_b	155.0	0.165	0.121	11	3.18691777201	0.00857294334299	206.879091132
choline_N(CH3)3_b	155.0	0.165	0.121	12	3.18691811656	0.147479085504	-20.5960763051
choline_N(CH3)3_b	155.0	0.165	0.121	13	3.18691811919	0.00199200536008	-84.7050115262
creatine_X	155.0	0.296	0.081	0	3.913	1.98914823729	-7.67973422296
d-glucose-alpha	155.0	0.049	0.087	0	3.3183875447	0.00278845049879	226.688526508
d-glucose-alpha	155.0	0.049	0.087	1	3.3496278908	0.00594012375604	147.193191817
d-glucose-alpha	155.0	0.049	0.087	2	3.35215142695	0.00729806939998	232.97221243
d-glucose-alpha	155.0	0.049	0.087	3	3.36143156824	0.125986246345	144.327088915
d-glucose-alpha	155.0	0.049	0.087	4	3.36375648164	0.0331839466911	91.231397371
d-glucose-alpha	155.0	0.049	0.087	5	3.38334042933	0.0133823472644	70.3560623533
d-glucose-alpha	155.0	0.049	0.087	6	3.3926206678	0.198390143047	8.12042837544
d-glucose-alpha	155.0	0.049	0.087	7	3.39326367598	0.0108521448693	205.902538016
d-glucose-alpha	155.0	0.049	0.087	8	3.3934933258	0.00490761271563	262.724377711
d-glucose-alpha	155.0	0.049	0.087	9	3.39464000613	0.131078754474	-25.1685209666
d-glucose-alpha	155.0	0.049	0.087	10	3.40387118994	0.00837354273584	235.660978108
d-glucose-alpha	155.0	0.049	0.087	11	3.42360449136	0.0548081294942	202.343538876
d-glucose-alpha	155.0	0.049	0.087	12	3.4256845155	0.0888721728721	213.664579206
d-glucose-alpha	155.0	0.049	0.087	13	3.42481873477	0.0267489179504	-82.3073628533
d-glucose-alpha	155.0	0.049	0.087	14	3.42568768797	0.12434063417	204.284880907
d-glucose-alpha	155.0	0.049	0.087	15	3.43527996069	0.0127168567381	128.996536224
d-glucose-alpha	155.0	0.049	0.087	16	3.43726828108	0.00518664036102	218.436556403
d-glucose-alpha	155.0	0.049	0.087	17	3.46876813425	0.0066033900385	78.2298530291
d-glucose-alpha	155.0	0.049	0.087	18	3.49510557519	0.167800084881	-4.14369459774
d-glucose-alpha	155.0	0.049	0.087	19	3.50779768373	0.160071201917	131.960039628
d-glucose-alpha	155.0	0.049	0.087	20	3.50777598534	0.178748512153	128.901822996
d-glucose-alpha	155.0	0.049	0.087	21	3.52728682033	0.26642661715	191.116436761
d-glucose-alpha	155.0	0.049	0.087	22	3.53996800534	0.324849853915	-0.176107950572
d-glucose-alpha	155.0	0.049	0.087	23	3.58665673365	0.000444603279065	94.0829206777
d-glucose-alpha	155.0	0.049	0.087	24	3.66849275254	0.358384860718	130.612092821
d-glucose-alpha	155.0	0.049	0.087	25	3.70020606452	0.403659388869	-3.59519990163
d-glucose-alpha	155.0	0.049	0.087	26	3.70074470613	0.0341810929137	-40.4417296505
d-glucose-alpha	155.0	0.049	0.087	27	3.71005748334	0.0422842030532	41.8521187244
d-glucose-alpha	155.0	0.049	0.087	28	3.71259331638	0.036144638456	-34.1834031309
d-glucose-alpha	155.0	0.049	0.087	29	3.72175389836	0.0273502684901	193.122127304
d-glucose-alpha	155.0	0.049	0.087	30	3.7321531371	0.276118867954	206.169915924
d-glucose-alpha	155.0	0.049	0.087	31	3.7329399024	0.00684702814853	-46.402272919
d-glucose-alpha	155.0	0.049	0.087	32	3.75211943972	0.108519273031	58.6475465385
d-glucose-alpha	155.0	0.049	0.087	33	3.75317832897	0.128731940767	185.480793229
d-glucose-alpha	155.0	0.049	0.087	34	3.76248360297	0.0764989930941	-61.1613420828
d-glucose-alpha	155.0	0.049	0.087	35	3.77359183555	0.232275510102	226.209531189
d-glucose-alpha	155.0	0.049	0.087	36	3.79606225361	0.166523230112	64.4125003583
d-glucose-alpha	155.0	0.049	0.087	37	3.8003316929	0.115233517939	-4.99142502209
d-glucose-alpha	155.0	0.049	0.087	38	3.8065232636	0.0335665865924	53.1840392166
d-glucose-alpha	155.0	0.049	0.087	39	3.80790490127	0.113964935718	-42.6170696569
d-glucose-alpha	155.0	0.049	0.087	40	3.81079400575	0.224290261933	-74.6633828692
d-glucose-alpha	155.0	0.049	0.087	41	3.81304745125	0.233379355015	-63.0883948663
d-glucose-alpha	155.0	0.049	0.087	42	3.81822216018	0.184024668875	-72.488998747
d-glucose-alpha	155.0	0.049	0.087	43	3.82248776246	0.0278959221346	81.6166431174
d-glucose-alpha	155.0	0.049	0.087	44	3.82813717231	0.118732996558	-65.3262040011
d-glucose-alpha	155.0	0.049	0.087	45	3.83326900809	0.111855967681	198.724844616
d-glucose-alpha	155.0	0.049	0.087	46	3.84806432407	0.123069010233	-80.9430726611
d-glucose-alpha	155.0	0.049	0.087	47	3.84848446066	0.175037064329	89.7506291141
d-glucose-alpha	155.0	0.049	0.087	48	3.85302055273	0.124613483061	-36.2992512672
d-glucose-alpha	155.0	0.049	0.087	49	3.85362967455	0.0531142418182	236.894566401
d-glucose-alpha	155.0	0.049	0.087	50	3.89685239889	0.00197037766204	141.075927722
glutamate	155.0	0.898	0.088	0	1.96706804127	0.0175592196052	2.30990403611
glutamate	155.0	0.898	0.088	1	1.99094252965	0.0294592210865	-46.362293112
glutamate	155.0	0.898	0.088	2	1.9909810453	0.0301278291463	39.1782054452
glutamate	155.0	0.898	0.088	3	1.99400006985	0.0192190052139	-39.5337573853
glutamate	155.0	0.898	0.088	4	2.01485536067	0.0144982253767	-27.464220912
glutamate	155.0	0.898	0.088	5	2.01709779496	0.0795674668992	235.802347828
glutamate	155.0	0.898	0.088	6	2.01806205099	0.0102194578087	8.39924144059
glutamate	155.0	0.898	0.088	7	2.04018765675	0.0214131956169	143.304623912
glutamate	155.0	0.898	0.088	8	2.04134545023	0.0660443027006	227.430150357
glutamate	155.0	0.898	0.088	9	2.04412977497	0.0350383419925	186.765209336
glutamate	155.0	0.898	0.088	10	2.05141503169	0.00178007669071	239.426178044
glutamate	155.0	0.898	0.088	11	2.06405000071	0.0586609634383	129.901927321
glutamate	155.0	0.898	0.088	12	2.06745024183	0.0432053797003	-68.0315657535
glutamate	155.0	0.898	0.088	13	2.06789094119	0.108180355286	129.604949442
glutamate	155.0	0.898	0.088	14	2.08373400035	0.045724249962	-14.4989748576
glutamate	155.0	0.898	0.088	15	2.0916096957	0.0506300025644	46.2919294104
glutamate	155.0	0.898	0.088	16	2.09271155024	0.110294763726	205.762843691
glutamate	155.0	0.898	0.088	17	2.09705104587	0.0021823144419	179.307998693
glutamate	155.0	0.898	0.088	18	2.1088028776	0.144523261131	-35.2442129757
glutamate	155.0	0.898	0.088	19	2.11718319984	0.0149596646963	120.945763421
glutamate	155.0	0.898	0.088	20	2.11766375294	0.057490403434	196.088244379
glutamate	155.0	0.898	0.088	21	2.13364489872	0.0841655662633	215.603190162
glutamate	155.0	0.898	0.088	22	2.1414089918	0.0287617543941	100.642920006
glutamate	155.0	0.898	0.088	23	2.14323256942	0.031531649081	100.894630244
glutamate	155.0	0.898	0.088	24	2.15745696313	0.0212337029576	134.909257371
glutamate	155.0	0.898	0.088	25	2.15947305764	0.016592319446	146.966752437
glutamate	155.0	0.898	0.088	26	2.16730562707	0.0370594811597	44.7996794203
glutamate	155.0	0.898	0.088	27	2.18329414391	0.0319771401493	105.086097852
glutamate	155.0	0.898	0.088	28	2.26791655591	0.0220387177169	256.304699973
glutamate	155.0	0.898	0.088	29	2.29150790668	0.0311267084849	195.155972892
glutamate	155.0	0.898	0.088	30	2.3158132043	0.0185390043788	125.112446568
glutamate	155.0	0.898	0.088	31	2.32074978211	0.121043104712	39.7624313159
glutamate	155.0	0.898	0.088	32	2.3211545715	0.135125998813	134.256458505
glutamate	155.0	0.898	0.088	33	2.34485280695	0.254782815422	74.539722455
glutamate	155.0	0.898	0.088	34	2.3473935901	0.227503869813	-13.742779968
glutamate	155.0	0.898	0.088	35	2.36914201017	0.0891837097645	8.02554177944
glutamate	155.0	0.898	0.088	36	2.37361112136	0.0629955352099	-67.8520052609
glutamate	155.0	0.898	0.088	37	2.37383179272	0.0876254048419	265.281884929
glutamate	155.0	0.898	0.088	38	2.40096245946	0.0350573104643	220.462719632
glutamate	155.0	0.898	0.088	39	2.42702058217	0.0198094943414	156.834503801
glutamate	155.0	0.898	0.088	40	3.72336962349	0.216780717237	-42.3508382555
glutamate	155.0	0.898	0.088	41	3.73950678935	0.212005793561	40.9133799
glutamate	155.0	0.898	0.088	42	3.74730800978	0.196102857877	-56.4740444761
glutamate	155.0	0.898	0.088	43	3.76350714565	0.211202546368	24.2530381127
gaba	155.0	0.155	0.082	0	1.83609170247	0.0293156659633	156.833801248
gaba	155.0	0.155	0.082	1	1.83815637494	0.0320388291605	113.800705845
gaba	155.0	0.155	0.082	2	1.85696880793	0.0053273916339	198.318287804
gaba	155.0	0.155	0.082	3	1.86060714347	0.155532836858	110.152518337
gaba	155.0	0.155	0.082	4	1.86262648511	0.077897748623	94.099086542
gaba	155.0	0.155	0.082	5	1.86535144711	0.0119463690915	44.5287452753
gaba	155.0	0.155	0.082	6	1.86824473535	0.00995478053314	25.8162340663
gaba	155.0	0.155	0.082	7	1.87964134091	0.00307657144882	138.116198559
gaba	155.0	0.155	0.082	8	1.88217254358	0.0248703591393	120.806714668
gaba	155.0	0.155	0.082	9	1.8862385512	0.0949132023599	98.6068012683
gaba	155.0	0.155	0.082	10	1.88662382767	0.228269717494	63.7999513492
gaba	155.0	0.155	0.082	11	1.8867310125	0.0135896567621	-16.0079747729
gaba	155.0	0.155	0.082	12	1.88865244268	0.12313168317	50.9494712721
gaba	155.0	0.155	0.082	13	1.89156544549	0.00869620483068	13.9884626766
gaba	155.0	0.155	0.082	14	1.89335261366	0.00795363003229	3.08878279582
gaba	155.0	0.155	0.082	15	1.90683793964	0.00819802700191	-70.4142104791
gaba	155.0	0.155	0.082	16	1.90982448552	0.0298186673614	1.87530501396
gaba	155.0	0.155	0.082	17	1.91093667404	0.0355067367137	264.212345513
gaba	155.0	0.155	0.082	18	1.91182619999	0.080602965699	-30.471123853
gaba	155.0	0.155	0.082	19	1.91356978528	0.0294538283517	-40.3296255697
gaba	155.0	0.155	0.082	20	1.91377228855	0.0273442596195	249.969220027
gaba	155.0	0.155	0.082	21	1.91673973267	0.00197597987593	-84.4233127719
gaba	155.0	0.155	0.082	22	1.91682328557	0.0139910996892	252.229750956
gaba	155.0	0.155	0.082	23	1.93570839362	0.0356616296851	-82.4929113411
gaba	155.0	0.155	0.082	24	1.93776531495	0.0573996199144	-77.2846565338
gaba	155.0	0.155	0.082	25	2.26017730417	0.320603205579	95.2623625516
gaba	155.0	0.155	0.082	26	2.27605880089	0.00111242074104	129.389650217
gaba	155.0	0.155	0.082	27	2.28054366898	0.0105776429599	84.1121033298
gaba	155.0	0.155	0.082	28	2.28467409201	0.683092579696	27.6170383786
gaba	155.0	0.155	0.082	29	2.28746569032	0.0106533265553	-27.0010681548
gaba	155.0	0.155	0.082	30	2.29214535111	0.00195794172268	120.853789449
gaba	155.0	0.155	0.082	31	2.30857023176	0.128859854934	-17.2806795295
gaba	155.0	0.155	0.082	32	2.31018787287	0.148186491889	-27.3426609542
gaba	155.0	0.155	0.082	33	2.98807723649	0.436561913339	48.0753536455
gaba	155.0	0.155	0.082	34	3.00446935579	0.000819168726532	111.402417225
gaba	155.0	0.155	0.082	35	3.00786342909	0.0714196090719	77.1451380832
gaba	155.0	0.155	0.082	36	3.0109162313	0.171376452378	31.903700924
gaba	155.0	0.155	0.082	37	3.01390436693	0.498623859227	-10.9284172506
gaba	155.0	0.155	0.082	38	3.01565481733	0.0458008642913	-38.0302986797
gaba	155.0	0.155	0.082	39	3.01712449328	0.00190610802073	267.446391522
gaba	155.0	0.155	0.082	40	3.01773117514	0.0490490099672	-74.7116347802
gaba	155.0	0.155	0.082	41	3.01945431194	0.0155426848139	-88.2384501871
gaba	155.0	0.155	0.082	42	3.01987344756	0.00311909671425	248.882530027
gaba	155.0	0.155	0.082	43	3.03851095736	0.427908610245	-60.2693229645
glutamine	155.0	0.427	0.087	0	2.02959843313	0.0133159252432	61.3559591213
glutamine	155.0	0.427	0.087	1	2.04903832083	0.00605612850629	54.529379834
glutamine	155.0	0.427	0.087	2	2.05078450944	0.00724729935738	54.8164013133
glutamine	155.0	0.427	0.087	3	2.05779607716	0.0227408890398	-45.5450941654
glutamine	155.0	0.427	0.087	4	2.06949146946	0.00270060296267	79.9184959855
glutamine	155.0	0.427	0.087	5	2.07824700764	0.0433472191818	87.4455512231
glutamine	155.0	0.427	0.087	6	2.07892212767	0.0283156900831	-38.0290651322
glutamine	155.0	0.427	0.087	7	2.08348312725	0.0234594579154	265.911229412
glutamine	155.0	0.427	0.087	8	2.08467424299	0.0249148228431	154.209554842
glutamine	155.0	0.427	0.087	9	2.0994120015	0.0205307489024	-49.7272502398
glutamine	155.0	0.427	0.087	10	2.10110091148	0.0191044081202	-66.475578362
glutamine	155.0	0.427	0.087	11	2.10307683112	0.0125456973738	-22.2009505907
glutamine	155.0	0.427	0.087	12	2.10479853377	0.0223980945442	-58.1813660554
glutamine	155.0	0.427	0.087	13	2.10493473898	0.0340961321482	102.803131325
glutamine	155.0	0.427	0.087	14	2.10705943378	0.0243977934953	146.656372969
glutamine	155.0	0.427	0.087	15	2.10978222351	0.0302572399849	205.345631902
glutamine	155.0	0.427	0.087	16	2.11007205827	0.0164210916224	69.7262373234
glutamine	155.0	0.427	0.087	17	2.11574074582	0.0125590149254	-11.7750430683
glutamine	155.0	0.427	0.087	18	2.12154007131	0.0208130130185	76.8058345639
glutamine	155.0	0.427	0.087	19	2.12427844833	0.0322650053756	62.1417283101
glutamine	155.0	0.427	0.087	20	2.12762581022	0.0352796553926	214.282140214
glutamine	155.0	0.427	0.087	21	2.13015833943	0.0335710125582	72.7631986497
glutamine	155.0	0.427	0.087	22	2.13073843569	0.0358179140853	252.625855269
glutamine	155.0	0.427	0.087	23	2.13208219483	0.0526419760106	-75.6013038923
glutamine	155.0	0.427	0.087	24	2.1333228175	0.00466705427333	119.815714411
glutamine	155.0	0.427	0.087	25	2.13493755571	0.0349002030842	15.4608862251
glutamine	155.0	0.427	0.087	26	2.1368241746	0.0211042550902	67.7737135058
glutamine	155.0	0.427	0.087	27	2.15336547463	0.0426992868222	260.45655651
glutamine	155.0	0.427	0.087	28	2.15382614587	0.0174770504827	142.789210314
glutamine	155.0	0.427	0.087	29	2.15542925651	0.0137102459458	76.3291635689
glutamine	155.0	0.427	0.087	30	2.15894987717	0.0180305154993	90.4145672184
glutamine	155.0	0.427	0.087	31	2.16411056855	0.0076899322928	16.8973235923
glutamine	155.0	0.427	0.087	32	2.17574695392	0.00592978626454	124.585833741
glutamine	155.0	0.427	0.087	33	2.17923162819	0.00993776990654	120.622927402
glutamine	155.0	0.427	0.087	34	2.18394232391	0.0226628123744	1.24097274931
glutamine	155.0	0.427	0.087	35	2.20359517008	0.019679010359	32.7322671868
glutamine	155.0	0.427	0.087	36	2.21327822221	0.00162183309636	60.2637235548
glutamine	155.0	0.427	0.087	37	2.33941149415	0.00213111249313	-9.21424051656
glutamine	155.0	0.427	0.087	38	2.36520620733	0.0390073496222	251.614197206
glutamine	155.0	0.427	0.087	39	2.38766033168	0.0247098274812	249.341540561
glutamine	155.0	0.427	0.087	40	2.38967682291	0.0300567313151	158.17127401
glutamine	155.0	0.427	0.087	41	2.39654880085	0.0113284749224	120.351403243
glutamine	155.0	0.427	0.087	42	2.41530166502	0.0237732800689	122.437007185
glutamine	155.0	0.427	0.087	43	2.41669141011	0.12871384773	207.366866235
glutamine	155.0	0.427	0.087	44	2.41946447886	0.150838916404	-26.8738440601
glutamine	155.0	0.427	0.087	45	2.43842930474	0.0364588804034	-12.266710688
glutamine	155.0	0.427	0.087	46	2.43885562332	0.093741524506	163.672114869
glutamine	155.0	0.427	0.087	47	2.44154233998	0.113012930106	163.504748681
glutamine	155.0	0.427	0.087	48	2.44812862158	0.143242707421	237.882980827
glutamine	155.0	0.427	0.087	49	2.44780154437	0.0304628697237	68.909341007
glutamine	155.0	0.427	0.087	50	2.44755088217	0.0324561383295	-65.6569051958
glutamine	155.0	0.427	0.087	51	2.4668558604	0.096234203703	86.427044843
glutamine	155.0	0.427	0.087	52	2.47096412051	0.0461016689157	-73.2860729243
glutamine	155.0	0.427	0.087	53	2.47335405108	0.0837946298635	179.341532907
glutamine	155.0	0.427	0.087	54	2.49309782922	0.00787255482262	-68.0204009605
glutamine	155.0	0.427	0.087	55	2.49381314054	0.00660511704516	264.866310634
glutamine	155.0	0.427	0.087	56	2.49661916882	0.0263447532611	262.19329774
glutamine	155.0	0.427	0.087	57	2.50241004762	0.017289411697	167.683154353
glutamine	155.0	0.427	0.087	58	2.52492424665	0.0224808538174	136.85832464
glutamine	155.0	0.427	0.087	59	3.73243247362	0.231474226805	-27.3779781568
glutamine	155.0	0.427	0.087	60	3.7531178887	0.430816188173	-8.08495404192
glutamine	155.0	0.427	0.087	61	3.7738416114	0.206174370802	9.15198763802
d-glucose-beta	155.0	0.049	0.087	0	3.13266479082	0.00219053410607	-6.29759290957
d-glucose-beta	155.0	0.049	0.087	1	3.15894031087	0.000411588198427	-88.1170208973
d-glucose-beta	155.0	0.049	0.087	2	3.15987885306	0.000956068985395	246.850058882
d-glucose-beta	155.0	0.049	0.087	3	3.18000789313	0.00174299935724	115.927941712
d-glucose-beta	155.0	0.049	0.087	4	3.1848501588	0.00187129371184	69.3309249279
d-glucose-beta	155.0	0.049	0.087	5	3.18531573708	0.000811867614638	242.02167893
d-glucose-beta	155.0	0.049	0.087	6	3.19507767206	0.00536965579726	2.60048612716
d-glucose-beta	155.0	0.049	0.087	7	3.1961011039	0.00594493460473	130.625045893
d-glucose-beta	155.0	0.049	0.087	8	3.19817436453	0.0109723960332	-15.533934573
d-glucose-beta	155.0	0.049	0.087	9	3.19858675256	0.0121618294246	105.088684417
d-glucose-beta	155.0	0.049	0.087	10	3.20058252343	0.146585983597	101.451700325
d-glucose-beta	155.0	0.049	0.087	11	3.20251574849	0.0452023736526	3.07301074072
d-glucose-beta	155.0	0.049	0.087	12	3.2045948496	0.00187386753074	77.8019114822
d-glucose-beta	155.0	0.049	0.087	13	3.20575181049	0.00867410293096	12.0493304862
d-glucose-beta	155.0	0.049	0.087	14	3.2115885965	0.00118105097864	-0.939504902378
d-glucose-beta	155.0	0.049	0.087	15	3.21199939533	0.000689113976276	187.502174946
d-glucose-beta	155.0	0.049	0.087	16	3.22183773397	0.00268998800832	-45.3441854557
d-glucose-beta	155.0	0.049	0.087	17	3.22281796337	0.00572622148508	58.2289644059
d-glucose-beta	155.0	0.049	0.087	18	3.22496277572	0.00691937331271	-55.4283930193
d-glucose-beta	155.0	0.049	0.087	19	3.22722858984	0.156116846453	17.546986904
d-glucose-beta	155.0	0.049	0.087	20	3.22974391253	0.0968292645632	-42.8494344829
d-glucose-beta	155.0	0.049	0.087	21	3.22964635489	0.0442833176379	41.8115043686
d-glucose-beta	155.0	0.049	0.087	22	3.23227061336	0.00858973042904	-66.5312039301
d-glucose-beta	155.0	0.049	0.087	23	3.23163977245	0.00958755519828	0.392516015877
d-glucose-beta	155.0	0.049	0.087	24	3.23410910004	0.00751192820963	-51.6703438117
d-glucose-beta	155.0	0.049	0.087	25	3.23715619294	0.000888774535327	-71.9359468586
d-glucose-beta	155.0	0.049	0.087	26	3.24492635208	0.000827656124617	203.171651832
d-glucose-beta	155.0	0.049	0.087	27	3.24732303237	0.000818044016439	-48.4944850742
d-glucose-beta	155.0	0.049	0.087	28	3.25242720592	0.00438387103905	-69.237095678
d-glucose-beta	155.0	0.049	0.087	29	3.25353451008	0.00854841353286	249.673504401
d-glucose-beta	155.0	0.049	0.087	30	3.25626702633	0.0750832851049	-66.8600553968
d-glucose-beta	155.0	0.049	0.087	31	3.25703046248	0.162019629184	242.108496437
d-glucose-beta	155.0	0.049	0.087	32	3.25846159829	0.0140868181204	-89.9998220988
d-glucose-beta	155.0	0.049	0.087	33	3.26095801069	0.0151751086581	230.556509929
d-glucose-beta	155.0	0.049	0.087	34	3.26403259453	0.00448778871161	222.442710731
d-glucose-beta	155.0	0.049	0.087	35	3.27183568905	0.000567176393364	134.267902996
d-glucose-beta	155.0	0.049	0.087	36	3.27422061941	0.00174923422482	210.57690468
d-glucose-beta	155.0	0.049	0.087	37	3.27902799907	0.00179351050128	187.951592987
d-glucose-beta	155.0	0.049	0.087	38	3.29449292134	0.000933063128445	146.264882672
d-glucose-beta	155.0	0.049	0.087	39	3.29989144914	0.00125812331921	94.4283726181
d-glucose-beta	155.0	0.049	0.087	40	3.32136533538	0.000925282190945	57.2594089877
d-glucose-beta	155.0	0.049	0.087	41	3.32468367208	0.00108085568756	-46.3344692867
d-glucose-beta	155.0	0.049	0.087	42	3.32680328012	0.00254030016766	17.6555574521
d-glucose-beta	155.0	0.049	0.087	43	3.32875786796	0.000561353153526	15.3486920174
d-glucose-beta	155.0	0.049	0.087	44	3.33613285641	0.00108244103958	42.1268568894
d-glucose-beta	155.0	0.049	0.087	45	3.34851233979	0.00191848176616	-70.8728558787
d-glucose-beta	155.0	0.049	0.087	46	3.35095407558	0.0260205724857	42.8206522048
d-glucose-beta	155.0	0.049	0.087	47	3.35103141826	0.024917566359	-30.8520289662
d-glucose-beta	155.0	0.049	0.087	48	3.35133705471	0.0777531251725	214.658716718
d-glucose-beta	155.0	0.049	0.087	49	3.35197211505	0.0341697074492	159.060450115
d-glucose-beta	155.0	0.049	0.087	50	3.35400037198	0.00194802739183	215.129594828
d-glucose-beta	155.0	0.049	0.087	51	3.35836139591	0.00770893433901	73.5116196522
d-glucose-beta	155.0	0.049	0.087	52	3.36359887218	0.00963800440005	7.60829538608
d-glucose-beta	155.0	0.049	0.087	53	3.3735319872	0.00952963656044	251.728910433
d-glucose-beta	155.0	0.049	0.087	54	3.37410532382	0.0123100262263	-77.5924721843
d-glucose-beta	155.0	0.049	0.087	55	3.3788212051	0.0385253215994	119.789527295
d-glucose-beta	155.0	0.049	0.087	56	3.38097028881	0.087418754807	-4.25671278912
d-glucose-beta	155.0	0.049	0.087	57	3.37918360309	0.00127922269019	250.99660882
d-glucose-beta	155.0	0.049	0.087	58	3.3806913036	0.10567358606	6.13976623346
d-glucose-beta	155.0	0.049	0.087	59	3.38141405406	0.0441152505481	-30.427459919
d-glucose-beta	155.0	0.049	0.087	60	3.38217158052	0.00691254821096	264.384079137
d-glucose-beta	155.0	0.049	0.087	61	3.38150924401	0.00779035973627	124.037420319
d-glucose-beta	155.0	0.049	0.087	62	3.38253137776	0.00538225003037	-89.9427180897
d-glucose-beta	155.0	0.049	0.087	63	3.38748538896	0.0244562901153	242.945447302
d-glucose-beta	155.0	0.049	0.087	64	3.38762495804	0.0197381924696	18.7561523473
d-glucose-beta	155.0	0.049	0.087	65	3.39629603006	0.0167685171452	27.3575308434
d-glucose-beta	155.0	0.049	0.087	66	3.40084070626	0.0157063831326	8.3252572736
d-glucose-beta	155.0	0.049	0.087	67	3.40937261003	0.0870268438109	-72.1203204397
d-glucose-beta	155.0	0.049	0.087	68	3.41060960939	0.231951130932	219.610608644
d-glucose-beta	155.0	0.049	0.087	69	3.4146676646	0.00826570344647	-73.8347124829
d-glucose-beta	155.0	0.049	0.087	70	3.42578829857	0.0717924546866	62.8342134268
d-glucose-beta	155.0	0.049	0.087	71	3.42571001807	0.00730209068688	232.601216268
d-glucose-beta	155.0	0.049	0.087	72	3.42866126614	0.110894206347	-10.0462748036
d-glucose-beta	155.0	0.049	0.087	73	3.43048630962	0.00732886290362	215.913987201
d-glucose-beta	155.0	0.049	0.087	74	3.43107056361	0.0662051464264	-7.82471847036
d-glucose-beta	155.0	0.049	0.087	75	3.43362374714	0.0456524319062	-70.3167857167
d-glucose-beta	155.0	0.049	0.087	76	3.43364489783	0.0311017597398	257.00281771
d-glucose-beta	155.0	0.049	0.087	77	3.44169166551	0.00508047833674	-59.4181314075
d-glucose-beta	155.0	0.049	0.087	78	3.4436359086	0.0419873735984	187.168364331
d-glucose-beta	155.0	0.049	0.087	79	3.44564839243	0.151296876041	133.050644778
d-glucose-beta	155.0	0.049	0.087	80	3.44640320247	0.00276324326045	247.398086532
d-glucose-beta	155.0	0.049	0.087	81	3.44784867901	0.0709366938272	133.24258311
d-glucose-beta	155.0	0.049	0.087	82	3.44910679806	0.016372178491	67.9019548418
d-glucose-beta	155.0	0.049	0.087	83	3.45008451891	0.0287658371442	135.597626178
d-glucose-beta	155.0	0.049	0.087	84	3.45036202091	0.0331650916478	6.35945233239
d-glucose-beta	155.0	0.049	0.087	85	3.45242107288	0.015041821671	-43.9668549563
d-glucose-beta	155.0	0.049	0.087	86	3.45458671075	0.0414811465223	77.0904347801
d-glucose-beta	155.0	0.049	0.087	87	3.45763537288	0.0113194193719	198.301101111
d-glucose-beta	155.0	0.049	0.087	88	3.45908455908	0.0150780579155	135.25612813
d-glucose-beta	155.0	0.049	0.087	89	3.4604317575	0.0170960809372	14.3003731948
d-glucose-beta	155.0	0.049	0.087	90	3.46247909075	0.0142394318899	142.752117869
d-glucose-beta	155.0	0.049	0.087	91	3.46981950145	0.0446192380719	58.5808838626
d-glucose-beta	155.0	0.049	0.087	92	3.47276596879	0.0712041605876	-22.2280811416
d-glucose-beta	155.0	0.049	0.087	93	3.47551026001	0.11058022128	2.79579535329
d-glucose-beta	155.0	0.049	0.087	94	3.47572565225	0.00834840484675	158.203414882
d-glucose-beta	155.0	0.049	0.087	95	3.47586230443	0.0412526279959	11.2709367467
d-glucose-beta	155.0	0.049	0.087	96	3.47589831049	0.00212444544122	100.866714327
d-glucose-beta	155.0	0.049	0.087	97	3.47784387998	0.0613425042617	-12.4485652556
d-glucose-beta	155.0	0.049	0.087	98	3.47787037246	0.0399121460711	-83.7212686781
d-glucose-beta	155.0	0.049	0.087	99	3.47907588108	0.0555275584196	214.532620683
d-glucose-beta	155.0	0.049	0.087	100	3.47948624516	0.0731816254489	207.491553141
d-glucose-beta	155.0	0.049	0.087	101	3.47949577486	0.0215865970324	-62.4255373389
d-glucose-beta	155.0	0.049	0.087	102	3.48051128776	0.00490809827324	12.3164519667
d-glucose-beta	155.0	0.049	0.087	103	3.48273080961	0.0299200097758	245.302414393
d-glucose-beta	155.0	0.049	0.087	104	3.50539144567	0.0323938843147	253.380673213
d-glucose-beta	155.0	0.049	0.087	105	3.50624254644	0.0359663324132	156.474575461
d-glucose-beta	155.0	0.049	0.087	106	3.50796249497	0.124755498527	165.250469746
d-glucose-beta	155.0	0.049	0.087	107	3.52429149755	0.00236111876086	154.427303431
d-glucose-beta	155.0	0.049	0.087	108	3.52913213354	0.00251026435904	109.90853993
d-glucose-beta	155.0	0.049	0.087	109	3.54033084626	0.00159672150029	46.9683811987
d-glucose-beta	155.0	0.049	0.087	110	3.54544970839	0.00159709884429	15.8636651574
d-glucose-beta	155.0	0.049	0.087	111	3.55307842638	0.000442508775299	10.853225708
d-glucose-beta	155.0	0.049	0.087	112	3.55791942488	0.00114011343337	15.920458368
d-glucose-beta	155.0	0.049	0.087	113	3.56905131909	0.00169725482491	-58.6184750259
d-glucose-beta	155.0	0.049	0.087	114	3.57414768039	0.00154582730961	248.235470725
d-glucose-beta	155.0	0.049	0.087	115	3.59572849291	0.00220676926708	-57.6383969694
d-glucose-beta	155.0	0.049	0.087	116	3.62418873704	0.000890825840382	64.7637266566
d-glucose-beta	155.0	0.049	0.087	117	3.64221813359	0.00367929040534	-64.3470097373
d-glucose-beta	155.0	0.049	0.087	118	3.67020533996	0.00159129157785	89.1175102463
d-glucose-beta	155.0	0.049	0.087	119	3.67116279177	0.00144711335282	165.617786104
d-glucose-beta	155.0	0.049	0.087	120	3.67239569501	0.0127875347876	67.9215542257
d-glucose-beta	155.0	0.049	0.087	121	3.67332576552	0.0154061987836	120.718898023
d-glucose-beta	155.0	0.049	0.087	122	3.67553582396	0.0998051546028	113.241694725
d-glucose-beta	155.0	0.049	0.087	123	3.6757869644	0.012518935822	-61.7423965282
d-glucose-beta	155.0	0.049	0.087	124	3.67948865565	0.0163866258904	127.142577221
d-glucose-beta	155.0	0.049	0.087	125	3.6886144395	0.00202815556508	-36.2692122681
d-glucose-beta	155.0	0.049	0.087	126	3.68980440146	0.00223054402444	53.0139791973
d-glucose-beta	155.0	0.049	0.087	127	3.69273981522	0.0958980445746	213.143127534
d-glucose-beta	155.0	0.049	0.087	128	3.69261485626	0.0127957931405	-5.55924479938
d-glucose-beta	155.0	0.049	0.087	129	3.69458807883	0.0102980990636	-9.24165750196
d-glucose-beta	155.0	0.049	0.087	130	3.6972106988	0.0119236494241	221.940982783
d-glucose-beta	155.0	0.049	0.087	131	3.71129118147	0.0154016276013	126.018820242
d-glucose-beta	155.0	0.049	0.087	132	3.71717822288	0.147164764044	124.486582087
d-glucose-beta	155.0	0.049	0.087	133	3.71719644129	0.0293746060324	18.9355361715
d-glucose-beta	155.0	0.049	0.087	134	3.71942845676	0.0110433539261	93.1418451247
d-glucose-beta	155.0	0.049	0.087	135	3.7326450258	0.00920956816786	76.2083250291
d-glucose-beta	155.0	0.049	0.087	136	3.73405375146	0.182027119437	236.479293461
d-glucose-beta	155.0	0.049	0.087	137	3.73313401777	0.0201000906789	-89.6412020353
d-glucose-beta	155.0	0.049	0.087	138	3.73390524104	0.0161854475121	21.9057281776
d-glucose-beta	155.0	0.049	0.087	139	3.73829019325	0.0081200259148	15.0217198799
d-glucose-beta	155.0	0.049	0.087	140	3.7415110669	0.0141280904806	241.177744229
d-glucose-beta	155.0	0.049	0.087	141	3.78125758893	0.0021549655086	21.665548567
d-glucose-beta	155.0	0.049	0.087	142	3.80825181705	0.00181377298634	110.528567654
d-glucose-beta	155.0	0.049	0.087	143	3.85598398618	0.00933528075879	44.2887105963
d-glucose-beta	155.0	0.049	0.087	144	3.85788326799	0.0104573322877	41.7159653834
d-glucose-beta	155.0	0.049	0.087	145	3.86110338815	0.209510788645	8.01715629069
d-glucose-beta	155.0	0.049	0.087	146	3.8638262602	0.104863755512	-25.8397911389
d-glucose-beta	155.0	0.049	0.087	147	3.86641354987	0.226627677164	-68.9347811069
d-glucose-beta	155.0	0.049	0.087	148	3.86950483859	0.00913065300909	-70.271466967
d-glucose-beta	155.0	0.049	0.087	149	3.8718324671	0.0072599730838	264.378900492
d-glucose-beta	155.0	0.049	0.087	150	3.90254269221	0.177849414437	43.3835408024
d-glucose-beta	155.0	0.049	0.087	151	3.90766786897	0.161907430437	-31.3081645376
d-glucose-beta	155.0	0.049	0.087	152	4.61672579967	0.517948550834	218.970989329
d-glucose-beta	155.0	0.049	0.087	153	4.64352922874	0.429112364269	139.755526268
glutathione_glycine	155.0	0.194	0.087	0	3.769	1.99014781185	-8.56587100999
glutathione_glutamate	155.0	0.194	0.087	0	2.06336829863	0.00664406386513	45.5944676615
glutathione_glutamate	155.0	0.194	0.087	1	2.08480357034	0.00922803535994	61.294624707
glutathione_glutamate	155.0	0.194	0.087	2	2.08811547476	0.0169788513685	14.8662956212
glutathione_glutamate	155.0	0.194	0.087	3	2.10962058721	0.0142882842261	11.3734635218
glutathione_glutamate	155.0	0.194	0.087	4	2.11281857509	0.00852241714627	-33.3666036859
glutathione_glutamate	155.0	0.194	0.087	5	2.11536997153	0.0703753204035	-50.9686667135
glutathione_glutamate	155.0	0.194	0.087	6	2.11861561635	0.0306877753604	211.618369947
glutathione_glutamate	155.0	0.194	0.087	7	2.13432941101	0.0073314352357	-26.48987432
glutathione_glutamate	155.0	0.194	0.087	8	2.13679450303	0.0736042473913	269.213454714
glutathione_glutamate	155.0	0.194	0.087	9	2.13997242192	0.172821981894	247.511187327
glutathione_glutamate	155.0	0.194	0.087	10	2.1417897053	0.101496141357	182.442227094
glutathione_glutamate	155.0	0.194	0.087	11	2.16189164044	0.109770452096	219.484111365
glutathione_glutamate	155.0	0.194	0.087	12	2.16465943555	0.112914802768	139.657170738
glutathione_glutamate	155.0	0.194	0.087	13	2.16509596253	0.0929860757667	116.320271273
glutathione_glutamate	155.0	0.194	0.087	14	2.17061728925	0.00805917327959	109.165367498
glutathione_glutamate	155.0	0.194	0.087	15	2.18629914611	0.0349935363946	231.850773902
glutathione_glutamate	155.0	0.194	0.087	16	2.18636019105	0.0288773179909	75.3302939111
glutathione_glutamate	155.0	0.194	0.087	17	2.19235929743	0.0140303610455	92.2048697565
glutathione_glutamate	155.0	0.194	0.087	18	2.19480388619	0.0111072036926	49.0364825831
glutathione_glutamate	155.0	0.194	0.087	19	2.21425298712	0.00562485006623	64.7578263683
glutathione_glutamate	155.0	0.194	0.087	20	2.21601501069	0.00940480555633	56.8794243251
glutathione_glutamate	155.0	0.194	0.087	21	2.21720916435	0.00664278725821	-7.52083095989
glutathione_glutamate	155.0	0.194	0.087	22	2.23832992615	0.00990035909251	10.5673562754
glutathione_glutamate	155.0	0.194	0.087	23	2.44897050667	0.0505759803623	57.9608446129
glutathione_glutamate	155.0	0.194	0.087	24	2.471327589	0.0518881203916	26.813410784
glutathione_glutamate	155.0	0.194	0.087	25	2.47337916594	0.0435546403024	21.354585439
glutathione_glutamate	155.0	0.194	0.087	26	2.49314863204	0.00215085076641	-33.8508252349
glutathione_glutamate	155.0	0.194	0.087	27	2.49587881687	0.0447444008412	-24.0706269668
glutathione_glutamate	155.0	0.194	0.087	28	2.50238564979	0.0532434341983	-77.825208622
glutathione_glutamate	155.0	0.194	0.087	29	2.50246419983	0.0944978744308	268.349300742
glutathione_glutamate	155.0	0.194	0.087	30	2.52109301237	0.163775190253	218.200935303
glutathione_glutamate	155.0	0.194	0.087	31	2.52487837814	0.145734080953	224.249065911
glutathione_glutamate	155.0	0.194	0.087	32	2.52675074223	0.158080222639	217.290986343
glutathione_glutamate	155.0	0.194	0.087	33	2.54570177322	0.305159702709	169.183761888
glutathione_glutamate	155.0	0.194	0.087	34	2.54935595455	0.169737416858	186.693816309
glutathione_glutamate	155.0	0.194	0.087	35	2.57019535875	0.170403473871	121.613471389
glutathione_glutamate	155.0	0.194	0.087	36	2.57454755266	0.0539422360754	52.0589949117
glutathione_glutamate	155.0	0.194	0.087	37	2.59912262869	0.093730580292	16.5665164163
glutathione_glutamate	155.0	0.194	0.087	38	2.6236651778	0.0445209084353	-25.9222715716
glutathione_glutamate	155.0	0.194	0.087	39	3.74781701013	0.246022508573	-13.8205109123
glutathione_glutamate	155.0	0.194	0.087	40	3.7691266757	0.438021550111	-9.67082277664
glutathione_glutamate	155.0	0.194	0.087	41	3.79046870223	0.206152297907	1.97235928864
glycine	155.0	0.068	0.087	0	3.548	1.9911231948	-9.02044901589
glutathione_cysteine	155.0	0.194	0.087	0	2.88158786835	0.124755622004	107.433950265
glutathione_cysteine	155.0	0.194	0.087	1	2.90438113802	0.110566851514	129.748820873
glutathione_cysteine	155.0	0.194	0.087	2	2.92889438817	0.347631667193	42.4449202052
glutathione_cysteine	155.0	0.194	0.087	3	2.95168765785	0.3516884072	66.9327062399
glutathione_cysteine	155.0	0.194	0.087	4	2.95222786887	0.312246469053	-80.1737539851
glutathione_cysteine	155.0	0.194	0.087	5	2.96913681216	0.400694736092	-29.4824848313
glutathione_cysteine	155.0	0.194	0.087	6	2.9995343887	0.143818627612	223.673490868
glutathione_cysteine	155.0	0.194	0.087	7	3.01644333198	0.0970337764259	259.473225311
glutathione_cysteine	155.0	0.194	0.087	8	4.54107552999	0.223946274752	-35.2244021519
glutathione_cysteine	155.0	0.194	0.087	9	4.55798447328	0.268643659606	9.23534811786
glutathione_cysteine	155.0	0.194	0.087	10	4.56386879967	0.273609460065	-11.3721415503
glutathione_cysteine	155.0	0.194	0.087	11	4.58077774296	0.214734636396	32.4795362059
gpc_N(CH3)3_a	155.0	0.097	0.121	0	3.2100818801	1.31903289715	-6.98884648974
gpc_N(CH3)3_a	155.0	0.097	0.121	1	3.21199956036	0.11732902133	106.684049642
gpc_N(CH3)3_a	155.0	0.097	0.121	2	3.21199956073	0.0970090010841	168.960161575
gpc_N(CH3)3_a	155.0	0.097	0.121	3	3.21199956085	0.0258010576539	230.034863188
gpc_N(CH3)3_a	155.0	0.097	0.121	4	3.2119995606	0.126004365702	29.8015741944
gpc_N(CH3)3_a	155.0	0.097	0.121	5	3.21199956101	0.0521206845165	-46.0468802172
gpc_N(CH3)3_a	155.0	0.097	0.121	6	3.21391729514	0.0611944695195	217.966161807
gpc_N(CH3)3_a	155.0	0.097	0.121	7	3.21391770775	0.102898956948	150.969681734
gpc_N(CH3)3_a	155.0	0.097	0.121	8	3.21391771602	0.0141180476051	-32.1649907621
gpc_N(CH3)3_a	155.0	0.097	0.121	9	3.21391769517	0.0182440501314	256.411271505
gpc_N(CH3)3_a	155.0	0.097	0.121	10	3.21391802832	0.0983712170364	66.8420320501
gpc_glycerol	155.0	0.097	0.087	0	3.54638811193	0.00411345194088	174.02326761
gpc_glycerol	155.0	0.097	0.087	1	3.5619804034	0.023809172775	139.455931702
gpc_glycerol	155.0	0.097	0.087	2	3.56192788218	0.0090235772514	265.835292625
gpc_glycerol	155.0	0.097	0.087	3	3.56200822476	0.00733705174698	53.6821980446
gpc_glycerol	155.0	0.097	0.087	4	3.56463347212	0.0112014117441	112.153844141
gpc_glycerol	155.0	0.097	0.087	5	3.56574445655	0.00456375473528	180.005090856
gpc_glycerol	155.0	0.097	0.087	6	3.5698110646	0.00442041158943	113.892367216
gpc_glycerol	155.0	0.097	0.087	7	3.57049486335	0.00951587947154	-37.3099090492
gpc_glycerol	155.0	0.097	0.087	8	3.57303376054	0.016001927364	27.7685920718
gpc_glycerol	155.0	0.097	0.087	9	3.57840064533	0.0105812501382	-45.8517181928
gpc_glycerol	155.0	0.097	0.087	10	3.58107823257	0.00686364772076	82.5734097299
gpc_glycerol	155.0	0.097	0.087	11	3.58118657122	0.0111528364487	-84.9717296406
gpc_glycerol	155.0	0.097	0.087	12	3.58128350017	0.0140332588899	232.170549441
gpc_glycerol	155.0	0.097	0.087	13	3.58297543498	0.00154362377062	-77.1960978462
gpc_glycerol	155.0	0.097	0.087	14	3.59420207348	0.00222869050532	123.499446371
gpc_glycerol	155.0	0.097	0.087	15	3.59458790918	0.00890870230256	15.1752354244
gpc_glycerol	155.0	0.097	0.087	16	3.59543778058	0.00826699173288	243.022434247
gpc_glycerol	155.0	0.097	0.087	17	3.59678339401	0.00680766116693	17.8417575676
gpc_glycerol	155.0	0.097	0.087	18	3.60600984182	0.00105297359211	55.3617932919
gpc_glycerol	155.0	0.097	0.087	19	3.61165977782	0.0983258241968	72.5461765059
gpc_glycerol	155.0	0.097	0.087	20	3.61161569591	0.00248776280056	237.854465918
gpc_glycerol	155.0	0.097	0.087	21	3.61351022951	0.00135531078103	261.906878807
gpc_glycerol	155.0	0.097	0.087	22	3.61716983795	0.0594174272696	-17.1929168088
gpc_glycerol	155.0	0.097	0.087	23	3.61746620722	0.0152706764093	142.892956464
gpc_glycerol	155.0	0.097	0.087	24	3.61942412374	0.00217172477118	41.9500071187
gpc_glycerol	155.0	0.097	0.087	25	3.62479239281	0.0403626468861	-63.1033958444
gpc_glycerol	155.0	0.097	0.087	26	3.6251028457	0.00656390231497	259.374331001
gpc_glycerol	155.0	0.097	0.087	27	3.62612395938	0.0427134481845	174.755253613
gpc_glycerol	155.0	0.097	0.087	28	3.62910816806	0.000970073166591	225.15086985
gpc_glycerol	155.0	0.097	0.087	29	3.62952511604	0.022333409041	-59.5287166478
gpc_glycerol	155.0	0.097	0.087	30	3.63064623122	0.024781857004	232.756327762
gpc_glycerol	155.0	0.097	0.087	31	3.6307968484	0.030634717156	180.778111666
gpc_glycerol	155.0	0.097	0.087	32	3.63098156124	0.0497769615546	123.810038719
gpc_glycerol	155.0	0.097	0.087	33	3.63098159004	0.00663253432468	-5.10974484468
gpc_glycerol	155.0	0.097	0.087	34	3.64650931071	0.00147202851818	-87.7868036366
gpc_glycerol	155.0	0.097	0.087	35	3.6475409671	0.0833731141162	173.178768171
gpc_glycerol	155.0	0.097	0.087	36	3.64757742527	0.0578499017767	136.658422747
gpc_glycerol	155.0	0.097	0.087	37	3.64766382201	0.00243807629143	19.6565957746
gpc_glycerol	155.0	0.097	0.087	38	3.64933404729	0.0472392325908	148.131135058
gpc_glycerol	155.0	0.097	0.087	39	3.6507524004	0.00672672790428	3.73068990096
gpc_glycerol	155.0	0.097	0.087	40	3.65303739627	0.0095550475786	-70.3025405635
gpc_glycerol	155.0	0.097	0.087	41	3.6535081215	0.0293684093025	0.191919883738
gpc_glycerol	155.0	0.097	0.087	42	3.65691503176	0.0519062674847	50.3006979267
gpc_glycerol	155.0	0.097	0.087	43	3.66060694482	0.0517315669156	-18.0594630312
gpc_glycerol	155.0	0.097	0.087	44	3.65999676312	0.00513510970941	204.019412362
gpc_glycerol	155.0	0.097	0.087	45	3.66262349048	0.0177269404467	180.048616142
gpc_glycerol	155.0	0.097	0.087	46	3.66274789178	0.0915578266795	-60.0348645274
gpc_glycerol	155.0	0.097	0.087	47	3.6627970794	0.00480914883862	70.941119905
gpc_glycerol	155.0	0.097	0.087	48	3.67721533164	0.00432683098822	177.93421378
gpc_glycerol	155.0	0.097	0.087	49	3.67958304443	0.00108412515221	267.868347944
gpc_glycerol	155.0	0.097	0.087	50	3.68000972569	0.00293165437003	193.628824159
gpc_glycerol	155.0	0.097	0.087	51	3.68128719493	0.00241139796084	16.6637394293
gpc_glycerol	155.0	0.097	0.087	52	3.69071041699	0.0013035802131	63.3146787728
gpc_glycerol	155.0	0.097	0.087	53	3.69394325096	0.00141979048709	-77.1253754333
gpc_glycerol	155.0	0.097	0.087	54	3.69751114945	0.0264909146264	118.840238498
gpc_glycerol	155.0	0.097	0.087	55	3.69719619996	0.00357370486008	-40.8527681625
gpc_glycerol	155.0	0.097	0.087	56	3.70064618949	0.00678632011588	27.9604254359
gpc_glycerol	155.0	0.097	0.087	57	3.70123719352	0.0143351318495	198.576963659
gpc_glycerol	155.0	0.097	0.087	58	3.70245447363	0.0088216277064	0.493357477617
gpc_glycerol	155.0	0.097	0.087	59	3.70747132937	0.0155550166877	-18.1846032959
gpc_glycerol	155.0	0.097	0.087	60	3.70913721753	0.0135110185594	216.720390612
gpc_glycerol	155.0	0.097	0.087	61	3.71160620261	0.0119596376155	47.7644143671
gpc_glycerol	155.0	0.097	0.087	62	3.71243816831	0.0276509601764	212.706882079
gpc_glycerol	155.0	0.097	0.087	63	3.72996629265	0.0027193098264	24.5105330159
gpc_glycerol	155.0	0.097	0.087	64	3.73045811385	0.00110570026182	264.56754322
gpc_glycerol	155.0	0.097	0.087	65	3.73175213004	0.0015091991515	96.6687242811
gpc_glycerol	155.0	0.097	0.087	66	3.74500470696	0.000857112407015	154.782168052
gpc_glycerol	155.0	0.097	0.087	67	3.79209022585	0.00347878176048	47.2193611501
gpc_glycerol	155.0	0.097	0.087	68	3.80401456621	0.00734745759385	178.175317954
gpc_glycerol	155.0	0.097	0.087	69	3.80650602466	0.00870627228909	156.042188494
gpc_glycerol	155.0	0.097	0.087	70	3.80797506672	0.00106157807954	-16.4109984972
gpc_glycerol	155.0	0.097	0.087	71	3.81155354505	0.00193921030069	134.874367089
gpc_glycerol	155.0	0.097	0.087	72	3.81246118215	0.0102091312218	-38.2468356417
gpc_glycerol	155.0	0.097	0.087	73	3.8219021502	0.0025916654554	176.668656087
gpc_glycerol	155.0	0.097	0.087	74	3.8236775389	0.00192462111789	26.4732069186
gpc_glycerol	155.0	0.097	0.087	75	3.82533546253	0.01889820758	182.536494155
gpc_glycerol	155.0	0.097	0.087	76	3.826891376	0.0165685990747	182.594486621
gpc_glycerol	155.0	0.097	0.087	77	3.83616839228	0.0119009534217	18.111060907
gpc_glycerol	155.0	0.097	0.087	78	3.83737221661	0.0687777721763	-69.9931793379
gpc_glycerol	155.0	0.097	0.087	79	3.84026356605	0.0043702228982	60.9510910042
gpc_glycerol	155.0	0.097	0.087	80	3.84158553945	0.00425686184716	254.272732348
gpc_glycerol	155.0	0.097	0.087	81	3.84208833958	0.00466975126896	-82.7420961223
gpc_glycerol	155.0	0.097	0.087	82	3.84532177124	0.0119740651713	162.378052101
gpc_glycerol	155.0	0.097	0.087	83	3.85747545023	0.0169810537779	266.342978757
gpc_glycerol	155.0	0.097	0.087	84	3.8574550894	0.012433937194	66.0507907687
gpc_glycerol	155.0	0.097	0.087	85	3.8575049415	0.0157069860617	46.2851994811
gpc_glycerol	155.0	0.097	0.087	86	3.86325305032	0.0188636280596	95.9142045856
gpc_glycerol	155.0	0.097	0.087	87	3.86577648543	0.0291118695326	87.3934610763
gpc_glycerol	155.0	0.097	0.087	88	3.87259474796	0.0395773969805	-2.08238275433
gpc_glycerol	155.0	0.097	0.087	89	3.87431925334	0.0505690984172	236.961873274
gpc_glycerol	155.0	0.097	0.087	90	3.87711040454	0.00167105951079	133.060104471
gpc_glycerol	155.0	0.097	0.087	91	3.88020142427	0.0826610201747	-3.20149327886
gpc_glycerol	155.0	0.097	0.087	92	3.88267873654	0.00241748338185	119.200426119
gpc_glycerol	155.0	0.097	0.087	93	3.88504855277	0.0299281813706	-41.0252588356
gpc_glycerol	155.0	0.097	0.087	94	3.88542453394	0.0176102702307	116.99861438
gpc_glycerol	155.0	0.097	0.087	95	3.89019325018	0.0645216301252	214.864642407
gpc_glycerol	155.0	0.097	0.087	96	3.89034115273	0.0563840758156	34.6074833536
gpc_glycerol	155.0	0.097	0.087	97	3.89253276981	0.0127530366575	128.680107473
gpc_glycerol	155.0	0.097	0.087	98	3.89335219353	0.0632366879448	208.395318478
gpc_glycerol	155.0	0.097	0.087	99	3.89521002816	0.0752869157679	-22.8211796691
gpc_glycerol	155.0	0.097	0.087	100	3.89504430475	0.0114850274756	209.119641078
gpc_glycerol	155.0	0.097	0.087	101	3.89821850678	0.011208853879	139.261147008
gpc_glycerol	155.0	0.097	0.087	102	3.89998870258	0.0306180008763	242.643807222
gpc_glycerol	155.0	0.097	0.087	103	3.90015599439	0.0079290136329	10.0723596144
gpc_glycerol	155.0	0.097	0.087	104	3.90037086496	0.0435331534683	-54.7622202106
gpc_glycerol	155.0	0.097	0.087	105	3.9004198231	0.00676901715912	174.133601084
gpc_glycerol	155.0	0.097	0.087	106	3.90214892106	0.00863193586014	168.997598562
gpc_glycerol	155.0	0.097	0.087	107	3.90239445076	0.0522646914734	-41.2907187919
gpc_glycerol	155.0	0.097	0.087	108	3.90383623808	0.00623080517657	133.795559682
gpc_glycerol	155.0	0.097	0.087	109	3.90413724061	0.00212772177486	10.7521318874
gpc_glycerol	155.0	0.097	0.087	110	3.90438530917	0.0263624848792	261.826041769
gpc_glycerol	155.0	0.097	0.087	111	3.90717364167	0.059049538679	6.48705272806
gpc_glycerol	155.0	0.097	0.087	112	3.90965106595	0.0210397328458	-21.5834848736
gpc_glycerol	155.0	0.097	0.087	113	3.91202336153	0.0629354282477	155.341246416
gpc_glycerol	155.0	0.097	0.087	114	3.91460363149	0.0615949449168	114.359728406
gpc_glycerol	155.0	0.097	0.087	115	3.91541106785	0.00891133900999	12.0255031737
gpc_glycerol	155.0	0.097	0.087	116	3.91632072121	0.00374492646057	115.556105558
gpc_glycerol	155.0	0.097	0.087	117	3.91668853709	0.00940575367869	215.080814611
gpc_glycerol	155.0	0.097	0.087	118	3.91926491916	0.0272316544081	37.3560620256
gpc_glycerol	155.0	0.097	0.087	119	3.91948983091	0.00424503135434	258.381118619
gpc_glycerol	155.0	0.097	0.087	120	3.91981509692	0.0175182896839	123.047136978
gpc_glycerol	155.0	0.097	0.087	121	3.92062205819	0.0697155739018	-17.6852179295
gpc_glycerol	155.0	0.097	0.087	122	3.92201663417	0.00199903590751	-78.7673590084
gpc_glycerol	155.0	0.097	0.087	123	3.92366890902	0.0494005825771	33.7497775573
gpc_glycerol	155.0	0.097	0.087	124	3.92430452189	0.0114515838672	164.12506086
gpc_glycerol	155.0	0.097	0.087	125	3.92527810152	0.029945894422	264.520028097
gpc_glycerol	155.0	0.097	0.087	126	3.92702354205	0.0259398429948	116.032315538
gpc_glycerol	155.0	0.097	0.087	127	3.93018278932	0.028307366906	-61.6384758198
gpc_glycerol	155.0	0.097	0.087	128	3.93171752243	0.0258566612772	-49.1903018603
gpc_glycerol	155.0	0.097	0.087	129	3.93185977592	0.0102051827525	64.3375290975
gpc_glycerol	155.0	0.097	0.087	130	3.93413595571	0.0245754694574	-84.9096355695
gpc_glycerol	155.0	0.097	0.087	131	3.94366086651	0.00922963048189	98.0511589696
gpc_glycerol	155.0	0.097	0.087	132	3.94432926832	0.00327195053922	40.3073170557
gpc_glycerol	155.0	0.097	0.087	133	3.94594586238	0.0100073391117	154.077835015
gpc_glycerol	155.0	0.097	0.087	134	3.94823835784	0.010329392091	258.047151025
gpc_glycerol	155.0	0.097	0.087	135	3.94993119394	0.0200899159791	-49.8209000915
gpc_glycerol	155.0	0.097	0.087	136	3.95034989145	0.0147069271455	103.094890372
gpc_glycerol	155.0	0.097	0.087	137	3.95350400826	0.00204876142442	127.056270986
gpc_glycerol	155.0	0.097	0.087	138	3.95753847857	0.00805581752695	-13.3890917639
gpc_glycerol	155.0	0.097	0.087	139	3.96074525776	0.0901665374029	49.8377758675
gpc_glycerol	155.0	0.097	0.087	140	3.96555307488	0.0164519110475	-22.1033115046
gpc_glycerol	155.0	0.097	0.087	141	3.9713044819	0.0428179855923	172.620754616
gpc_glycerol	155.0	0.097	0.087	142	3.9734376796	0.00783970191689	168.794589451
gpc_glycerol	155.0	0.097	0.087	143	3.98096060255	0.0342174876094	145.622588303
gpc_glycerol	155.0	0.097	0.087	144	3.98093748923	0.00803191896791	256.882978496
gpc_glycerol	155.0	0.097	0.087	145	3.98313880554	0.00358142129121	217.040543913
gpc_glycerol	155.0	0.097	0.087	146	3.98536453393	0.00326399123431	133.950553068
gpc_glycerol	155.0	0.097	0.087	147	3.99085659676	0.0069256744813	198.211481115
gpc_glycerol	155.0	0.097	0.087	148	3.99829034924	0.00390582976041	251.323329559
gpc_glycerol	155.0	0.097	0.087	149	4.00146745403	0.00288418155356	233.673930329
gpc_glycerol	155.0	0.097	0.087	150	4.00269944645	0.00605102176284	135.342134052
gpc_glycerol	155.0	0.097	0.087	151	4.0065617582	0.00277932712129	163.28202002
gpc_glycerol	155.0	0.097	0.087	152	4.00824283197	0.00262127298451	208.202650419
gpc_glycerol	155.0	0.097	0.087	153	4.0148140493	0.00107567406444	-45.7617918398
gpc_glycerol	155.0	0.097	0.087	154	4.01782892618	0.00212814541398	73.575796426
gpc_N(CH3)3_b	155.0	0.097	0.121	0	3.21008187989	1.64883078622	-6.98885191447
gpc_N(CH3)3_b	155.0	0.097	0.121	1	3.21199956047	0.121798178566	146.960887319
gpc_N(CH3)3_b	155.0	0.097	0.121	2	3.2119995608	0.314002708284	-5.72399776784
gpc_N(CH3)3_b	155.0	0.097	0.121	3	3.21199956076	0.174847015947	60.2260122077
gpc_N(CH3)3_b	155.0	0.097	0.121	4	3.21199956074	0.0664995775358	156.590868907
gpc_N(CH3)3_b	155.0	0.097	0.121	5	3.21199956089	0.156304736055	-26.8280212426
gpc_N(CH3)3_b	155.0	0.097	0.121	6	3.21199956107	0.035958383478	178.319482908
gpc_N(CH3)3_b	155.0	0.097	0.121	7	3.21199956129	0.0334585038847	252.252026925
gpc_N(CH3)3_b	155.0	0.097	0.121	8	3.21391769797	0.712159314942	-6.11184199328
gpc_N(CH3)3_b	155.0	0.097	0.121	9	3.21391780211	0.0621022857321	155.251451072
gpc_N(CH3)3_b	155.0	0.097	0.121	10	3.21391786129	0.53817548832	-5.68476872467
gpc_N(CH3)3_b	155.0	0.097	0.121	11	3.2139178094	0.587841613555	-2.25886138429
gpc_N(CH3)3_b	155.0	0.097	0.121	12	3.21391780834	0.0569587757434	96.9084050553
gpc_N(CH3)3_b	155.0	0.097	0.121	13	3.2139181199	0.0169077220516	194.411375815
gpc_7-CH2_8-CH2	155.0	0.097	0.087	0	3.59557808424	0.000919011125534	-4.35256437073
gpc_7-CH2_8-CH2	155.0	0.097	0.087	1	3.64366592548	0.403996249533	246.848486186
gpc_7-CH2_8-CH2	155.0	0.097	0.087	2	3.64350840162	0.00803339055175	82.3025554573
gpc_7-CH2_8-CH2	155.0	0.097	0.087	3	3.6438348234	0.00630484498713	187.136695478
gpc_7-CH2_8-CH2	155.0	0.097	0.087	4	3.65425539729	0.237427917992	71.4436302283
gpc_7-CH2_8-CH2	155.0	0.097	0.087	5	3.65869974402	0.341957282583	-14.1880663715
gpc_7-CH2_8-CH2	155.0	0.097	0.087	6	3.65901798398	0.0141985846371	117.322112862
gpc_7-CH2_8-CH2	155.0	0.097	0.087	7	3.66367586261	0.0838514410263	-88.1104600676
gpc_7-CH2_8-CH2	155.0	0.097	0.087	8	3.66367705262	0.12607241876	268.377919713
gpc_7-CH2_8-CH2	155.0	0.097	0.087	9	3.6636796249	0.023949277256	119.596175397
gpc_7-CH2_8-CH2	155.0	0.097	0.087	10	3.67395981892	0.460056311294	98.8333219852
gpc_7-CH2_8-CH2	155.0	0.097	0.087	11	3.67396728383	0.0338573995512	183.12172355
gpc_7-CH2_8-CH2	155.0	0.097	0.087	12	3.72172131336	0.00068030559218	232.027130842
gpc_7-CH2_8-CH2	155.0	0.097	0.087	13	4.25043423145	0.00105456474961	-20.2522394613
gpc_7-CH2_8-CH2	155.0	0.097	0.087	14	4.27791347842	0.0945704680697	244.682278949
gpc_7-CH2_8-CH2	155.0	0.097	0.087	15	4.28688464036	0.0948538733411	245.948928732
gpc_7-CH2_8-CH2	155.0	0.097	0.087	16	4.28818766407	0.0420918356381	74.1803898896
gpc_7-CH2_8-CH2	155.0	0.097	0.087	17	4.29317939949	0.0706420230281	-1.57143469232
gpc_7-CH2_8-CH2	155.0	0.097	0.087	18	4.29586893624	0.0933609262053	247.569001623
gpc_7-CH2_8-CH2	155.0	0.097	0.087	19	4.29756055145	0.0653769904947	62.999281502
gpc_7-CH2_8-CH2	155.0	0.097	0.087	20	4.29760893564	0.0407837050968	-82.5748543529
gpc_7-CH2_8-CH2	155.0	0.097	0.087	21	4.30212873584	0.0664754879712	0.443507994009
gpc_7-CH2_8-CH2	155.0	0.097	0.087	22	4.30615438911	0.0414883092061	77.2396975642
gpc_7-CH2_8-CH2	155.0	0.097	0.087	23	4.30658673879	0.0410534722121	-84.0498429381
gpc_7-CH2_8-CH2	155.0	0.097	0.087	24	4.30716588028	0.0902875175345	249.970759056
gpc_7-CH2_8-CH2	155.0	0.097	0.087	25	4.30824133816	0.0948604422028	111.720358084
gpc_7-CH2_8-CH2	155.0	0.097	0.087	26	4.30847592693	0.00297848593827	-13.4754301622
gpc_7-CH2_8-CH2	155.0	0.097	0.087	27	4.31110471611	0.0639917088786	1.80179010456
gpc_7-CH2_8-CH2	155.0	0.097	0.087	28	4.31313171859	0.0104736485865	144.888083038
gpc_7-CH2_8-CH2	155.0	0.097	0.087	29	4.31387413118	0.0121029764993	199.344594831
gpc_7-CH2_8-CH2	155.0	0.097	0.087	30	4.31557564822	0.0413346125642	-85.5007950307
gpc_7-CH2_8-CH2	155.0	0.097	0.087	31	4.31615366355	0.0879885470813	251.867989309
gpc_7-CH2_8-CH2	155.0	0.097	0.087	32	4.31727057614	0.121154759738	94.1792452903
gpc_7-CH2_8-CH2	155.0	0.097	0.087	33	4.31789718603	0.00766534795398	160.203724405
gpc_7-CH2_8-CH2	155.0	0.097	0.087	34	4.31789720277	0.000932893066889	-54.8352968428
gpc_7-CH2_8-CH2	155.0	0.097	0.087	35	4.32240290576	0.0636720201409	2.00591885194
gpc_7-CH2_8-CH2	155.0	0.097	0.087	36	4.32625928329	0.121556675532	92.7176507597
gpc_7-CH2_8-CH2	155.0	0.097	0.087	37	4.32687501785	0.0416524623739	-86.9687827964
gpc_7-CH2_8-CH2	155.0	0.097	0.087	38	4.32831487917	0.00718334955276	33.0321331133
gpc_7-CH2_8-CH2	155.0	0.097	0.087	39	4.32864716427	0.0105326184378	174.94510199
gpc_7-CH2_8-CH2	155.0	0.097	0.087	40	4.33139585558	0.0651202215125	0.74415072831
gpc_7-CH2_8-CH2	155.0	0.097	0.087	41	4.33586397748	0.0418391414666	-87.646573721
gpc_7-CH2_8-CH2	155.0	0.097	0.087	42	4.3374653401	0.0815067863174	97.0220949584
gpc_7-CH2_8-CH2	155.0	0.097	0.087	43	4.34645246422	0.0820708034035	96.5099962321
gpc_7-CH2_8-CH2	155.0	0.097	0.087	44	4.37657161832	0.000745631777302	126.884740564
lactate	155.0	0.039	0.087	0	1.30248919197	0.560351492936	-62.9671770184
lactate	155.0	0.039	0.087	1	1.32578248212	0.315842967306	-78.0865706606
lactate	155.0	0.039	0.087	2	1.32591149845	0.11404379005	269.744192126
lactate	155.0	0.039	0.087	3	4.06255628652	0.130124280783	199.396620337
lactate	155.0	0.039	0.087	4	4.08587978869	0.368051938763	179.467883898
lactate	155.0	0.039	0.087	5	4.10920991832	0.368803693248	167.81059674
lactate	155.0	0.039	0.087	6	4.13253700483	0.120766241258	151.1097188
naa_acetyl	155.0	1.0	0.13	0	2.008	1.80562572194	38.220106684
naa_aspartate	155.0	1.0	0.069	0	2.42994715	0.10340843954	28.9790800577
naa_aspartate	155.0	1.0	0.069	1	2.46264924677	0.134633411262	259.823076771
naa_aspartate	155.0	1.0	0.069	2	2.4824073827	0.331500811006	213.774155513
naa_aspartate	155.0	1.0	0.069	3	2.51510946534	0.331699555609	43.5003821303
naa_aspartate	155.0	1.0	0.069	4	2.63340731915	0.329538992524	191.45244396
naa_aspartate	155.0	1.0	0.069	5	2.64673836806	0.339953206187	-29.2524770639
naa_aspartate	155.0	1.0	0.069	6	2.68586757207	0.142195651107	34.7626007916
naa_aspartate	155.0	1.0	0.069	7	2.69919862359	0.137088277287	112.102155098
naa_aspartate	155.0	1.0	0.069	8	4.33805226897	0.11823731714	190.012633384
naa_aspartate	155.0	1.0	0.069	9	4.3513830937	0.109258698298	-48.6836804672
naa_aspartate	155.0	1.0	0.069	10	4.35958461114	0.114349080391	197.598359006
naa_aspartate	155.0	1.0	0.069	11	4.3707545707	0.119116192108	21.3544342335
naa_aspartate	155.0	1.0	0.069	12	4.37291590033	0.115200221702	-35.5537041475
naa_aspartate	155.0	1.0	0.069	13	4.38408539298	0.109540408681	156.787495667
naa_aspartate	155.0	1.0	0.069	14	4.39228650928	0.120317397409	44.6953080643
naa_aspartate	155.0	1.0	0.069	15	4.40561779602	0.115564504827	161.914179277
myoinositol	155.0	0.578	0.087	0	3.23623846728	0.126074241937	134.01036108
myoinositol	155.0	0.578	0.087	1	3.23766410802	0.0370411495447	61.5326434727
myoinositol	155.0	0.578	0.087	2	3.26498997593	0.0526668115777	48.5005111867
myoinositol	155.0	0.578	0.087	3	3.26744536869	0.301433043532	-24.5792300459
myoinositol	155.0	0.578	0.087	4	3.26796389528	0.05869128849	36.0820234137
myoinositol	155.0	0.578	0.087	5	3.26990678577	0.0623080654037	-47.8662896956
myoinositol	155.0	0.578	0.087	6	3.29716919191	0.030724575769	-69.4689620247
myoinositol	155.0	0.578	0.087	7	3.29859910972	0.274471375555	220.699188785
myoinositol	155.0	0.578	0.087	8	3.37726784266	0.00235355390643	-35.3695346523
myoinositol	155.0	0.578	0.087	9	3.38674546566	0.00186193258652	-28.3085373087
myoinositol	155.0	0.578	0.087	10	3.49713827421	0.267784330219	8.0922814443
myoinositol	155.0	0.578	0.087	11	3.50607807201	0.21561104236	238.822410902
myoinositol	155.0	0.578	0.087	12	3.50716898626	0.182745454027	177.146909064
myoinositol	155.0	0.578	0.087	13	3.53059464688	0.702416490182	153.842486618
myoinositol	155.0	0.578	0.087	14	3.54029728708	0.538436496364	2.38637560418
myoinositol	155.0	0.578	0.087	15	3.58587975419	0.696526365244	148.655655835
myoinositol	155.0	0.578	0.087	16	3.61678309049	0.54431417613	24.1770279811
myoinositol	155.0	0.578	0.087	17	3.61956866502	0.386811002418	-65.49119715
myoinositol	155.0	0.578	0.087	18	3.65042455135	0.270688099716	170.634244516
myoinositol	155.0	0.578	0.087	19	4.04425818647	0.232624012266	147.207988205
myoinositol	155.0	0.578	0.087	20	4.05390109328	0.432461200144	-8.78682299192
myoinositol	155.0	0.578	0.087	21	4.06351218464	0.232557153754	200.585805535
naag_glutamate	155.0	0.16	0.087	0	1.871	0.66723456651	71.2495875167
naag_glutamate	155.0	0.16	0.087	1	2.039	0.647606375879	27.2006930585
naag_glutamate	155.0	0.16	0.087	2	2.17	0.686332043209	45.8780710818
naag_glutamate	155.0	0.16	0.087	3	2.18	0.703859445925	41.0201734515
naag_glutamate	155.0	0.16	0.087	4	4.118	0.994757831666	-6.1724270775
pcho_N(CH3)3_a	155.0	0.058	0.121	0	3.2060818805	1.31874685515	-6.91611352008
pcho_N(CH3)3_a	155.0	0.058	0.121	1	3.20799956052	0.076251785342	133.493480612
pcho_N(CH3)3_a	155.0	0.058	0.121	2	3.20799956092	0.121996220577	179.667892836
pcho_N(CH3)3_a	155.0	0.058	0.121	3	3.20799956094	0.132677703991	39.84649016
pcho_N(CH3)3_a	155.0	0.058	0.121	4	3.20799956114	0.0168239352267	258.904263834
pcho_N(CH3)3_a	155.0	0.058	0.121	5	3.20799956117	0.0212343741756	-79.5994347001
pcho_N(CH3)3_a	155.0	0.058	0.121	6	3.20991736486	0.0468178545457	-17.1409249172
pcho_N(CH3)3_a	155.0	0.058	0.121	7	3.20991776128	0.0981221557426	125.453667274
pcho_N(CH3)3_a	155.0	0.058	0.121	8	3.20991785625	0.1201991794	53.4692350583
pcho_N(CH3)3_a	155.0	0.058	0.121	9	3.20991768054	0.0402405244684	222.165565849
naag_aspartyl	155.0	0.16	0.087	0	2.46274169543	0.110724156051	25.6070602782
naag_aspartyl	155.0	0.16	0.087	1	2.49450147826	0.147244409728	-65.0455139204
naag_aspartyl	155.0	0.16	0.087	2	2.51627255614	0.341550224345	195.748954221
naag_aspartyl	155.0	0.16	0.087	3	2.54803233898	0.322066558449	29.5982640809
naag_aspartyl	155.0	0.16	0.087	4	2.68014621287	0.343378442883	216.269562305
naag_aspartyl	155.0	0.16	0.087	5	2.69524501619	0.323040108605	-32.356701597
naag_aspartyl	155.0	0.16	0.087	6	2.73367707359	0.08973610943	40.0615806087
naag_aspartyl	155.0	0.16	0.087	7	2.7487758769	0.180732914014	80.381899532
naag_aspartyl	155.0	0.16	0.087	8	4.57372264483	0.267657989479	22.8900172839
naag_aspartyl	155.0	0.16	0.087	9	4.58882144815	0.186390495867	127.809716572
naag_aspartyl	155.0	0.16	0.087	10	4.60548242767	0.20843172937	238.870001948
naag_aspartyl	155.0	0.16	0.087	11	4.62058123099	0.248278992925	-26.0905852645
naag_acetyl	155.0	0.16	0.13	0	2.032	1.90137750851	29.7717984079
pcho_N(CH3)3_b	155.0	0.058	0.121	0	3.20608188019	1.64838796561	-6.9161193894
pcho_N(CH3)3_b	155.0	0.058	0.121	1	3.20799956074	0.135051843934	165.781913391
pcho_N(CH3)3_b	155.0	0.058	0.121	2	3.207999561	0.320751784003	-3.18111838888
pcho_N(CH3)3_b	155.0	0.058	0.121	3	3.20799956098	0.091205969703	174.265168189
pcho_N(CH3)3_b	155.0	0.058	0.121	4	3.20799956098	0.121565740815	50.6418870737
pcho_N(CH3)3_b	155.0	0.058	0.121	5	3.2079995608	0.0326020404604	257.519905185
pcho_N(CH3)3_b	155.0	0.058	0.121	6	3.20799956117	0.194657168017	-7.25508682772
pcho_N(CH3)3_b	155.0	0.058	0.121	7	3.20799956129	0.0533484036277	-65.5206464885
pcho_N(CH3)3_b	155.0	0.058	0.121	8	3.20991767172	0.74584017008	-6.32196500496
pcho_N(CH3)3_b	155.0	0.058	0.121	9	3.20991781102	0.0462170920052	165.271624659
pcho_N(CH3)3_b	155.0	0.058	0.121	10	3.20991763889	0.0633878675921	107.158807379
pcho_N(CH3)3_b	155.0	0.058	0.121	11	3.20991783446	0.575281388974	-2.74927136636
pcr_X	155.0	0.422	0.081	0	3.93	1.98959120188	-7.67789730773
pcho_X	155.0	0.058	0.087	0	3.62472352864	0.358398811644	255.839393949
pcho_X	155.0	0.058	0.087	1	3.62455171624	0.00681062969111	157.010735871
pcho_X	155.0	0.058	0.087	2	3.62456290995	0.0428455767586	-86.3743468875
pcho_X	155.0	0.058	0.087	3	3.62486445768	0.0197801746285	51.1981970989
pcho_X	155.0	0.058	0.087	4	3.63118587312	0.101433757194	148.601856515
pcho_X	155.0	0.058	0.087	5	3.63354008185	0.114754253662	115.81627311
pcho_X	155.0	0.058	0.087	6	3.63354360984	0.0090759109694	16.8826352136
pcho_X	155.0	0.058	0.087	7	3.64068677181	0.342400955228	-13.2003766028
pcho_X	155.0	0.058	0.087	8	3.64092173621	0.0226141550475	234.768739518
pcho_X	155.0	0.058	0.087	9	3.64823665108	0.118354920042	228.501199377
pcho_X	155.0	0.058	0.087	10	3.64823331038	0.0060064715449	40.9826160668
pcho_X	155.0	0.058	0.087	11	3.65059082677	0.0919804242789	186.922854185
pcho_X	155.0	0.058	0.087	12	3.65059520074	0.00343421762035	81.0452820911
pcho_X	155.0	0.058	0.087	13	3.65678557304	0.458308798397	86.3650590073
pcho_X	155.0	0.058	0.087	14	3.65689234987	0.0321666787868	-73.6440369748
pcho_X	155.0	0.058	0.087	15	3.73913755203	0.00487457005734	121.167457838
pcho_X	155.0	0.058	0.087	16	3.7391474082	0.00231077264605	224.212772645
pcho_X	155.0	0.058	0.087	17	4.16263165485	0.000754552188147	218.00718455
pcho_X	155.0	0.058	0.087	18	4.17179708887	0.000927433625028	225.193217856
pcho_X	155.0	0.058	0.087	19	4.18097324255	0.0010539424907	227.88405975
pcho_X	155.0	0.058	0.087	20	4.18372970344	0.00330954279506	228.179569203
pcho_X	155.0	0.058	0.087	21	4.19289614942	0.00109729945447	227.781160897
pcho_X	155.0	0.058	0.087	22	4.20207332867	0.00103004771567	226.532418278
pcho_X	155.0	0.058	0.087	23	4.24499699866	0.0902201056573	257.333521245
pcho_X	155.0	0.058	0.087	24	4.25117623034	0.0183531965783	152.971281441
pcho_X	155.0	0.058	0.087	25	4.25353002872	0.0247615264972	115.235313717
pcho_X	155.0	0.058	0.087	26	4.25415242831	0.0935018036933	257.982765267
pcho_X	155.0	0.058	0.087	27	4.26034183364	0.0184409381158	156.026356478
pcho_X	155.0	0.058	0.087	28	4.26042599344	0.0374415696273	11.920232452
pcho_X	155.0	0.058	0.087	29	4.26193398259	0.0393593411344	-22.8607046716
pcho_X	155.0	0.058	0.087	30	4.26269565333	0.024432371206	116.394925174
pcho_X	155.0	0.058	0.087	31	4.26332169468	0.0943738760343	259.119450585
pcho_X	155.0	0.058	0.087	32	4.26596979985	0.0216690224431	-57.652477049
pcho_X	155.0	0.058	0.087	33	4.26622459071	0.00101072350919	251.357622226
pcho_X	155.0	0.058	0.087	34	4.2682295992	0.0231158910827	236.282675183
pcho_X	155.0	0.058	0.087	35	4.27002357469	0.0352166487472	177.509309299
pcho_X	155.0	0.058	0.087	36	4.2702802221	0.0721704711378	-2.28586881268
pcho_X	155.0	0.058	0.087	37	4.27187302922	0.0239527578235	117.872004394
pcho_X	155.0	0.058	0.087	38	4.27228196813	0.00544598384464	-67.9744516099
pcho_X	155.0	0.058	0.087	39	4.2746358202	0.00295775176545	42.0487983068
pcho_X	155.0	0.058	0.087	40	4.27524475345	0.0925188263372	261.373296209
pcho_X	155.0	0.058	0.087	41	4.27705756368	0.0798655112177	95.7988093697
pcho_X	155.0	0.058	0.087	42	4.27739365253	0.0230309265911	233.825898158
pcho_X	155.0	0.058	0.087	43	4.27938889413	0.0672661480569	1.00674946202
pcho_X	155.0	0.058	0.087	44	4.27974747222	0.0170436585658	196.03238379
pcho_X	155.0	0.058	0.087	45	4.28144755342	0.018625728438	163.495670995
pcho_X	155.0	0.058	0.087	46	4.28152751838	0.00502879104429	63.4575738895
pcho_X	155.0	0.058	0.087	47	4.28353502202	0.0352917002971	132.013234029
pcho_X	155.0	0.058	0.087	48	4.28429716584	0.0500544771385	255.196393327
pcho_X	155.0	0.058	0.087	49	4.28457042368	0.0397636619147	-85.8391452036
pcho_X	155.0	0.058	0.087	50	4.28622475149	0.0796352737633	92.6207013779
pcho_X	155.0	0.058	0.087	51	4.28656905173	0.0229200966399	230.905698247
pcho_X	155.0	0.058	0.087	52	4.28892291781	0.0175046412654	193.744404069
pcho_X	155.0	0.058	0.087	53	4.28933355904	0.0154985781353	-77.8378905091
pcho_X	155.0	0.058	0.087	54	4.29062489313	0.0186940174081	166.2238811
pcho_X	155.0	0.058	0.087	55	4.2913088877	0.0685510004316	0.236538197586
pcho_X	155.0	0.058	0.087	56	4.29297881002	0.0226205078714	121.838467586
pcho_X	155.0	0.058	0.087	57	4.29540335256	0.079742503925	88.9960134453
pcho_X	155.0	0.058	0.087	58	4.29836835627	0.0309453173844	234.994854353
pcho_X	155.0	0.058	0.087	59	4.29832482014	0.00592546073372	90.1549914686
pcho_X	155.0	0.058	0.087	60	4.30045894637	0.0628879421489	4.59952958025
pcho_X	155.0	0.058	0.087	61	4.300851686	0.0181979424443	190.514534422
pcho_X	155.0	0.058	0.087	62	4.30733399568	0.080595724873	84.6073935639
pcho_X	155.0	0.058	0.087	63	4.30767344445	0.0227014646135	224.952095758
pcho_X	155.0	0.058	0.087	64	4.31002736134	0.0187120358259	188.295322062
pcho_X	155.0	0.058	0.087	65	4.31651090098	0.0813549817611	82.1340765409
pcho_X	155.0	0.058	0.087	66	4.38082028267	0.00113321148245	53.1407226613
pcr_N(CH3)	155.0	0.422	0.09	0	3.029	2.99293927176	-1.80497193547
peth	155.0	0.126	0.087	0	3.11672856915	0.00112521322215	176.015214846
peth	155.0	0.126	0.087	1	3.19872386538	0.159449465113	255.334719531
peth	155.0	0.126	0.087	2	3.19893161527	0.0454988819183	-12.3262301688
peth	155.0	0.126	0.087	3	3.19907124109	0.177702652239	-77.6323702639
peth	155.0	0.126	0.087	4	3.20942671622	0.185673562983	95.4148892184
peth	155.0	0.126	0.087	5	3.20924719093	0.0114224199039	-76.3972802959
peth	155.0	0.126	0.087	6	3.21555097067	0.415762649991	-9.8913649015
peth	155.0	0.126	0.087	7	3.21518723131	0.019719562206	249.967440922
peth	155.0	0.126	0.087	8	3.2160790825	0.0167116543959	161.298362098
peth	155.0	0.126	0.087	9	3.22221953199	0.00728876986205	184.123465573
peth	155.0	0.126	0.087	10	3.22246486583	0.225092332567	250.237562541
peth	155.0	0.126	0.087	11	3.22272311489	0.0108318607578	98.1280387167
peth	155.0	0.126	0.087	12	3.23264257022	0.450871432584	78.6117610207
peth	155.0	0.126	0.087	13	3.23281524204	0.0101259635432	-31.5835898163
peth	155.0	0.126	0.087	14	3.31453774467	0.0020821208304	4.06604738704
peth	155.0	0.126	0.087	15	3.94581950109	0.0352385480081	-86.0647022066
peth	155.0	0.126	0.087	16	3.94611773345	0.0488267708321	261.492069504
peth	155.0	0.126	0.087	17	3.9475873003	0.0352679462489	-86.2178011995
peth	155.0	0.126	0.087	18	3.94788809612	0.0490838521727	261.066575951
peth	155.0	0.126	0.087	19	3.94935730274	0.0352868796672	-86.4218796886
peth	155.0	0.126	0.087	20	3.9496570925	0.0492499441982	260.719570051
peth	155.0	0.126	0.087	21	3.95617021215	0.0442558607926	95.8733557713
peth	155.0	0.126	0.087	22	3.95794004165	0.0443879155599	95.6525209348
peth	155.0	0.126	0.087	23	3.9597107549	0.0444598595473	95.483002259
peth	155.0	0.126	0.087	24	3.96345667223	0.117831094219	-1.09640878026
peth	155.0	0.126	0.087	25	3.96611193002	0.135040243773	-14.6044796995
peth	155.0	0.126	0.087	26	3.96920895067	0.038099836118	249.42822161
peth	155.0	0.126	0.087	27	3.97000103599	0.00942284643923	129.619999121
peth	155.0	0.126	0.087	28	3.97125611626	0.0594746961529	-80.3923455033
peth	155.0	0.126	0.087	29	3.97194208437	0.125642626621	254.225787073
peth	155.0	0.126	0.087	30	3.97353309793	0.0392754833561	-89.2558594003
peth	155.0	0.126	0.087	31	3.97383808356	0.0499413680478	261.084629424
peth	155.0	0.126	0.087	32	3.97983152675	0.0886811302152	71.8414724778
peth	155.0	0.126	0.087	33	3.98245184891	0.204034333922	84.5761049771
peth	155.0	0.126	0.087	34	3.98414213022	0.0235276313957	91.468690543
peth	155.0	0.126	0.087	35	3.98674994644	0.0183509124293	-70.7264802855
peth	155.0	0.126	0.087	36	3.98762904672	0.00559412043955	91.6545797509
peth	155.0	0.126	0.087	37	3.98852125534	0.0360631707986	34.2111034704
peth	155.0	0.126	0.087	38	3.98939532029	0.0448762726978	-26.9029757384
peth	155.0	0.126	0.087	39	3.99029116657	0.0363663064423	34.5643767861
peth	155.0	0.126	0.087	40	3.99116383508	0.0443300847651	-26.7478127349
peth	155.0	0.126	0.087	41	3.99314552716	0.00407619668274	257.082199676
peth	155.0	0.126	0.087	42	3.99366395751	0.0123707865422	-15.066686741
peth	155.0	0.126	0.087	43	3.99516078562	0.0371549996639	252.0774862
peth	155.0	0.126	0.087	44	3.99693076919	0.0371984468887	252.023040402
peth	155.0	0.126	0.087	45	4.00375726558	0.0148745005157	-37.1335591296
peth	155.0	0.126	0.087	46	4.00407901361	0.00286774698951	247.420527648
peth	155.0	0.126	0.087	47	4.00568305214	0.063952800384	75.0568710098
peth	155.0	0.126	0.087	48	4.00745309389	0.0640699147351	74.5248689249
peth	155.0	0.126	0.087	49	4.0861004598	0.000750032394901	91.4851871067
taurine	155.0	0.117	0.085	0	3.2209127337	0.187130447012	4.39185019053
taurine	155.0	0.117	0.085	1	3.22397870406	0.196894903042	-54.2911799134
taurine	155.0	0.117	0.085	2	3.24327159192	0.249641051476	-18.0320493387
taurine	155.0	0.117	0.085	3	3.24589854794	0.454249807487	-7.09363171554
taurine	155.0	0.117	0.085	4	3.24772584198	0.0218818524199	-37.4582987816
taurine	155.0	0.117	0.085	5	3.26532934784	0.310496002354	-11.7997931471
taurine	155.0	0.117	0.085	6	3.26768692835	0.357016125628	27.8831679771
taurine	155.0	0.117	0.085	7	3.39881286344	0.356741187435	-43.4892083563
taurine	155.0	0.117	0.085	8	3.40117086037	0.310403867829	-3.81495583792
taurine	155.0	0.117	0.085	9	3.41877394265	0.0218906885437	21.7279855798
taurine	155.0	0.117	0.085	10	3.42060148199	0.454900000604	-8.63081419785
taurine	155.0	0.117	0.085	11	3.42322212846	0.251263144561	2.4345254946
taurine	155.0	0.117	0.085	12	3.44252147965	0.197446626289	38.7044191428
taurine	155.0	0.117	0.085	13	3.4455870826	0.186996758794	-19.4512966439
scyllo-inositol	155.0	0.044	0.087	0	3.34	5.98146449996	-7.82585735184
lm1	155.0	1.0	0.945781	L	50.72009	3.550126	-1.138201
lm2	155.0	1.0	1.475781	L	54.12614	2.855701	0.05457026
lm3	155.0	1.0	1.705781	L	68.32043	3.90728	-0.06015777
lm4	155.0	1.0	2.115781	L	96.4358	4.719139	-0.09620739
lm5	155.0	1.0	2.315781	L	69.70896	2.784562	-0.5775946
lm6	155.0	1.0	3.015781	L	42.72932	1.01768	-0.6582785
lm7	155.0	1.0	3.9854041	L	29.64625	1.209407	0.2889715
lm8	155.0	1.0	7.125781	L	274.476	4.046641	0.3027004
lm9	155.0	1.0	7.855781	L	37.37627	1.313574	0.02022181
lm10	155.0	1.0	2.655781	L	121.4557	2.349968	-0.5826102
lm11	155.0	1.0	1.235781	L	30.68139	0.7444791	-1.138201
lm12	155.0	1.0	-0.62824	L	1789.202	21.51878	-3.652967
lm13	155.0	1.0	3.295781	L	109.4958	1.665539	0.1635756
lm14	155.0	1.0	3.705781	L	169.6304	4.873533	-1.354319
