;PINTS for FITMAN Simulation Output
;Experiment Information
;---------------------------------------------------------------------------
;Name: semi-LASER (Bruker)
;Created: 2020_09_02
;Comment: Density-matrix simulations of metabolites using PyGAMMA and metabolite parameters from V. Govindaraju et. al, NMR Biomed. 2000;13:129-153
;PI: LAPTOP-ECN802UB
;b0: 400.2
;50 Metabolites: alanine, aspartate, choline_1-CH2_2-CH2, choline_N(CH3)3_a, choline_N(CH3)3_b, creatine_N(CH3), creatine_X, d-glucose-alpha, d-glucose-beta, eth, gaba, glutamate, glutamine, glutathione_cysteine, glutathione_glutamate, glutathione_glycine, glycine, gpc_7-CH2_8-CH2, gpc_glycerol, gpc_N(CH3)3_a, gpc_N(CH3)3_b, lactate, myoinositol, naa_acetyl, naa_aspartate, naag_acetyl, naag_aspartyl, naag_glutamate, pcho_N(CH3)3_a, pcho_N(CH3)3_b, pcho_X, pcr_N(CH3), pcr_X, peth, scyllo-inositol, taurine
;Simulation Results
;---------------------------------------------------------------------------
choline_N(CH3)3_a	136.0	0.165	0.121	0	3.1836729588646433	0.9510621694092979	140.42456291035313
choline_N(CH3)3_a	136.0	0.165	0.121	1	3.185827377236673	0.4098271134021408	216.80690209798382
choline_N(CH3)3_a	136.0	0.165	0.121	2	3.1858551824976735	0.41250593896723403	223.1275385427017
choline_N(CH3)3_a	136.0	0.165	0.121	3	3.1857583912799887	0.2499246917820398	-30.60588836506176
choline_N(CH3)3_a	136.0	0.165	0.121	4	3.18563242993817	0.18458157664143063	-1.3782212141916261
choline_N(CH3)3_a	136.0	0.165	0.121	5	3.1857753366959414	0.10309872778653047	95.4394653657343
choline_N(CH3)3_a	136.0	0.165	0.121	6	3.186424287815133	0.04128063939939955	169.34192249206785
choline_1-CH2_2-CH2	136.0	0.165	0.087	0	3.4881463291539543	0.14578110914667938	93.2934281113859
choline_1-CH2_2-CH2	136.0	0.165	0.087	1	3.4882000585475534	0.034277048029338154	-73.1309891555228
choline_1-CH2_2-CH2	136.0	0.165	0.087	2	3.496163373758202	0.13183377911511102	102.1339673272733
choline_1-CH2_2-CH2	136.0	0.165	0.087	3	3.5007107494222645	0.22563144397215654	99.76849525231472
choline_1-CH2_2-CH2	136.0	0.165	0.087	4	3.500373590117791	0.04708753110368193	157.54139342675563
choline_1-CH2_2-CH2	136.0	0.165	0.087	5	3.501051483522178	0.009458977818328345	-41.17314302718654
choline_1-CH2_2-CH2	136.0	0.165	0.087	6	3.5057596102081248	0.1795010521005432	98.31998685116133
choline_1-CH2_2-CH2	136.0	0.165	0.087	7	3.5135198196579727	0.4432422656620712	105.26843722126961
choline_1-CH2_2-CH2	136.0	0.165	0.087	8	3.5714150203393435	0.0012319366498195364	226.69254594961942
choline_1-CH2_2-CH2	136.0	0.165	0.087	9	3.9901425267102244	0.0026694014455043466	20.956127992473924
choline_1-CH2_2-CH2	136.0	0.165	0.087	10	4.034911125655853	0.17201219277986002	155.3478977273902
choline_1-CH2_2-CH2	136.0	0.165	0.087	11	4.041867956957384	0.2445718740413289	159.46825839297617
choline_1-CH2_2-CH2	136.0	0.165	0.087	12	4.047628940116735	0.10996395914271342	175.41720895179444
choline_1-CH2_2-CH2	136.0	0.165	0.087	13	4.047930454852093	0.010020478658212878	236.28234623609632
choline_1-CH2_2-CH2	136.0	0.165	0.087	14	4.048169952649643	0.013587966580744735	72.97348194744849
choline_1-CH2_2-CH2	136.0	0.165	0.087	15	4.04923718203788	0.07960017520816887	163.16742493404078
choline_1-CH2_2-CH2	136.0	0.165	0.087	16	4.0522748755965745	0.07369952013271415	165.37841649492316
choline_1-CH2_2-CH2	136.0	0.165	0.087	17	4.054195955062421	0.11565195041291965	176.5411440312029
choline_1-CH2_2-CH2	136.0	0.165	0.087	18	4.055764943983297	0.009249062517055375	238.3573095284912
choline_1-CH2_2-CH2	136.0	0.165	0.087	19	4.055839903700203	0.01569166662222856	-39.27994948208274
choline_1-CH2_2-CH2	136.0	0.165	0.087	20	4.059791250558915	0.21980172685412253	164.50084872268246
choline_1-CH2_2-CH2	136.0	0.165	0.087	21	4.060510629701573	0.04754564801052762	16.95091374197743
choline_1-CH2_2-CH2	136.0	0.165	0.087	22	4.061183956931778	0.04524844396734052	79.21611518490154
choline_1-CH2_2-CH2	136.0	0.165	0.087	23	4.065362612269761	0.040874910491547976	-83.59016950554414
choline_1-CH2_2-CH2	136.0	0.165	0.087	24	4.065437571986667	0.012630311534448104	55.46550303734351
choline_1-CH2_2-CH2	136.0	0.165	0.087	25	4.0668332878719795	0.14205273692238057	160.0670219413144
choline_1-CH2_2-CH2	136.0	0.165	0.087	26	4.073273152420762	0.025038352192640084	265.5065500440895
choline_1-CH2_2-CH2	136.0	0.165	0.087	27	4.073525194506334	0.02672351990829358	-43.413521817423515
choline_1-CH2_2-CH2	136.0	0.165	0.087	28	4.131552059923126	0.002952137031246699	137.26064458625916
aspartate	136.0	0.117	0.087	0	2.6170290403179397	0.14542804703221116	103.72078441331747
aspartate	136.0	0.117	0.087	1	2.639532628339633	0.12572575357945406	108.52442857973486
aspartate	136.0	0.117	0.087	2	2.660570007404799	0.14706415443318532	-61.2392047030263
aspartate	136.0	0.117	0.087	3	2.683073595426493	0.1181564046968376	-54.45327562883574
aspartate	136.0	0.117	0.087	4	2.7777729755893583	0.15800789708289692	-24.058078346695794
aspartate	136.0	0.117	0.087	5	2.787136191735983	0.14986907583791662	-19.361106996652083
aspartate	136.0	0.117	0.087	6	2.821313942676217	0.169261334180723	203.14587998916255
aspartate	136.0	0.117	0.087	7	2.8306771588228425	0.19139629685039486	200.8248283816041
aspartate	136.0	0.117	0.087	8	3.8755902128375244	0.25774323150099665	122.22583278348927
aspartate	136.0	0.117	0.087	9	3.88495342898415	0.24973882633648806	121.77675724536671
aspartate	136.0	0.117	0.087	10	3.8980938008592183	0.24979837078846934	122.45495902499766
aspartate	136.0	0.117	0.087	11	3.907457017005843	0.21738420829252997	131.7021155193691
alanine	136.0	0.078	0.087	0	1.4576324809576189	0.16557348417699044	-0.8131958303556814
alanine	136.0	0.078	0.087	1	1.4756938970794473	0.20893579071139623	-39.47548387337159
alanine	136.0	0.078	0.087	2	3.7475930712425107	0.05844045766656233	73.43033888033062
alanine	136.0	0.078	0.087	3	3.7656686256617613	0.35915484894101424	178.79336514216644
alanine	136.0	0.078	0.087	4	3.783743721323244	0.34825184258124187	147.64988415558418
alanine	136.0	0.078	0.087	5	3.801819294161656	0.11640247937331	141.4830133762411
creatine_X	136.0	0.296	0.081	0	3.913	1.9617549662819949	135.87603595565375
choline_N(CH3)3_b	136.0	0.165	0.121	0	3.1838212931644883	1.3366789883285246	136.92513277640143
choline_N(CH3)3_b	136.0	0.165	0.121	1	3.185140414454694	0.08735171163841887	-74.11358574075268
choline_N(CH3)3_b	136.0	0.165	0.121	2	3.18545123319115	0.2046701228881028	186.61683606121733
choline_N(CH3)3_b	136.0	0.165	0.121	3	3.1858698740506393	0.26218153665007327	46.85265035568723
choline_N(CH3)3_b	136.0	0.165	0.121	4	3.1850080547908517	0.11243498868588717	221.52719453344176
choline_N(CH3)3_b	136.0	0.165	0.121	5	3.1852789280248994	0.061074570184379506	-58.12921752933369
choline_N(CH3)3_b	136.0	0.165	0.121	6	3.1864241600591594	0.48273026244651196	94.55752345455676
d-glucose-alpha	136.0	0.049	0.087	0	3.321357856951373	0.0003543288521077551	141.85760786603745
d-glucose-alpha	136.0	0.049	0.087	1	3.3446656771701653	0.00101054283971968	90.73361033697316
d-glucose-alpha	136.0	0.049	0.087	2	3.3639334697324976	0.005160466941207507	51.1010804419584
d-glucose-alpha	136.0	0.049	0.087	3	3.364069265426114	0.0014530497828275826	163.65998764940292
d-glucose-alpha	136.0	0.049	0.087	4	3.370210084440841	0.025217964957093098	40.76019746258218
d-glucose-alpha	136.0	0.049	0.087	5	3.3708457906063676	0.06762019089112717	161.03283184965227
d-glucose-alpha	136.0	0.049	0.087	6	3.371757581133379	0.017501899304641005	119.7511499442934
d-glucose-alpha	136.0	0.049	0.087	7	3.387257453211485	0.0038181928838046824	-4.354943720169516
d-glucose-alpha	136.0	0.049	0.087	8	3.3945584269827296	0.12267962319187957	104.85443355032659
d-glucose-alpha	136.0	0.049	0.087	9	3.3935228130699886	0.012653929710658957	239.6873721271554
d-glucose-alpha	136.0	0.049	0.087	10	3.3945039921675395	0.1561798769441988	127.40000983630837
d-glucose-alpha	136.0	0.049	0.087	11	3.3935441873088785	0.0023879314978937282	-47.83608758028143
d-glucose-alpha	136.0	0.049	0.087	12	3.3947880624601066	0.0012153076284622526	187.24384093056904
d-glucose-alpha	136.0	0.049	0.087	13	3.401194952724646	0.004492173488388754	64.04227774861934
d-glucose-alpha	136.0	0.049	0.087	14	3.4177314919914927	0.10691097268867743	45.5524288369093
d-glucose-alpha	136.0	0.049	0.087	15	3.417179834484867	0.01521764735352123	-54.95754109175894
d-glucose-alpha	136.0	0.049	0.087	16	3.4181461742774815	0.010485198821552535	-14.76643149633766
d-glucose-alpha	136.0	0.049	0.087	17	3.4182968179853273	0.0018406893701301999	133.28073513261003
d-glucose-alpha	136.0	0.049	0.087	18	3.4245323891663055	0.0020850883583110854	-0.632818453302221
d-glucose-alpha	136.0	0.049	0.087	19	3.4246713709485292	0.004706929551386999	-68.66875076047023
d-glucose-alpha	136.0	0.049	0.087	20	3.4434925843700155	0.0008145690509623051	-2.9077247526889067
d-glucose-alpha	136.0	0.049	0.087	21	3.4669089909907864	0.0003976745808745694	212.83403248682825
d-glucose-alpha	136.0	0.049	0.087	22	3.5014186075228855	0.07546743989930994	257.668964064993
d-glucose-alpha	136.0	0.049	0.087	23	3.5015521070951463	0.06787419591774062	-76.21408342523756
d-glucose-alpha	136.0	0.049	0.087	24	3.5109205866799904	0.094865998518023	248.71447921555296
d-glucose-alpha	136.0	0.049	0.087	25	3.5254351905276664	0.22345878102916902	185.053431133879
d-glucose-alpha	136.0	0.049	0.087	26	3.534881264221262	0.23460790380761792	173.67745118718298
d-glucose-alpha	136.0	0.049	0.087	27	3.67557195392337	0.003152560753199975	-70.18813879655065
d-glucose-alpha	136.0	0.049	0.087	28	3.675611060348192	0.06904504132373578	233.05996060601547
d-glucose-alpha	136.0	0.049	0.087	29	3.6991875884953602	0.2820067510236587	169.29212052899027
d-glucose-alpha	136.0	0.049	0.087	30	3.699547732605817	0.08068375750722855	154.26266663380562
d-glucose-alpha	136.0	0.049	0.087	31	3.7212688618518346	0.025557767819838546	37.1000345971339
d-glucose-alpha	136.0	0.049	0.087	32	3.7228940941785846	0.18419460970077656	95.05482162840684
d-glucose-alpha	136.0	0.049	0.087	33	3.7290838537735898	0.019351632090552087	86.29769406311212
d-glucose-alpha	136.0	0.049	0.087	34	3.7377784640596325	0.19844685845425705	-5.991395038528552
d-glucose-alpha	136.0	0.049	0.087	35	3.7526370876451365	0.050372558081916416	81.7286337899416
d-glucose-alpha	136.0	0.049	0.087	36	3.75313247463323	0.09257237714811375	-74.08195108694676
d-glucose-alpha	136.0	0.049	0.087	37	3.761319874838247	0.040613092087584984	24.38436929555114
d-glucose-alpha	136.0	0.049	0.087	38	3.7681182621001144	0.10552649470032203	47.047519870718176
d-glucose-alpha	136.0	0.049	0.087	39	3.769130592469294	0.010071437190157054	206.15935242954896
d-glucose-alpha	136.0	0.049	0.087	40	3.7691429328393737	0.004426980661592868	-80.79654293483603
d-glucose-alpha	136.0	0.049	0.087	41	3.7691432795376296	0.005254903634045177	259.54465557737694
d-glucose-alpha	136.0	0.049	0.087	42	3.801880599582387	0.14901031027539202	-20.959052978927147
d-glucose-alpha	136.0	0.049	0.087	43	3.805372394766609	0.05479603988558457	235.81808562753423
d-glucose-alpha	136.0	0.049	0.087	44	3.8112842277081502	0.11635460691731121	30.754762221266958
d-glucose-alpha	136.0	0.049	0.087	45	3.8148186509376574	0.27406948778320683	-21.303807715568993
d-glucose-alpha	136.0	0.049	0.087	46	3.81831371768688	0.0884533130074313	160.3460631934972
d-glucose-alpha	136.0	0.049	0.087	47	3.8218076602993216	0.009605131111655918	55.615779370903034
d-glucose-alpha	136.0	0.049	0.087	48	3.8261499236948633	0.08188751385493749	231.28788128152556
d-glucose-alpha	136.0	0.049	0.087	49	3.829942735000325	0.02194895438286733	144.4416618364401
d-glucose-alpha	136.0	0.049	0.087	50	3.8299277310636315	0.028524928082115927	126.61373322281386
d-glucose-alpha	136.0	0.049	0.087	51	3.8411356362780404	0.1289839149366475	58.047092755028984
d-glucose-alpha	136.0	0.049	0.087	52	3.841944073580633	0.05352085663840434	219.64498791381718
d-glucose-alpha	136.0	0.049	0.087	53	3.8419296770522324	0.029754863701317767	-78.27774798711849
d-glucose-alpha	136.0	0.049	0.087	54	3.8453824581701666	0.1513426658711861	-5.035780666285632
creatine_N(CH3)	136.0	0.296	0.09	0	3.027000000000001	2.935361664933	172.04460879670143
eth	136.0	0.32	0.087	0	3.133325193469618	0.12110191726145389	44.132066496037815
eth	136.0	0.32	0.087	1	3.1332066209632363	0.0523408600700223	-20.755813420467277
eth	136.0	0.32	0.087	2	3.1333916811071045	0.10932590129936795	224.40995140742857
eth	136.0	0.32	0.087	3	3.1417569492724415	0.0022615607512259084	-88.99355634584836
eth	136.0	0.32	0.087	4	3.1427879854446594	0.04129449205847909	265.260808541546
eth	136.0	0.32	0.087	5	3.142971133702601	0.1553509517929497	28.322639513209154
eth	136.0	0.32	0.087	6	3.1428271346856915	0.017425103301443288	205.4789856090742
eth	136.0	0.32	0.087	7	3.1431324501411653	0.05289660096004295	7.927638119617896
eth	136.0	0.32	0.087	8	3.1441196962276936	0.0032286393943559946	113.1534504563179
eth	136.0	0.32	0.087	9	3.1443673981824416	0.0017770912043926876	222.9456395628966
eth	136.0	0.32	0.087	10	3.1500476155753905	0.018662926106408954	225.65436799328972
eth	136.0	0.32	0.087	11	3.150003180445311	0.014277652847423128	-61.607350701411775
eth	136.0	0.32	0.087	12	3.150236653827941	0.11331300909430311	7.810247765075829
eth	136.0	0.32	0.087	13	3.150155576884099	0.03230368045970203	91.06368126117964
eth	136.0	0.32	0.087	14	3.1516075605295457	0.0032292752901355924	260.7529542738614
eth	136.0	0.32	0.087	15	3.1598634473796023	0.10864453445465694	-27.86723130893901
eth	136.0	0.32	0.087	16	3.1596723085528864	0.12114162967209506	207.91047569727647
eth	136.0	0.32	0.087	17	3.15990833789303	0.005239700052025532	94.28411021176403
eth	136.0	0.32	0.087	18	3.8035374970218263	0.06768759578171649	155.17641460720398
eth	136.0	0.32	0.087	19	3.8051934150708675	0.08057019203781293	163.4407517580706
eth	136.0	0.32	0.087	20	3.805139688764546	0.026363606573543683	261.3830061329268
eth	136.0	0.32	0.087	21	3.8054786168272665	0.0495167509591547	-74.34053562788682
eth	136.0	0.32	0.087	22	3.805770153670441	0.013154570575005764	25.64155046148197
eth	136.0	0.32	0.087	23	3.8068430959197705	0.05274220226997501	227.85719712805098
eth	136.0	0.32	0.087	24	3.8141152701836023	0.19260227905756994	148.34647818026144
eth	136.0	0.32	0.087	25	3.8149296959134658	0.03924309849009765	197.14881842309774
eth	136.0	0.32	0.087	26	3.8150871196860376	0.04216105527099431	-5.422304464243183
eth	136.0	0.32	0.087	27	3.81528577872937	0.020623561458469258	-38.652771356145706
eth	136.0	0.32	0.087	28	3.8160067546444862	0.06199067243945617	87.60720537840533
eth	136.0	0.32	0.087	29	3.8166863320353004	0.006183740295530399	179.19802255596989
eth	136.0	0.32	0.087	30	3.821264406034171	0.17888757784298442	131.25930355226313
eth	136.0	0.32	0.087	31	3.8228867993591	0.09525919237198434	1.7981258004833336
eth	136.0	0.32	0.087	32	3.8220387536264653	0.018580543804545813	-79.86896668251956
eth	136.0	0.32	0.087	33	3.8224552032619648	0.023352582968155646	243.19248905938002
eth	136.0	0.32	0.087	34	3.822651259649466	0.030938097757450298	89.64148341860155
eth	136.0	0.32	0.087	35	3.8239253329680354	0.035268360412018765	-25.636461447742548
eth	136.0	0.32	0.087	36	3.830780280416689	0.16979085486432655	104.76376009421676
eth	136.0	0.32	0.087	37	3.831723840976921	0.05194743449492206	258.49431862984386
eth	136.0	0.32	0.087	38	3.831920439078001	0.03286605471159684	16.51197247242368
eth	136.0	0.32	0.087	39	3.831986865909064	0.006858226283788973	-83.20062458135135
eth	136.0	0.32	0.087	40	3.8335454478182607	0.026174993764738905	-86.16277075636336
eth	136.0	0.32	0.087	41	3.8335500534788856	0.0404539264308838	-26.652748350878838
glutamate	136.0	0.898	0.088	0	1.9866392061953007	0.018680414613630184	186.20448285036065
glutamate	136.0	0.898	0.088	1	2.004206075723667	0.017950517847316532	205.41741565102137
glutamate	136.0	0.898	0.088	2	2.0046273676492112	0.019955411832443697	109.59591754642116
glutamate	136.0	0.898	0.088	3	2.0065320709287695	0.02181335918407819	163.77082070113985
glutamate	136.0	0.898	0.088	4	2.022197020846405	0.018586913097421012	123.55046151287023
glutamate	136.0	0.898	0.088	5	2.0238955753924643	0.04474761544894751	197.1791422436488
glutamate	136.0	0.898	0.088	6	2.024573350487171	0.022212761824221265	85.9334920623725
glutamate	136.0	0.898	0.088	7	2.0409219625346973	0.027625651217503367	246.46932918921496
glutamate	136.0	0.898	0.088	8	2.0419230982954466	0.04671017206590346	98.14335126677403
glutamate	136.0	0.898	0.088	9	2.0437955242025896	0.022261911538233217	193.77824461877492
glutamate	136.0	0.898	0.088	10	2.0588962758406177	0.017816628650335852	116.70595808681333
glutamate	136.0	0.898	0.088	11	2.0610947372210395	0.021437582418043243	216.40582305033524
glutamate	136.0	0.898	0.088	12	2.0618264155716552	0.015432682108104216	52.069054907848844
glutamate	136.0	0.898	0.088	13	2.0791289838022915	0.01738827429959246	92.36962891752073
glutamate	136.0	0.898	0.088	14	2.079863200458159	0.03206781766470279	-20.673191983325495
glutamate	136.0	0.898	0.088	15	2.0917598990817727	0.0326738611832506	-59.91628853020964
glutamate	136.0	0.898	0.088	16	2.0987470022918395	0.06943618409941732	-16.285695838682813
glutamate	136.0	0.898	0.088	17	2.1106089959851464	0.06908964905362544	-55.85812804623376
glutamate	136.0	0.898	0.088	18	2.1173601542558242	0.05635552436823382	-8.97872449113828
glutamate	136.0	0.898	0.088	19	2.1292181958328884	0.05551694270172347	-62.6015740075801
glutamate	136.0	0.898	0.088	20	2.135741818646765	0.041310889540888185	-6.074642032171553
glutamate	136.0	0.898	0.088	21	2.1475906622717718	0.03946107356015412	-72.81539952024929
glutamate	136.0	0.898	0.088	22	2.154559544134737	0.023827044417373006	-5.484889483580773
glutamate	136.0	0.898	0.088	23	2.1663574048034775	0.024063074664139997	-77.98304413675814
glutamate	136.0	0.898	0.088	24	2.28656518094918	0.0015803185543452854	50.8078633900518
glutamate	136.0	0.898	0.088	25	2.3039117799187254	0.00425875803099761	121.48449001359745
glutamate	136.0	0.898	0.088	26	2.3268173409752104	0.15052190044884536	42.02428397311759
glutamate	136.0	0.898	0.088	27	2.3441579732540903	0.11649995544179632	56.37988436224801
glutamate	136.0	0.898	0.088	28	2.347086324122445	0.13401089512790135	22.945841419649568
glutamate	136.0	0.898	0.088	29	2.3624112602791336	0.05741545459283237	56.00547414623286
glutamate	136.0	0.898	0.088	30	2.366371613939141	0.05525632753143629	-53.37838605460493
glutamate	136.0	0.898	0.088	31	3.7284417772790794	0.2328656630058128	115.00279976075446
glutamate	136.0	0.898	0.088	32	3.740286793927533	0.14934351877120433	73.9207367869071
glutamate	136.0	0.898	0.088	33	3.746449124643169	0.0634031944824011	134.9143750418056
glutamate	136.0	0.898	0.088	34	3.758304944520187	0.23090558956142432	165.64483918883397
d-glucose-beta	136.0	0.049	0.087	0	3.199768412781193	0.0003492255701075746	136.63130962145414
d-glucose-beta	136.0	0.049	0.087	1	3.200573076312617	0.0005431664878449582	41.159685300497785
d-glucose-beta	136.0	0.049	0.087	2	3.2033985505103075	0.0007187577791802097	107.38363187705035
d-glucose-beta	136.0	0.049	0.087	3	3.204274667497457	0.001434239932880887	23.955892964712945
d-glucose-beta	136.0	0.049	0.087	4	3.208309230001638	0.10035211685100386	-15.863185579118905
d-glucose-beta	136.0	0.049	0.087	5	3.220469237797997	0.0005853943532039066	54.91114115468487
d-glucose-beta	136.0	0.049	0.087	6	3.223314752232571	0.0008969888644509695	123.56073337590954
d-glucose-beta	136.0	0.049	0.087	7	3.224175712236275	0.001473885437067621	33.38434564485264
d-glucose-beta	136.0	0.049	0.087	8	3.2281985924656498	0.08232436208325236	-13.833471382543962
d-glucose-beta	136.0	0.049	0.087	9	3.2285538528135223	0.04625992718605175	34.67593415369802
d-glucose-beta	136.0	0.049	0.087	10	3.2302591346066727	0.055520978482564834	-31.756844670412562
d-glucose-beta	136.0	0.049	0.087	11	3.230635939430429	0.03408668339636634	205.99430413152132
d-glucose-beta	136.0	0.049	0.087	12	3.234217391050931	0.0008862114727107824	-89.26375316116551
d-glucose-beta	136.0	0.049	0.087	13	3.2359723909834326	0.0004256655494524109	127.77557258045604
d-glucose-beta	136.0	0.049	0.087	14	3.250207891903793	0.055280585335842646	-71.99947110105032
d-glucose-beta	136.0	0.049	0.087	15	3.250556242942105	0.06070053466539593	228.38647586459143
d-glucose-beta	136.0	0.049	0.087	16	3.254199922833946	0.0014381593568684365	237.808409741928
d-glucose-beta	136.0	0.049	0.087	17	3.255954526763773	0.0009482370751440079	172.27148057062084
d-glucose-beta	136.0	0.049	0.087	18	3.257907406492105	0.0004970282936121222	212.13354241355074
d-glucose-beta	136.0	0.049	0.087	19	3.2595844411574872	0.0005155305208678695	141.8051423253551
d-glucose-beta	136.0	0.049	0.087	20	3.361063094451633	0.04601866428330957	218.1598699092599
d-glucose-beta	136.0	0.049	0.087	21	3.3614625820681168	0.002895595650882136	138.85288749275597
d-glucose-beta	136.0	0.049	0.087	22	3.361541517462437	0.002154910375697016	-70.12136832926552
d-glucose-beta	136.0	0.049	0.087	23	3.361962836655633	0.0012112186572327097	36.48897317847099
d-glucose-beta	136.0	0.049	0.087	24	3.3659626765681714	0.0012972527272725625	67.71899683215315
d-glucose-beta	136.0	0.049	0.087	25	3.3749567585739384	0.003230001255371308	28.569929872879747
d-glucose-beta	136.0	0.049	0.087	26	3.3784415465138746	0.004640258152958963	-55.999187389278916
d-glucose-beta	136.0	0.049	0.087	27	3.383488783288069	0.21572554365772292	192.11298870729266
d-glucose-beta	136.0	0.049	0.087	28	3.383147339589905	0.010795198804680061	-11.325874455606325
d-glucose-beta	136.0	0.049	0.087	29	3.383161634138642	0.0015673314397268985	-76.46116688409987
d-glucose-beta	136.0	0.049	0.087	30	3.3839905452684302	0.025729892108123216	241.30400890040386
d-glucose-beta	136.0	0.049	0.087	31	3.388596374814795	0.013433177992848575	157.18084362830615
d-glucose-beta	136.0	0.049	0.087	32	3.3918840197863576	0.005498250030052568	127.25898608502898
d-glucose-beta	136.0	0.049	0.087	33	3.4003100110421185	0.004145072614411903	97.73067034386368
d-glucose-beta	136.0	0.049	0.087	34	3.4040224322356787	0.005307778865000934	107.22242486196906
d-glucose-beta	136.0	0.049	0.087	35	3.405328142802932	0.0030408291006308336	182.88140032564047
d-glucose-beta	136.0	0.049	0.087	36	3.4051715040057973	0.0013439527371008784	-39.65352172024649
d-glucose-beta	136.0	0.049	0.087	37	3.405360172596815	0.006688873486858099	168.48397505117066
d-glucose-beta	136.0	0.049	0.087	38	3.4060625221108234	0.10825592544649032	44.177853163631916
d-glucose-beta	136.0	0.049	0.087	39	3.405758289192345	0.008050516754553467	109.4731433517399
d-glucose-beta	136.0	0.049	0.087	40	3.410179032593325	0.001461758359889025	51.07890798533054
d-glucose-beta	136.0	0.049	0.087	41	3.4140244762018046	0.00142747424775371	92.13251006345804
d-glucose-beta	136.0	0.049	0.087	42	3.4227762790667975	0.0012517056343694225	50.82617694964296
d-glucose-beta	136.0	0.049	0.087	43	3.4265367594728886	0.0023564346511436196	16.766005511670883
d-glucose-beta	136.0	0.049	0.087	44	3.4323795721275783	0.05961877672271744	161.63388377702032
d-glucose-beta	136.0	0.049	0.087	45	3.436188709505994	0.05779211051326109	80.22572863087318
d-glucose-beta	136.0	0.049	0.087	46	3.44520220746413	0.10393172164526769	20.297158890345443
d-glucose-beta	136.0	0.049	0.087	47	3.448992269570504	0.056727773119704825	-72.7722268011199
d-glucose-beta	136.0	0.049	0.087	48	3.4525999393528464	0.13278785584396013	42.35329999731827
d-glucose-beta	136.0	0.049	0.087	49	3.4537715342230957	0.060982586034131245	108.40248822073322
d-glucose-beta	136.0	0.049	0.087	50	3.457771801889153	0.05262925517559546	-13.144585865331436
d-glucose-beta	136.0	0.049	0.087	51	3.4666787884213845	0.05176728306033146	-33.801007136010796
d-glucose-beta	136.0	0.049	0.087	52	3.4698397995074615	0.01469081068975417	41.612743536902784
d-glucose-beta	136.0	0.049	0.087	53	3.470811446984822	0.004445704564533857	217.47947775174623
d-glucose-beta	136.0	0.049	0.087	54	3.470694063665955	0.000749503754434038	-61.59899612742379
d-glucose-beta	136.0	0.049	0.087	55	3.471500662533724	0.006908451180912196	90.26667476187643
d-glucose-beta	136.0	0.049	0.087	56	3.4751364706495043	0.35780994843527547	30.917697340931937
d-glucose-beta	136.0	0.049	0.087	57	3.476673791284852	0.022610730557675932	13.23398417932448
d-glucose-beta	136.0	0.049	0.087	58	3.4972744239430065	0.035061363886705464	59.8188005307227
d-glucose-beta	136.0	0.049	0.087	59	3.498242236996468	0.040885826674488465	251.1572127246827
d-glucose-beta	136.0	0.049	0.087	60	3.679215090894558	0.004097470226249523	169.46834205117167
d-glucose-beta	136.0	0.049	0.087	61	3.6799003706849476	0.0024775153103201676	134.153173811853
d-glucose-beta	136.0	0.049	0.087	62	3.6840908004255457	0.11767178443655732	101.31200037946968
d-glucose-beta	136.0	0.049	0.087	63	3.696893684286967	0.10148704642164796	27.390809092378205
d-glucose-beta	136.0	0.049	0.087	64	3.7007853994863833	0.0010287048134017653	5.156278246252995
d-glucose-beta	136.0	0.049	0.087	65	3.702534999391721	0.0026360866976196198	51.22462287476226
d-glucose-beta	136.0	0.049	0.087	66	3.7064605366978665	0.003942176963329444	129.39661518904958
d-glucose-beta	136.0	0.049	0.087	67	3.7147392097709075	0.2721732682766926	89.48468790108221
d-glucose-beta	136.0	0.049	0.087	68	3.727630755012412	0.20214289476040362	100.89748051760853
d-glucose-beta	136.0	0.049	0.087	69	3.7351653324974277	0.0008147304869302006	60.90332978397602
d-glucose-beta	136.0	0.049	0.087	70	3.7368550881699143	0.0013444891791635585	29.72290427837705
d-glucose-beta	136.0	0.049	0.087	71	3.8611753980886396	0.0019894171526756268	149.56057426484028
d-glucose-beta	136.0	0.049	0.087	72	3.866076875779508	0.157254271863392	133.9057848033138
d-glucose-beta	136.0	0.049	0.087	73	3.869898522478981	0.17903331899424632	99.21220770448242
d-glucose-beta	136.0	0.049	0.087	74	3.8739763457107426	0.0015000996328627127	-9.83219529552477
d-glucose-beta	136.0	0.049	0.087	75	3.896753746380819	0.21055047423267417	120.64959197448982
d-glucose-beta	136.0	0.049	0.087	76	3.900647692954474	0.15284155341413924	147.19974884921788
d-glucose-beta	136.0	0.049	0.087	77	4.62009827350002	0.43655133019012426	-32.33465505460548
d-glucose-beta	136.0	0.049	0.087	78	4.6400433308165	0.524469379783603	-20.86533520881774
gaba	136.0	0.155	0.082	0	1.8503341605796688	0.06249662881979204	182.81843614075473
gaba	136.0	0.155	0.082	1	1.8656773063293892	0.01168909138175218	249.4817694631846
gaba	136.0	0.155	0.082	2	1.8686773772786545	0.19953718996512854	192.2133748106766
gaba	136.0	0.155	0.082	3	1.8711634412184854	0.028660788284071273	147.20658355550012
gaba	136.0	0.155	0.082	4	1.87339827292573	0.006054956832117312	95.23618555246877
gaba	136.0	0.155	0.082	5	1.8820750088996516	0.0015299131332358216	-64.71254611472824
gaba	136.0	0.155	0.082	6	1.8848938472636076	0.05509625860717813	230.34684797452493
gaba	136.0	0.155	0.082	7	1.8872273376610829	0.29022352200633617	187.3551376503575
gaba	136.0	0.155	0.082	8	1.8889670360962896	0.0500702252935396	154.2515342459837
gaba	136.0	0.155	0.082	9	1.8912365297348863	0.033152437041778865	113.52471675666895
gaba	136.0	0.155	0.082	10	1.9020974335808964	0.016674532393343596	260.9028576453877
gaba	136.0	0.155	0.082	11	1.9057428327898376	0.26692969639586467	197.47024853357428
gaba	136.0	0.155	0.082	12	1.9073270295247902	0.029861929503250832	165.18134168362639
gaba	136.0	0.155	0.082	13	1.9095826369939708	0.019224880786581224	120.94560770909735
gaba	136.0	0.155	0.082	14	1.9244451748672566	0.08772997425505222	199.81284220034965
gaba	136.0	0.155	0.082	15	2.266132337174812	0.2620055142968533	19.97623966085594
gaba	136.0	0.155	0.082	16	2.284402100319473	0.37397750934900953	-2.0585239738903596
gaba	136.0	0.155	0.082	17	2.2865826364129718	0.005587765485891828	-38.16507064603152
gaba	136.0	0.155	0.082	18	2.3026608731283105	0.12993158111016892	26.68241571833135
gaba	136.0	0.155	0.082	19	2.9944253079872665	0.4397133829745074	32.17503873323929
gaba	136.0	0.155	0.082	20	3.0092187021431744	0.06710872827015332	113.16132176375777
gaba	136.0	0.155	0.082	21	3.011457729901326	0.1531858744281967	69.616401371181
gaba	136.0	0.155	0.082	22	3.0136573617217497	0.5630900380373908	26.118983733777227
gaba	136.0	0.155	0.082	23	3.0167953582853495	0.06581281937693999	-34.62077466308601
gaba	136.0	0.155	0.082	24	3.0318941894078604	0.44333682294156734	50.25821489359558
glutathione_glutamate	136.0	0.194	0.087	0	2.0861168209309717	0.0016805487070058406	229.10818847338618
glutathione_glutamate	136.0	0.194	0.087	1	2.102033859834501	0.0016498379245346933	202.91735735378214
glutathione_glutamate	136.0	0.194	0.087	2	2.1043122911004963	0.0038769299842664143	234.64572104007175
glutathione_glutamate	136.0	0.194	0.087	3	2.120245006370984	0.004127781637569753	209.92082067636557
glutathione_glutamate	136.0	0.194	0.087	4	2.1225846652866935	0.0018081554241941885	255.0554602584441
glutathione_glutamate	136.0	0.194	0.087	5	2.124761375010419	0.0415491804432786	231.78565844987813
glutathione_glutamate	136.0	0.194	0.087	6	2.1277761913756503	0.05887477314372559	162.78382293276155
glutathione_glutamate	136.0	0.194	0.087	7	2.138532944375227	0.001868502575679888	223.48157458771317
glutathione_glutamate	136.0	0.194	0.087	8	2.140675007662581	0.04736614955964407	177.18956484285695
glutathione_glutamate	136.0	0.194	0.087	9	2.1429665747747904	0.09688093686677265	230.56424501461325
glutathione_glutamate	136.0	0.194	0.087	10	2.143564191916488	0.06017996738910666	129.78579445289245
glutathione_glutamate	136.0	0.194	0.087	11	2.1452577965608928	0.12715101666468975	180.69872482790345
glutathione_glutamate	136.0	0.194	0.087	12	2.1588936327696118	0.10825821331912594	183.7565229476942
glutathione_glutamate	136.0	0.194	0.087	13	2.161029783024354	0.1339978708103816	159.1157210057898
glutathione_glutamate	136.0	0.194	0.087	14	2.1620349523710347	0.12436302630885439	220.45639465197084
glutathione_glutamate	136.0	0.194	0.087	15	2.1779005572515526	0.12778998991679846	179.40290922220237
glutathione_glutamate	136.0	0.194	0.087	16	2.1844732209290347	0.0016098524325909205	169.64599406336941
glutathione_glutamate	136.0	0.194	0.087	17	2.2002528663880923	0.0014711839496054076	117.3543698284407
glutathione_glutamate	136.0	0.194	0.087	18	2.217084437648845	0.0015352611740398017	130.70155814070705
glutathione_glutamate	136.0	0.194	0.087	19	2.46603451422558	0.0092873617362741	-29.539657041998012
glutathione_glutamate	136.0	0.194	0.087	20	2.483613406095044	0.015074446157804983	35.354171090022106
glutathione_glutamate	136.0	0.194	0.087	21	2.4843171433748052	0.013708310319562681	64.75277083476604
glutathione_glutamate	136.0	0.194	0.087	22	2.501210354977851	0.01441838574811133	-29.918034039079345
glutathione_glutamate	136.0	0.194	0.087	23	2.5057741729536906	0.04773271268671127	-2.3644623629596992
glutathione_glutamate	136.0	0.194	0.087	24	2.523398743971184	0.10217708135423348	-18.408475914683265
glutathione_glutamate	136.0	0.194	0.087	25	2.529378153326721	0.052579594410307066	-45.52617617886111
glutathione_glutamate	136.0	0.194	0.087	26	2.540952658835336	0.0630768180132558	31.60512044767443
glutathione_glutamate	136.0	0.194	0.087	27	2.547504522446369	0.14239085009972616	-8.901670108549908
glutathione_glutamate	136.0	0.194	0.087	28	2.5655804095073056	0.07066332213902618	-8.44425196903012
glutathione_glutamate	136.0	0.194	0.087	29	2.569114656712121	0.01898312017876521	-66.91567390119337
glutathione_glutamate	136.0	0.194	0.087	30	2.587238736012306	0.03799580851671763	-52.88779629244908
glutathione_glutamate	136.0	0.194	0.087	31	2.605323007868175	0.025046118091384975	-22.591447619504706
glutathione_glutamate	136.0	0.194	0.087	32	3.7532297309536244	0.07289657150175478	175.7258348979501
glutathione_glutamate	136.0	0.194	0.087	33	3.7690766786079655	0.4976943392591291	166.7751514229975
glutathione_glutamate	136.0	0.194	0.087	34	3.784927957065452	0.2295782806585249	141.965268722622
glutathione_glycine	136.0	0.194	0.087	0	3.769	1.998787406855373	167.20232468886869
glutathione_cysteine	136.0	0.194	0.087	0	2.894471191711233	0.06519216579515262	146.27512424358622
glutathione_cysteine	136.0	0.194	0.087	1	2.9116559386422316	0.11189923584945793	144.31146325061528
glutathione_cysteine	136.0	0.194	0.087	2	2.9296029332651425	0.38681700643010286	158.37913888047746
glutathione_cysteine	136.0	0.194	0.087	3	2.9467876801961435	0.30781329992484735	192.4902098572672
glutathione_cysteine	136.0	0.194	0.087	4	2.9566849439444	0.3284800015010282	169.49447482980537
glutathione_cysteine	136.0	0.194	0.087	5	2.9689847621555163	0.35589243677444193	177.5687769860806
glutathione_cysteine	136.0	0.194	0.087	6	2.9918166854983093	0.09561061384249137	212.40385310502342
glutathione_cysteine	136.0	0.194	0.087	7	3.0041165037094286	0.08129247364119147	199.973225856924
glutathione_cysteine	136.0	0.194	0.087	8	4.54612755764834	0.20476728093316562	-73.75146766108
glutathione_cysteine	136.0	0.194	0.087	9	4.558427375859459	0.2484754926094019	-55.26958259928247
glutathione_cysteine	136.0	0.194	0.087	10	4.563312304579341	0.31376238862141537	-37.643706980198886
glutathione_cysteine	136.0	0.194	0.087	11	4.575612122790458	0.21674990930743437	-47.553053268304495
glutamine	136.0	0.427	0.087	0	2.0518173148405427	0.0033489551180742993	125.14434538359954
glutamine	136.0	0.427	0.087	1	2.0676462648083067	0.0029638717169550403	83.88617034960329
glutamine	136.0	0.427	0.087	2	2.0723261323653306	0.006546972098160158	85.15477665603716
glutamine	136.0	0.427	0.087	3	2.088050759296913	0.007184369636094559	44.735523684820386
glutamine	136.0	0.427	0.087	4	2.087992785821949	0.038937534890289144	170.6578762945328
glutamine	136.0	0.427	0.087	5	2.0914968677843726	0.0045158803812551974	75.09188489952845
glutamine	136.0	0.427	0.087	6	2.094617524095749	0.04905065215946641	45.995301347047544
glutamine	136.0	0.427	0.087	7	2.1038149401217434	0.038322616338945126	88.05635772552398
glutamine	136.0	0.427	0.087	8	2.105901704799818	0.059762832077930754	186.85633484245113
glutamine	136.0	0.427	0.087	9	2.1073842017053463	0.004665607455518429	29.80402663794267
glutamine	136.0	0.427	0.087	10	2.1095965232391056	0.052793540850907844	-0.21292175141702785
glutamine	136.0	0.427	0.087	11	2.1111926479539944	0.0860608885290674	89.2569993363551
glutamine	136.0	0.427	0.087	12	2.114138453518872	0.06177580460451537	48.17249290742005
glutamine	136.0	0.427	0.087	13	2.1172654038477345	0.0177032442749563	-24.83029968135105
glutamine	136.0	0.427	0.087	14	2.1201734818674494	0.01532096687240925	130.52944926172813
glutamine	136.0	0.427	0.087	15	2.1220713105720805	0.04406473603292239	103.7372880575551
glutamine	136.0	0.427	0.087	16	2.126577176927267	0.08489115964509354	32.40555448561341
glutamine	136.0	0.427	0.087	17	2.1276570387787657	0.04123966531046454	113.53971812589904
glutamine	136.0	0.427	0.087	18	2.1290187080415164	0.05974003699427787	2.99745395059378
glutamine	136.0	0.427	0.087	19	2.130792995077156	0.0017369410130526816	70.36251059974603
glutamine	136.0	0.427	0.087	20	2.1323776735946014	0.06048010844978566	34.910618700362996
glutamine	136.0	0.427	0.087	21	2.1329860624653625	0.017030881510249646	-82.16802609283775
glutamine	136.0	0.427	0.087	22	2.143535130444811	0.045654190140346156	35.36198042003324
glutamine	136.0	0.427	0.087	23	2.1457651985525428	0.0016120846595657165	30.751428854738954
glutamine	136.0	0.427	0.087	24	2.1472852109425147	0.06659836949246636	-8.175394811210722
glutamine	136.0	0.427	0.087	25	2.1483065592464152	0.00252517275376568	94.99618948812297
glutamine	136.0	0.427	0.087	26	2.1633785985110614	0.0019014208799776277	36.80760502534716
glutamine	136.0	0.427	0.087	27	2.168537844588994	0.0027145146710629646	62.8487253655902
glutamine	136.0	0.427	0.087	28	2.183436139681979	0.0026776081784039055	15.17222374297529
glutamine	136.0	0.427	0.087	29	2.3834702053853545	0.003505912586066171	222.0392240637989
glutamine	136.0	0.427	0.087	30	2.400445954368663	0.0014224837087779706	264.1716880978705
glutamine	136.0	0.427	0.087	31	2.4217941457678216	0.031206769636160016	76.3443873985989
glutamine	136.0	0.427	0.087	32	2.4267017078182325	0.021653375871565052	208.41434683973694
glutamine	136.0	0.427	0.087	33	2.4399237122015367	0.10937569174403079	214.5161302389015
glutamine	136.0	0.427	0.087	34	2.4464455456887606	0.0418802215093709	151.00612707075845
glutamine	136.0	0.427	0.087	35	2.4481504015796016	0.008836433106398624	-22.83392969645422
glutamine	136.0	0.427	0.087	36	2.448174145418878	0.010592397028243956	264.9012932614249
glutamine	136.0	0.427	0.087	37	2.4595009849819998	0.034071513819415374	-3.2026896423870994
glutamine	136.0	0.427	0.087	38	2.466415120904101	0.039157939967555906	144.33904144546915
glutamine	136.0	0.427	0.087	39	2.4878074627717166	0.001744271304109591	195.05958292204218
glutamine	136.0	0.427	0.087	40	3.7376777027648256	0.22910944236497144	80.12504698826228
glutamine	136.0	0.427	0.087	41	3.7530846403528617	0.28319385867186336	179.30445058216867
glutamine	136.0	0.427	0.087	42	3.768471929040751	0.24688796175766145	151.59021136145287
gpc_glycerol	136.0	0.097	0.087	0	3.5545882411895215	0.0011738980687904777	183.26807663957692
gpc_glycerol	136.0	0.097	0.087	1	3.56112029740588	0.0033791365590584883	-64.85399469850884
gpc_glycerol	136.0	0.097	0.087	2	3.564188516769861	0.0024108030263274016	-43.16355415795002
gpc_glycerol	136.0	0.097	0.087	3	3.574802849073124	0.04842750306336961	207.69623663266947
gpc_glycerol	136.0	0.097	0.087	4	3.574420312663256	0.00699475628163512	17.747382893631368
gpc_glycerol	136.0	0.097	0.087	5	3.5748585846907024	0.016638854454157945	-49.830918527729125
gpc_glycerol	136.0	0.097	0.087	6	3.5779775533267517	0.011418451258696375	-9.773791990777028
gpc_glycerol	136.0	0.097	0.087	7	3.5785013508557633	0.009679305613106072	219.11532746967362
gpc_glycerol	136.0	0.097	0.087	8	3.5817425880830296	0.001611957378166409	12.286416516091009
gpc_glycerol	136.0	0.097	0.087	9	3.5848244885374037	0.013165723415936548	-87.45413913809253
gpc_glycerol	136.0	0.097	0.087	10	3.58520866349673	0.009541843134397366	107.0691907885913
gpc_glycerol	136.0	0.097	0.087	11	3.588086358843625	0.029406127513269563	253.89334739304013
gpc_glycerol	136.0	0.097	0.087	12	3.5877598395094035	0.01586346055009588	94.72161041156039
gpc_glycerol	136.0	0.097	0.087	13	3.588662744927337	0.007876996347753306	-19.155694940275737
gpc_glycerol	136.0	0.097	0.087	14	3.588802413965903	0.01795523583861328	-82.8989898495125
gpc_glycerol	136.0	0.097	0.087	15	3.5944084059080277	0.0012492828321999249	32.7259138735653
gpc_glycerol	136.0	0.097	0.087	16	3.596090112078092	0.0050309068654909575	29.608084518910992
gpc_glycerol	136.0	0.097	0.087	17	3.5991373226233057	0.0028998007220400546	243.78156280784788
gpc_glycerol	136.0	0.097	0.087	18	3.6004603024213813	0.00577364293681898	9.455904640037147
gpc_glycerol	136.0	0.097	0.087	19	3.6020659194176017	0.0030083038220428938	-23.66279495373253
gpc_glycerol	136.0	0.097	0.087	20	3.608787138815263	0.0008988582373835692	70.66108939988548
gpc_glycerol	136.0	0.097	0.087	21	3.611469000516765	0.06782726201464946	15.315805923619962
gpc_glycerol	136.0	0.097	0.087	22	3.6113348854818295	0.012387526056614268	168.4193701169046
gpc_glycerol	136.0	0.097	0.087	23	3.611376132453096	0.004021320429084108	-47.86678291982477
gpc_glycerol	136.0	0.097	0.087	24	3.6137154081103544	0.03578456172975038	3.3138515038664167
gpc_glycerol	136.0	0.097	0.087	25	3.6181262171227764	0.015992983638348918	60.564149213560086
gpc_glycerol	136.0	0.097	0.087	26	3.618901196151729	0.006681143922052113	203.32711463486845
gpc_glycerol	136.0	0.097	0.087	27	3.623648956453545	0.041972536905697175	6.839821034323123
gpc_glycerol	136.0	0.097	0.087	28	3.6253114484155713	0.025709401969004675	-53.34975098864854
gpc_glycerol	136.0	0.097	0.087	29	3.6257568340221766	0.004275738556905176	77.96122984608158
gpc_glycerol	136.0	0.097	0.087	30	3.6256600217568096	0.06827800807546454	7.813967957408366
gpc_glycerol	136.0	0.097	0.087	31	3.632435836385592	0.0010737725272510336	25.34000565553592
gpc_glycerol	136.0	0.097	0.087	32	3.6365671108531235	0.0010971444846882093	116.62698479619682
gpc_glycerol	136.0	0.097	0.087	33	3.6372563136348504	0.0014079902632780355	190.599618825675
gpc_glycerol	136.0	0.097	0.087	34	3.6409227698019437	0.0074637942130771785	-7.978913457359781
gpc_glycerol	136.0	0.097	0.087	35	3.641736365065555	0.008416926244697342	54.26972043458229
gpc_glycerol	136.0	0.097	0.087	36	3.642785421524756	0.001865397168517071	-12.930451432149184
gpc_glycerol	136.0	0.097	0.087	37	3.652843762658825	0.07205418596437199	61.87237162607866
gpc_glycerol	136.0	0.097	0.087	38	3.6524756881074127	0.012440022421072495	242.7267862456836
gpc_glycerol	136.0	0.097	0.087	39	3.652511876334292	0.006476501329347492	-82.60379511877713
gpc_glycerol	136.0	0.097	0.087	40	3.654922228336245	0.012169331419022414	87.52752268679639
gpc_glycerol	136.0	0.097	0.087	41	3.65553851082368	0.0011032142799276366	8.668315087446757
gpc_glycerol	136.0	0.097	0.087	42	3.6560491991514574	0.017765732817096022	163.5789276964772
gpc_glycerol	136.0	0.097	0.087	43	3.6603305019193106	0.014824469249565117	240.99405651267438
gpc_glycerol	136.0	0.097	0.087	44	3.6613446797257	0.008392733907452639	189.4229873262692
gpc_glycerol	136.0	0.097	0.087	45	3.663147315353366	0.05527976962016052	-38.35136589013061
gpc_glycerol	136.0	0.097	0.087	46	3.6637389314236986	0.05847317269501464	183.85140627111346
gpc_glycerol	136.0	0.097	0.087	47	3.6663311221652295	0.0007390257475744052	-37.309291964948684
gpc_glycerol	136.0	0.097	0.087	48	3.669914419289935	0.001043680148333456	176.13738697381052
gpc_glycerol	136.0	0.097	0.087	49	3.6737806174692182	0.001215070847536518	146.30782211426396
gpc_glycerol	136.0	0.097	0.087	50	3.6746433360052126	0.0014208352924082318	217.16299430929024
gpc_glycerol	136.0	0.097	0.087	51	3.6774049774308746	0.0018527145172696328	213.2259615177091
gpc_glycerol	136.0	0.097	0.087	52	3.679010594427095	0.0010788282302531718	117.40796455404782
gpc_glycerol	136.0	0.097	0.087	53	3.6839800537449015	0.002467468469314401	-13.621763656559082
gpc_glycerol	136.0	0.097	0.087	54	3.6896654314471045	0.029810134407372416	68.95866912593091
gpc_glycerol	136.0	0.097	0.087	55	3.6896077090657053	0.016310661481428443	-36.07667274381997
gpc_glycerol	136.0	0.097	0.087	56	3.691709970211595	0.007378414541231723	60.82162310866397
gpc_glycerol	136.0	0.097	0.087	57	3.694262233351746	0.013089269976354114	157.74609940695
gpc_glycerol	136.0	0.097	0.087	58	3.6958458711612217	0.004950207597507113	250.3302489691623
gpc_glycerol	136.0	0.097	0.087	59	3.6983872474708392	0.0037114416813918785	-1.0030729703704395
gpc_glycerol	136.0	0.097	0.087	60	3.700384101859516	0.029553150037149437	256.6749422097485
gpc_glycerol	136.0	0.097	0.087	61	3.700425988190834	0.01348454846133203	-36.29029425849728
gpc_glycerol	136.0	0.097	0.087	62	3.712703127082093	0.0010497344463688935	207.37890165415058
gpc_glycerol	136.0	0.097	0.087	63	3.716316600213216	0.001863222424731297	-41.70836142904176
gpc_glycerol	136.0	0.097	0.087	64	3.72033326982045	0.0010957285342340576	231.46719746755113
gpc_glycerol	136.0	0.097	0.087	65	3.8048250827079944	0.0011942120479536357	7.158945698616051
gpc_glycerol	136.0	0.097	0.087	66	3.8153726065483107	0.0051148899009440755	-30.200848980994692
gpc_glycerol	136.0	0.097	0.087	67	3.8176256693090824	0.0018785478039341566	269.71951047463426
gpc_glycerol	136.0	0.097	0.087	68	3.8192421844367965	0.001509993988546542	111.97225147833637
gpc_glycerol	136.0	0.097	0.087	69	3.825424576495616	0.002853512750409845	259.94602437079925
gpc_glycerol	136.0	0.097	0.087	70	3.829564569116035	0.0016543596378380823	100.71086822758153
gpc_glycerol	136.0	0.097	0.087	71	3.8353595769461766	0.030548835392096442	229.04497595358131
gpc_glycerol	136.0	0.097	0.087	72	3.8397374105815185	0.0065621912693659265	203.98259428460884
gpc_glycerol	136.0	0.097	0.087	73	3.847325110528979	0.07014266667351825	32.05431930700795
gpc_glycerol	136.0	0.097	0.087	74	3.8490770232726024	0.011609184513846894	107.68646613253958
gpc_glycerol	136.0	0.097	0.087	75	3.8496406090647346	0.002002105802449011	181.30428495651972
gpc_glycerol	136.0	0.097	0.087	76	3.8507103618474066	0.005722030022149574	82.31848310112434
gpc_glycerol	136.0	0.097	0.087	77	3.8622258201589235	0.013197129584314706	175.3466778053496
gpc_glycerol	136.0	0.097	0.087	78	3.862262436693809	0.01260611187450788	-29.50672153225169
gpc_glycerol	136.0	0.097	0.087	79	3.8624021092733916	0.012298607475809877	120.91378113180684
gpc_glycerol	136.0	0.097	0.087	80	3.864986572558692	0.006799210679381658	258.69708293613195
gpc_glycerol	136.0	0.097	0.087	81	3.867757552836547	0.018482136017088993	254.45002464482621
gpc_glycerol	136.0	0.097	0.087	82	3.867671168236376	0.009396528991548568	-89.4996796535819
gpc_glycerol	136.0	0.097	0.087	83	3.872281227085522	0.002266973658483602	17.977292480673597
gpc_glycerol	136.0	0.097	0.087	84	3.877044552073813	0.02307834495739599	119.84293457089312
gpc_glycerol	136.0	0.097	0.087	85	3.8792463143358282	0.005385975685932638	173.7912785799925
gpc_glycerol	136.0	0.097	0.087	86	3.878876170441373	0.02942848083483879	96.97967105541417
gpc_glycerol	136.0	0.097	0.087	87	3.8822940779842536	0.0014614259492362345	161.37104053955954
gpc_glycerol	136.0	0.097	0.087	88	3.8829159253010688	0.016746260031104437	13.807943493779533
gpc_glycerol	136.0	0.097	0.087	89	3.8854810039195353	0.019129543695799864	106.49452663587407
gpc_glycerol	136.0	0.097	0.087	90	3.889675221662988	0.020280439120262006	152.05840770376724
gpc_glycerol	136.0	0.097	0.087	91	3.8896996525907763	0.01277781774716387	269.727221600151
gpc_glycerol	136.0	0.097	0.087	92	3.891730054160616	0.04134644928719866	-37.201262834923185
gpc_glycerol	136.0	0.097	0.087	93	3.8915517716931705	0.0073477292754408905	90.51266492619861
gpc_glycerol	136.0	0.097	0.087	94	3.8924948729925015	0.026465959895662958	13.632271802202496
gpc_glycerol	136.0	0.097	0.087	95	3.8939844542803312	0.009136319332202101	155.76432912597676
gpc_glycerol	136.0	0.097	0.087	96	3.894574473217851	0.0175911380421408	211.22927119468022
gpc_glycerol	136.0	0.097	0.087	97	3.895529350794005	0.0009006393015580174	-10.920405341206944
gpc_glycerol	136.0	0.097	0.087	98	3.8955940932416286	0.03185458349323056	86.16509653891984
gpc_glycerol	136.0	0.097	0.087	99	3.897392002516817	0.0015981734734824321	-37.77412246213926
gpc_glycerol	136.0	0.097	0.087	100	3.897513452456816	0.026801598375198486	218.76316688276793
gpc_glycerol	136.0	0.097	0.087	101	3.8995460204012393	0.0070585921671727034	-80.96991805307292
gpc_glycerol	136.0	0.097	0.087	102	3.90128178021609	0.054719790841534964	110.46755990057633
gpc_glycerol	136.0	0.097	0.087	103	3.904222105037351	0.02095294014336383	81.21507406206702
gpc_glycerol	136.0	0.097	0.087	104	3.9043743972143985	0.01819484354676399	53.29992414537382
gpc_glycerol	136.0	0.097	0.087	105	3.903921897649883	0.008012597827243402	250.91071164260404
gpc_glycerol	136.0	0.097	0.087	106	3.906382444075103	0.01452436873805724	-66.10416984110068
gpc_glycerol	136.0	0.097	0.087	107	3.907521410914322	0.020040336709032082	225.71510654871142
gpc_glycerol	136.0	0.097	0.087	108	3.910160787693896	0.001461957495576695	248.52297183717502
gpc_glycerol	136.0	0.097	0.087	109	3.912278043402643	0.002378181303768748	-25.503742686617358
gpc_glycerol	136.0	0.097	0.087	110	3.9126936546837703	0.0017559580144967857	232.8519699436774
gpc_glycerol	136.0	0.097	0.087	111	3.9146222329484783	0.021257749480853953	-71.9105237366075
gpc_glycerol	136.0	0.097	0.087	112	3.9147855022161604	0.015336566911899331	94.62871638501333
gpc_glycerol	136.0	0.097	0.087	113	3.9148919365135155	0.0067874244292002684	33.35495459758444
gpc_glycerol	136.0	0.097	0.087	114	3.915049570812114	0.01546365050505061	192.30304241606706
gpc_glycerol	136.0	0.097	0.087	115	3.9164801258647595	0.0065285385212945175	-10.327898095830633
gpc_glycerol	136.0	0.097	0.087	116	3.9225791065127833	0.026687600964939873	71.25249826527269
gpc_glycerol	136.0	0.097	0.087	117	3.9240065655743113	0.09921710900612983	159.90696763319775
gpc_glycerol	136.0	0.097	0.087	118	3.9246048765875403	0.009265135010433993	-22.710581601192303
gpc_glycerol	136.0	0.097	0.087	119	3.926741318238099	0.0098246370014086	-35.84673002141466
gpc_glycerol	136.0	0.097	0.087	120	3.9270064887696723	0.01825919950854856	157.02631510563424
gpc_glycerol	136.0	0.097	0.087	121	3.928878502032248	0.007762165534766913	-27.77860369648822
gpc_glycerol	136.0	0.097	0.087	122	3.9326642056658367	0.03169451155522489	53.77376387219157
gpc_glycerol	136.0	0.097	0.087	123	3.9368919405986853	0.004893418145770663	31.794428664439202
gpc_glycerol	136.0	0.097	0.087	124	3.9392186131025526	0.005739586785013699	-23.405983547241334
gpc_glycerol	136.0	0.097	0.087	125	3.9405592123218343	0.01170483606745657	234.19980578160573
gpc_glycerol	136.0	0.097	0.087	126	3.941462132508412	0.007325444913033198	98.50215558395853
gpc_glycerol	136.0	0.097	0.087	127	3.9462985401582946	0.00862731202402367	-2.543835291000107
gpc_glycerol	136.0	0.097	0.087	128	3.947138133420801	0.061632400073906954	92.01560689079554
gpc_glycerol	136.0	0.097	0.087	129	3.955742912055186	0.09821384020950664	179.4379137925775
gpc_glycerol	136.0	0.097	0.087	130	3.9622278328767524	0.008469852226015873	-9.249005364171978
gpc_glycerol	136.0	0.097	0.087	131	3.965153827382264	0.026140027177963553	-37.75417932161312
gpc_glycerol	136.0	0.097	0.087	132	3.965263280885807	0.028638656772378	-12.132222374894198
gpc_glycerol	136.0	0.097	0.087	133	3.9704994898556007	0.016943758410592105	153.00116535626194
gpc_glycerol	136.0	0.097	0.087	134	3.9707248940412545	0.011597666579282373	8.409807186772738
gpc_glycerol	136.0	0.097	0.087	135	3.970752379149816	0.0020365564228128513	269.46043584820734
gpc_glycerol	136.0	0.097	0.087	136	3.976015374545804	0.004211210535720387	8.921463897618352
gpc_glycerol	136.0	0.097	0.087	137	3.977083407074701	0.006817262004168874	197.4848279654799
gpc_glycerol	136.0	0.097	0.087	138	3.9794694559764103	0.007197803320326112	99.59648171337977
gpc_glycerol	136.0	0.097	0.087	139	3.980157185619129	0.0029417942929940975	235.09219418131286
gpc_glycerol	136.0	0.097	0.087	140	3.988143319546509	0.003341265005799105	-65.35287354878596
gpc_glycerol	136.0	0.097	0.087	141	3.9890962860752506	0.0011034439112727553	222.32488349693472
gpc_glycerol	136.0	0.097	0.087	142	3.9917321362829203	0.001419841780825783	148.18081773577853
gpc_glycerol	136.0	0.097	0.087	143	3.992872630466675	0.0011012657967117985	40.02090119751946
gpc_glycerol	136.0	0.097	0.087	144	3.994749321776096	0.0032020115673080285	42.76193234964314
gpc_glycerol	136.0	0.097	0.087	145	4.00216101470167	0.0011334112387283322	96.91853113460603
gpc_glycerol	136.0	0.097	0.087	146	4.00355782206726	0.0020682442906428244	-77.81470635398753
gpc_N(CH3)3_a	136.0	0.097	0.121	0	3.2107832845216815	1.0129416887814244	57.0909827921617
gpc_N(CH3)3_a	136.0	0.097	0.121	1	3.212512743104919	0.30299492958666874	145.60379809255477
gpc_N(CH3)3_a	136.0	0.097	0.121	2	3.2130184874061842	0.2236381425908675	-41.42840931475041
gpc_N(CH3)3_a	136.0	0.097	0.121	3	3.2126414195786426	0.23380946780497186	172.7235316401642
gpc_N(CH3)3_a	136.0	0.097	0.121	4	3.212720276777274	0.21572223787915082	140.99250261773696
gpc_N(CH3)3_a	136.0	0.097	0.121	5	3.2131428620900992	0.11910367832554088	207.06714728265973
gpc_N(CH3)3_a	136.0	0.097	0.121	6	3.2134241633382263	0.11482897909325661	65.62052506089324
gpc_7-CH2_8-CH2	136.0	0.097	0.087	0	3.6476488198922326	0.1671555416103837	-60.43028580741117
gpc_7-CH2_8-CH2	136.0	0.097	0.087	1	3.6475623104734267	0.008584404720302648	223.82367936513705
gpc_7-CH2_8-CH2	136.0	0.097	0.087	2	3.6477410843928015	0.005994206226146559	18.559378112695825
gpc_7-CH2_8-CH2	136.0	0.097	0.087	3	3.6554830051178087	0.1658373493109115	252.0360522370952
gpc_7-CH2_8-CH2	136.0	0.097	0.087	4	3.6554837303910377	0.015512697953608889	80.58106188396889
gpc_7-CH2_8-CH2	136.0	0.097	0.087	5	3.6588145467802295	0.3514163571892881	237.8121103249708
gpc_7-CH2_8-CH2	136.0	0.097	0.087	6	3.65853865759769	0.001148868122745567	12.348478096184621
gpc_7-CH2_8-CH2	136.0	0.097	0.087	7	3.6590747008430773	0.02578221717852056	103.44781472466889
gpc_7-CH2_8-CH2	136.0	0.097	0.087	8	3.6624796776522524	0.1477428925705703	215.9593730520944
gpc_7-CH2_8-CH2	136.0	0.097	0.087	9	3.662477927352909	0.010891086896091279	-59.90370925050962
gpc_7-CH2_8-CH2	136.0	0.097	0.087	10	3.6701273957721696	0.24837980115102032	126.26349822360382
gpc_7-CH2_8-CH2	136.0	0.097	0.087	11	3.6702211447268613	0.017112127687220424	29.697250483860813
gpc_7-CH2_8-CH2	136.0	0.097	0.087	12	3.7056418091001686	0.0034196307980752733	-47.983424655470486
gpc_7-CH2_8-CH2	136.0	0.097	0.087	13	4.251147527666229	0.0005600542477844339	60.528564710709404
gpc_7-CH2_8-CH2	136.0	0.097	0.087	14	4.257817067870042	0.0005380026899058427	64.36658878059
gpc_7-CH2_8-CH2	136.0	0.097	0.087	15	4.264492767053837	0.000516173427324404	69.22329664808134
gpc_7-CH2_8-CH2	136.0	0.097	0.087	16	4.266213212309275	0.0012237863719965433	183.36602438364247
gpc_7-CH2_8-CH2	136.0	0.097	0.087	17	4.27288284823018	0.000489071092864349	76.36090503952332
gpc_7-CH2_8-CH2	136.0	0.097	0.087	18	4.279558652997819	0.00046675397931940816	82.53666992265568
gpc_7-CH2_8-CH2	136.0	0.097	0.087	19	4.286574113666087	0.022779081510565572	232.35160052841562
gpc_7-CH2_8-CH2	136.0	0.097	0.087	20	4.286739079741633	0.02948974164942796	174.22138191633496
gpc_7-CH2_8-CH2	136.0	0.097	0.087	21	4.293895600581081	0.06085207037227025	221.9987402206787
gpc_7-CH2_8-CH2	136.0	0.097	0.087	22	4.293924230257031	0.06521921261384692	196.54529114637313
gpc_7-CH2_8-CH2	136.0	0.097	0.087	23	4.297852072174326	0.03386152448918743	225.4062805762866
gpc_7-CH2_8-CH2	136.0	0.097	0.087	24	4.301029334077027	0.12488013865327925	231.86459919295686
gpc_7-CH2_8-CH2	136.0	0.097	0.087	25	4.301050261868902	0.12657762598979977	218.40436569018306
gpc_7-CH2_8-CH2	136.0	0.097	0.087	26	4.304493754657818	0.03071576363239225	227.79401231687663
gpc_7-CH2_8-CH2	136.0	0.097	0.087	27	4.30848171912432	0.1942111410543912	223.6881259744513
gpc_7-CH2_8-CH2	136.0	0.097	0.087	28	4.311148041279243	0.02776637456776086	230.78629208895836
gpc_7-CH2_8-CH2	136.0	0.097	0.087	29	4.3127812338536575	0.006462334901857588	197.70070916700166
gpc_7-CH2_8-CH2	136.0	0.097	0.087	30	4.31332049548094	0.011645658441543314	108.53146139586973
gpc_7-CH2_8-CH2	136.0	0.097	0.087	31	4.3154987242714835	0.14535319503683897	235.03480833018602
gpc_7-CH2_8-CH2	136.0	0.097	0.087	32	4.3158893674273635	0.10113212711386285	205.57583228791628
gpc_7-CH2_8-CH2	136.0	0.097	0.087	33	4.319451035734055	0.021158465885685873	227.54612156022378
gpc_7-CH2_8-CH2	136.0	0.097	0.087	34	4.319983989314755	0.003860183528871186	-76.65159979936399
gpc_7-CH2_8-CH2	136.0	0.097	0.087	35	4.322752751115852	0.09456590128902302	235.44711867251937
gpc_7-CH2_8-CH2	136.0	0.097	0.087	36	4.322808312594724	0.09095474457655076	218.31840279187517
gpc_7-CH2_8-CH2	136.0	0.097	0.087	37	4.324114850303934	0.005675452199078109	156.9020399086323
gpc_7-CH2_8-CH2	136.0	0.097	0.087	38	4.324296851235583	0.010110586862133366	103.92783701826833
gpc_7-CH2_8-CH2	136.0	0.097	0.087	39	4.326127012745673	0.0194128267248135	228.68649301095346
gpc_7-CH2_8-CH2	136.0	0.097	0.087	40	4.326653633372668	0.004223212635561592	-57.09798558997724
gpc_7-CH2_8-CH2	136.0	0.097	0.087	41	4.330149473052665	0.05730991631466305	244.22551860182767
gpc_7-CH2_8-CH2	136.0	0.097	0.087	42	4.330960435970985	0.02013553226412167	187.5024343189915
gpc_7-CH2_8-CH2	136.0	0.097	0.087	43	4.337464092914383	0.021745612390641423	264.8214470048635
gpc_7-CH2_8-CH2	136.0	0.097	0.087	44	4.337630175930481	0.018984157155343833	188.0708519863496
glycine	136.0	0.068	0.087	0	3.548	1.990440755471369	181.15225893929062
myoinositol	136.0	0.578	0.087	0	3.244489219213848	0.01382673907704493	114.02223478353116
myoinositol	136.0	0.578	0.087	1	3.245089677000566	0.06439997879212943	-63.75085674844803
myoinositol	136.0	0.578	0.087	2	3.2679905379863228	0.09336732163890074	171.013087850026
myoinositol	136.0	0.578	0.087	3	3.2681042717736197	0.027416618303385293	232.26063576027826
myoinositol	136.0	0.578	0.087	4	3.268770551917418	0.027784523772002793	-74.33829268843448
myoinositol	136.0	0.578	0.087	5	3.2685369043150057	0.0032953513865887005	4.306733985358235
myoinositol	136.0	0.578	0.087	6	3.291244502347324	0.04624036854655888	259.23297887736464
myoinositol	136.0	0.578	0.087	7	3.2910654307753684	0.011235032667190501	-69.33614462427903
myoinositol	136.0	0.578	0.087	8	3.291885924386351	0.01625382390469763	92.0841032833637
myoinositol	136.0	0.578	0.087	9	3.5036969438882823	0.0886919723545173	-75.1883427654607
myoinositol	136.0	0.578	0.087	10	3.5041165008472914	0.17044431816125882	80.97723449924506
myoinositol	136.0	0.578	0.087	11	3.504147241299412	0.004840427567615142	269.87221387634725
myoinositol	136.0	0.578	0.087	12	3.5109171819938174	0.08194819037160453	227.7224371497116
myoinositol	136.0	0.578	0.087	13	3.5113767082263263	0.18051147447684984	82.59138509296304
myoinositol	136.0	0.578	0.087	14	3.5286277014033556	0.18526364330844342	146.58169959456342
myoinositol	136.0	0.578	0.087	15	3.5289758822893362	0.031007788872619617	-67.6384955750625
myoinositol	136.0	0.578	0.087	16	3.5291622060787207	0.03288338491524354	257.51587473127745
myoinositol	136.0	0.578	0.087	17	3.5360889270886524	0.3256745090867515	132.18346817677235
myoinositol	136.0	0.578	0.087	18	3.59242158787029	0.397307259810748	27.955396991439677
myoinositol	136.0	0.578	0.087	19	3.6157071664455835	0.2431325619231025	-85.46182411928757
myoinositol	136.0	0.578	0.087	20	3.6152243575378105	0.06333961661168339	268.48686282220865
myoinositol	136.0	0.578	0.087	21	3.617331271857715	0.4027244904974223	-18.610139362470818
myoinositol	136.0	0.578	0.087	22	3.6405794322644756	0.16993422299263589	220.08127236244434
myoinositol	136.0	0.578	0.087	23	4.046630336600518	0.19186484395150671	177.51894999955152
myoinositol	136.0	0.578	0.087	24	4.05385869534653	0.39002945860522104	169.56911512695967
myoinositol	136.0	0.578	0.087	25	4.061092454182839	0.2025346251452251	161.93044589803418
naa_acetyl	136.0	1.0	0.13	0	2.008	2.0808151177114564	204.96919981503493
lactate	136.0	0.039	0.087	0	1.3055111979365503	0.5907585713806828	219.81624502480113
lactate	136.0	0.039	0.087	1	1.322834642795907	0.5976191680038876	225.79603959764012
lactate	136.0	0.039	0.087	2	4.071495620311579	0.1124901687195358	169.53708775830881
lactate	136.0	0.039	0.087	3	4.088819059979293	0.3207856428991559	169.17550361959616
lactate	136.0	0.039	0.087	4	4.1061426040301425	0.29645758898299707	169.01405001409515
lactate	136.0	0.039	0.087	5	4.123466127822765	0.0943949893656699	171.84433621930827
gpc_N(CH3)3_b	136.0	0.097	0.121	0	3.2108526615645534	1.3423179211624388	54.57583729776636
gpc_N(CH3)3_b	136.0	0.097	0.121	1	3.2123340689287865	0.25746821049898155	145.0416217361043
gpc_N(CH3)3_b	136.0	0.097	0.121	2	3.2121859679371703	0.06728315348469173	234.94717979496204
gpc_N(CH3)3_b	136.0	0.097	0.121	3	3.213287746242117	0.7191034599863562	4.314931265583866
gpc_N(CH3)3_b	136.0	0.097	0.121	4	3.213113779380296	0.8372326024678645	9.72427781062082
gpc_N(CH3)3_b	136.0	0.097	0.121	5	3.2122253276265207	0.060020082920692226	215.77955895339795
gpc_N(CH3)3_b	136.0	0.097	0.121	6	3.2134011021773072	0.16287624617551455	-2.5240414611434403
gpc_N(CH3)3_b	136.0	0.097	0.121	7	3.213424190756503	0.4741040006344479	10.062939760612153
gpc_N(CH3)3_b	136.0	0.097	0.121	8	3.213424296066731	0.0199564357142077	99.4094281663822
naag_aspartyl	136.0	0.16	0.087	0	2.4752823411270173	0.030963440870103477	148.84952183895166
naag_aspartyl	136.0	0.16	0.087	1	2.4989507873595693	0.08986408060677405	-13.044663214094655
naag_aspartyl	136.0	0.16	0.087	2	2.515036597899935	0.1458130806591777	-81.6470377819256
naag_aspartyl	136.0	0.16	0.087	3	2.538705044132487	0.05638696627285828	230.77435352141134
naag_aspartyl	136.0	0.16	0.087	4	2.6874799919013896	0.22729268933165603	44.048507144963395
naag_aspartyl	136.0	0.16	0.087	5	2.6986107799529995	0.18291248189026243	53.59789125022225
naag_aspartyl	136.0	0.16	0.087	6	2.727234248674307	0.14598613947507413	-19.579002251882088
naag_aspartyl	136.0	0.16	0.087	7	2.7383650367259174	0.13632490840438352	-0.9532814974598693
naag_aspartyl	136.0	0.16	0.087	8	4.579684175914514	0.27203957701201714	-44.61604297566677
naag_aspartyl	136.0	0.16	0.087	9	4.590814963966124	0.2241183739915037	-36.80439777359787
naag_aspartyl	136.0	0.16	0.087	10	4.603352622147066	0.20119928627097522	-42.13205274021669
naag_aspartyl	136.0	0.16	0.087	11	4.614483410198676	0.25589253335890505	-29.728838977497162
naa_aspartate	136.0	1.0	0.069	0	2.4425266414174827	0.05788009720752166	94.08085263982508
naa_aspartate	136.0	1.0	0.069	1	2.466922721620716	0.05166819971224333	130.76646457877519
naa_aspartate	136.0	1.0	0.069	2	2.481486001924526	0.020504355377226106	188.0363432149514
naa_aspartate	136.0	1.0	0.069	3	2.5058821425808	0.08653461040027635	163.47516749538028
naa_aspartate	136.0	1.0	0.069	4	2.640327634173984	0.15701848754339934	136.26526959145198
naa_aspartate	136.0	1.0	0.069	5	2.6501180989852804	0.17027807574369247	135.5048382200598
naa_aspartate	136.0	1.0	0.069	6	2.6792870347102054	0.14054411412250462	104.74429846305463
naa_aspartate	136.0	1.0	0.069	7	2.689077499750874	0.16326414672073142	104.57408511049792
naa_aspartate	136.0	1.0	0.069	8	4.346685559395372	0.11124486312045181	234.90182879828706
naa_aspartate	136.0	1.0	0.069	9	4.356475952689057	0.10542277915585983	236.40165560425194
naa_aspartate	136.0	1.0	0.069	10	4.36267675648099	0.11433931321058538	239.44837663307487
naa_aspartate	136.0	1.0	0.069	11	4.371774684227	0.21373812457888017	243.60385069627526
naa_aspartate	136.0	1.0	0.069	12	4.3808721519992915	0.11743921575319397	247.26777113868872
naa_aspartate	136.0	1.0	0.069	13	4.387072832333874	0.10508494927987704	250.00178890548884
naa_aspartate	136.0	1.0	0.069	14	4.396863367595164	0.1222128709975735	252.57868068626007
naag_acetyl	136.0	0.16	0.13	0	2.0319999999999996	2.1494678659011646	139.56843662068212
naag_glutamate	136.0	0.16	0.087	0	1.870999999999999	0.5501687530319067	121.84278168936636
naag_glutamate	136.0	0.16	0.087	1	2.039	0.7245975418477225	19.27576893286148
naag_glutamate	136.0	0.16	0.087	2	2.169999999999999	0.5644055392703637	230.9862578806483
naag_glutamate	136.0	0.16	0.087	3	2.1800000000000006	0.5598512561548578	53.17902761294345
naag_glutamate	136.0	0.16	0.087	4	4.118	0.7443777443736125	170.31357092190217
pcho_N(CH3)3_a	136.0	0.058	0.121	0	3.206888504411968	0.9931261157462844	119.58309008982567
pcho_N(CH3)3_a	136.0	0.058	0.121	1	3.2086566686552267	0.17398439891716705	-23.708258963924948
pcho_N(CH3)3_a	136.0	0.058	0.121	2	3.208772176008154	0.2759120933858051	218.5717895816793
pcho_N(CH3)3_a	136.0	0.058	0.121	3	3.2088003183201987	0.21878973232035126	114.15952829378014
pcho_N(CH3)3_a	136.0	0.058	0.121	4	3.2094242068892864	0.0805910116641339	-51.36769949231663
pcho_N(CH3)3_a	136.0	0.058	0.121	5	3.209424045730623	0.04368879598334927	52.506260447748296
pcho_X	136.0	0.058	0.087	0	3.5675849462884184	0.001116470045177749	260.4227091218539
pcho_X	136.0	0.058	0.087	1	3.628946836935131	0.3294150168301724	249.381133115593
pcho_X	136.0	0.058	0.087	2	3.6290095716434756	0.07974390631103619	228.2451446427017
pcho_X	136.0	0.058	0.087	3	3.633734266693639	0.019619736541499167	-25.37112672378167
pcho_X	136.0	0.058	0.087	4	3.633730385700054	0.004462355866213837	95.88733818053531
pcho_X	136.0	0.058	0.087	5	3.6354813906521795	0.0547606444123727	-25.262019218324966
pcho_X	136.0	0.058	0.087	6	3.6354835536416434	0.030470294976101125	198.66339865872783
pcho_X	136.0	0.058	0.087	7	3.6407409628154275	0.37221111941238727	-10.28698330851573
pcho_X	136.0	0.058	0.087	8	3.6402329075463093	0.013516715020699871	175.67446379926687
pcho_X	136.0	0.058	0.087	9	3.641324250721062	0.012887931180077125	244.87770801731457
pcho_X	136.0	0.058	0.087	10	3.646395528344381	0.06883841925213242	-54.973899584063474
pcho_X	136.0	0.058	0.087	11	3.6463932266850105	0.007400309883294105	39.5559678099304
pcho_X	136.0	0.058	0.087	12	3.648144112353363	0.07157175302514233	-75.26655509902062
pcho_X	136.0	0.058	0.087	13	3.6481463946265995	0.009486377937671469	152.76513560198134
pcho_X	136.0	0.058	0.087	14	3.652763210425644	0.31309675180004787	202.557094886162
pcho_X	136.0	0.058	0.087	15	3.652695125617643	0.019263761211127522	55.78326953622599
pcho_X	136.0	0.058	0.087	16	3.652844012020891	0.0033669578471451304	135.95932122544298
pcho_X	136.0	0.058	0.087	17	3.7139653269394444	0.0012688045609963914	9.21171608347305
pcho_X	136.0	0.058	0.087	18	4.192879112901457	0.0008726199502019712	222.44361712911922
pcho_X	136.0	0.058	0.087	19	4.199688106541972	0.0009560234127680552	220.30006011845768
pcho_X	136.0	0.058	0.087	20	4.2065027663262	0.0010222232894915976	217.62851362866184
pcho_X	136.0	0.058	0.087	21	4.2085515706253815	0.0012805390795935187	-24.615851364654176
pcho_X	136.0	0.058	0.087	22	4.215361096953237	0.0010910027827948634	214.48602956416573
pcho_X	136.0	0.058	0.087	23	4.2221762994075105	0.0011308529492799631	212.76577058619887
pcho_X	136.0	0.058	0.087	24	4.254033824313705	0.02358394684837789	-61.37369322828323
pcho_X	136.0	0.058	0.087	25	4.258702548485194	0.010794452237648203	250.1327278332681
pcho_X	136.0	0.058	0.087	26	4.260607052883732	0.0206468065307873	251.1966423150255
pcho_X	136.0	0.058	0.087	27	4.2608126524160825	0.018160050657854473	-67.7381335334428
pcho_X	136.0	0.058	0.087	28	4.265510701977937	0.010871598755168915	245.61452723124557
pcho_X	136.0	0.058	0.087	29	4.265522125968355	0.03531294645070856	44.29558339702789
pcho_X	136.0	0.058	0.087	30	4.267303592135702	0.024725981677891445	-71.50549485056473
pcho_X	136.0	0.058	0.087	31	4.267455082874945	0.023143852906919088	248.2088299158738
pcho_X	136.0	0.058	0.087	32	4.269679770583444	0.023856376936764383	1.2753342273552732
pcho_X	136.0	0.058	0.087	33	4.269824301729829	0.0056248650547603115	62.981760665431636
pcho_X	136.0	0.058	0.087	34	4.271366410686904	0.00714440416819849	145.08957834815845
pcho_X	136.0	0.058	0.087	35	4.272424894644703	0.01189776164381107	239.0572220092082
pcho_X	136.0	0.058	0.087	36	4.272331562770376	0.030228437341224847	42.693802152258385
pcho_X	136.0	0.058	0.087	37	4.273950676491091	0.01679508300565156	232.54140389189715
pcho_X	136.0	0.058	0.087	38	4.274377416546016	0.02077595678635699	-47.81217243443854
pcho_X	136.0	0.058	0.087	39	4.276362715923374	0.02210432590079725	-74.07497228807651
pcho_X	136.0	0.058	0.087	40	4.276634267370895	0.011698851703750431	256.0114786430097
pcho_X	136.0	0.058	0.087	41	4.278702929172226	0.03774124599255921	50.629736666757424
pcho_X	136.0	0.058	0.087	42	4.278173729727465	0.008287146988153781	150.98672098524085
pcho_X	136.0	0.058	0.087	43	4.2806136882405985	0.018952453719131342	140.31481737590997
pcho_X	136.0	0.058	0.087	44	4.2825147575091975	0.05764205584436746	238.43227889370831
pcho_X	136.0	0.058	0.087	45	4.283294140110725	0.01272068833031704	-82.77191525210091
pcho_X	136.0	0.058	0.087	46	4.284777714788676	0.01606754392359246	89.72577288591303
pcho_X	136.0	0.058	0.087	47	4.284987257778036	0.009557898185608416	156.3439744432327
pcho_X	136.0	0.058	0.087	48	4.286735586186914	0.0038045851575768137	178.40328748794627
pcho_X	136.0	0.058	0.087	49	4.2875656615240745	0.018407546764328132	239.84713953413979
pcho_X	136.0	0.058	0.087	50	4.288344649102778	0.02652450034304351	36.41386146730614
pcho_X	136.0	0.058	0.087	51	4.2890931014428535	0.017136272878204323	128.16884223554484
pcho_X	136.0	0.058	0.087	52	4.289748468758822	0.013545826835909908	237.52631376914835
pcho_X	136.0	0.058	0.087	53	4.291438538234446	0.00265318855283035	175.40971743647145
pcho_X	136.0	0.058	0.087	54	4.2916070001534825	0.018904424674339903	96.60590198568448
pcho_X	136.0	0.058	0.087	55	4.293685360098614	0.020669483797721766	155.33241349126484
pcho_X	136.0	0.058	0.087	56	4.2942850822442065	0.01666404777243023	27.303375393440838
pcho_X	136.0	0.058	0.087	57	4.295596009356558	0.005583451413059281	178.28210351673604
pcho_X	136.0	0.058	0.087	58	4.295902463630566	0.022309021083727565	127.40991660211802
pcho_X	136.0	0.058	0.087	59	4.300529459401328	0.019996868487864892	176.29143218487354
pcho_X	136.0	0.058	0.087	60	4.300464295929113	0.024111781529790616	101.24653950354428
pcho_X	136.0	0.058	0.087	61	4.3024096743020195	0.00697884578994946	178.5743479497383
pcho_X	136.0	0.058	0.087	62	4.307117020963022	0.01101750454881612	193.1910358835924
pcho_X	136.0	0.058	0.087	63	4.307273947132071	0.027256168732118613	104.8140623937884
pcho_X	136.0	0.058	0.087	64	4.339266678073615	0.0008766342033325278	22.683856884099285
pcho_X	136.0	0.058	0.087	65	4.346069625593945	0.0009783656096668892	26.005727738431887
pcho_X	136.0	0.058	0.087	66	4.3528796989146805	0.0010150197306714405	27.465346054012805
pcho_X	136.0	0.058	0.087	67	4.354934917320839	0.0011987817910585263	27.95673793376597
pcho_X	136.0	0.058	0.087	68	4.361737553665462	0.0009655057574732936	27.457943563682896
pcho_X	136.0	0.058	0.087	69	4.368547325891032	0.0008682079504514521	26.478673088736436
pcr_N(CH3)	136.0	0.422	0.09	0	3.029	2.934334674965115	141.15181919355769
pcho_N(CH3)3_b	136.0	0.058	0.121	0	3.2068957568694776	1.2473401381553635	116.82327592166197
pcho_N(CH3)3_b	136.0	0.058	0.121	1	3.20858398590648	0.2447358149831115	218.80042430324423
pcho_N(CH3)3_b	136.0	0.058	0.121	2	3.2090946618677934	0.808470303993918	67.33369568688799
pcho_N(CH3)3_b	136.0	0.058	0.121	3	3.2085378930630375	0.24703825691683665	212.7185292993001
pcho_N(CH3)3_b	136.0	0.058	0.121	4	3.2090848864968438	0.12132013277232485	16.088261131542055
pcho_N(CH3)3_b	136.0	0.058	0.121	5	3.208314947361202	0.029034199962202443	-63.950941369658835
pcho_N(CH3)3_b	136.0	0.058	0.121	6	3.2087169525688175	0.19936222357651318	224.70472054226948
taurine	136.0	0.117	0.085	0	3.2278641398098316	0.1259112504387202	249.86186090382222
taurine	136.0	0.117	0.085	1	3.229532403321045	0.07086272663992728	183.7525432594408
taurine	136.0	0.117	0.085	2	3.2441511697448235	0.06213265903073896	217.9800272613386
taurine	136.0	0.117	0.085	3	3.244650713335201	0.11006379216992014	-68.03585879084417
taurine	136.0	0.117	0.085	4	3.245960351919787	0.25593586197816715	226.98377926471255
taurine	136.0	0.117	0.085	5	3.2614754058259026	0.12812834284364935	-79.66323914821504
taurine	136.0	0.117	0.085	6	3.4049901576911963	0.43532095674470694	60.74722767851624
taurine	136.0	0.117	0.085	7	3.4206170990420715	0.21633787406847618	75.04926928547533
taurine	136.0	0.117	0.085	8	3.421855525010729	0.18389695759818367	18.86794377994812
taurine	136.0	0.117	0.085	9	3.4224372408067474	0.05180294097321975	119.77481134732813
taurine	136.0	0.117	0.085	10	3.436967736288857	0.029962344284149053	48.988498434245265
taurine	136.0	0.117	0.085	11	3.438635720580267	0.13310056673337373	56.984899740650405
peth	136.0	0.126	0.087	0	3.142342991658831	0.0014564940598579413	132.26385135580784
peth	136.0	0.126	0.087	1	3.203329675637117	0.14069409225860455	-9.857131455804478
peth	136.0	0.126	0.087	2	3.2032449416544586	0.006717186241094398	144.6835252690622
peth	136.0	0.126	0.087	3	3.2034348875866874	0.010344083069334065	51.53348197457432
peth	136.0	0.126	0.087	4	3.211110296898485	0.12953938038224325	-18.56392955755274
peth	136.0	0.126	0.087	5	3.211303503176201	0.018270786512851547	218.88200870099155
peth	136.0	0.126	0.087	6	3.2158145047670166	0.3069640307158465	-19.291096085067963
peth	136.0	0.126	0.087	7	3.2155232768783204	0.023383679324958166	255.11710468266705
peth	136.0	0.126	0.087	8	3.220629847393866	0.016288571693619115	63.84377887795661
peth	136.0	0.126	0.087	9	3.220814176340872	0.1646224885497716	-25.857292156410068
peth	136.0	0.126	0.087	10	3.2210024981478087	0.007454054850891071	183.33968222084303
peth	136.0	0.126	0.087	11	3.2284170449362355	0.3494742254975085	-29.932371165318628
peth	136.0	0.126	0.087	12	3.2283449977138385	0.006876975604138305	36.710650030092445
peth	136.0	0.126	0.087	13	3.228503133223377	0.004638989009830331	191.60909322989903
peth	136.0	0.126	0.087	14	3.2892481101115396	0.002524947555899439	97.30282228601514
peth	136.0	0.126	0.087	15	3.2892522981317454	0.0007514002351373571	260.2406906354748
peth	136.0	0.126	0.087	16	3.91091033866484	0.0014771805465936714	109.79164282986717
peth	136.0	0.126	0.087	17	3.9544412536509226	0.12365605918992245	158.6012004350511
peth	136.0	0.126	0.087	18	3.9564117757338098	0.0619699730943116	157.1955427682979
peth	136.0	0.126	0.087	19	3.962049463239143	0.07098663518939968	142.4363835723065
peth	136.0	0.126	0.087	20	3.964021078356333	0.035524211282604454	141.75144798822544
peth	136.0	0.126	0.087	21	3.967082143491977	0.1579267591830308	129.44088467949513
peth	136.0	0.126	0.087	22	3.969055065085421	0.0785401835735871	128.88567129381806
peth	136.0	0.126	0.087	23	3.9726287732636463	0.18130861529902936	135.2937489478333
peth	136.0	0.126	0.087	24	3.9716595035732083	0.0166533206189597	78.96450998376058
peth	136.0	0.126	0.087	25	3.971820364177866	0.021313897486481225	-89.02181782634295
peth	136.0	0.126	0.087	26	3.9743684860887374	0.06743320092708185	143.8317558405592
peth	136.0	0.126	0.087	27	3.9796992938286024	0.20006098657943155	125.86260030039074
peth	136.0	0.126	0.087	28	3.979537643239852	0.00600132435822277	-71.37860937042979
peth	136.0	0.126	0.087	29	3.9816573387135605	0.10886277723234321	129.74247454938498
peth	136.0	0.126	0.087	30	3.9856807672137107	0.13031676213248716	124.13362968500542
peth	136.0	0.126	0.087	31	3.984690692522394	0.019585376086495337	-31.51140236062703
peth	136.0	0.126	0.087	32	3.9873163774899085	0.03963574089884687	128.95479143032196
peth	136.0	0.126	0.087	33	3.9888516544565706	0.0022221590950561665	49.410966591520484
peth	136.0	0.126	0.087	34	3.9908731258564814	0.07398433638942103	137.92288486477278
peth	136.0	0.126	0.087	35	3.998601579462354	0.13545498022438288	139.43387909470545
peth	136.0	0.126	0.087	36	3.9969123447198474	0.015963566073012893	-0.27858599993916755
peth	136.0	0.126	0.087	37	4.057827720655153	0.0004825259857971119	-86.29582119129594
scyllo-inositol	136.0	0.044	0.087	0	3.34	2.1008066517379906	194.3664900723386
pcr_X	136.0	0.422	0.081	0	3.9300000000000006	1.9999662977099395	141.56454282736175
