;PINTS for FITMAN Simulation Output
;Experiment Information
;---------------------------------------------------------------------------
;Name: semi-LASER
;Created: 2018_08_22
;Comment: Density-matrix simulations of metabolites using PyGAMMA and metabolite parameters from V. Govindaraju et. al, NMR Biomed. 2000;13:129-153
;PI: bartha-olemew
;b0: 297.2
;50 Metabolites: alanine, aspartate, choline_1-CH2_2-CH2, choline_N(CH3)3_a, choline_N(CH3)3_b, creatine_N(CH3), creatine_X, d-glucose-alpha, d-glucose-beta, eth, gaba, glutamate, glutamine, glutathione_cysteine, glutathione_glutamate, glutathione_glycine, glycine, gpc_7-CH2_8-CH2, gpc_glycerol, gpc_N(CH3)3_a, gpc_N(CH3)3_b, lactate, myoinositol, naa_acetyl, naa_aspartate, naag_acetyl, naag_aspartyl, naag_glutamate, pcho_N(CH3)3_a, pcho_N(CH3)3_b, pcho_X, pcr_N(CH3), pcr_X, peth, scyllo-inositol, taurine
;Simulation Results
;---------------------------------------------------------------------------
aspartate	100.0	1.0	0.0	0	2.60315461543	0.25584040587	142.917639997
aspartate	100.0	1.0	0.0	1	2.63321004478	0.13585040109	232.647426405
aspartate	100.0	1.0	0.0	2	2.66178300881	0.181932306385	226.39169051
aspartate	100.0	1.0	0.0	3	2.69183843816	0.368506570801	255.202346442
aspartate	100.0	1.0	0.0	4	2.77093866344	0.192272699189	32.7112096446
aspartate	100.0	1.0	0.0	5	2.78379157363	0.343786753936	266.882063163
aspartate	100.0	1.0	0.0	6	2.82956705682	0.240994612483	110.6352492
aspartate	100.0	1.0	0.0	7	2.84241996702	0.137919922694	-62.7921798307
aspartate	100.0	1.0	0.0	8	3.8701699882	0.267099265514	221.977017698
aspartate	100.0	1.0	0.0	9	3.8830228984	0.178564501799	62.6863009882
aspartate	100.0	1.0	0.0	10	3.90022541756	0.176769506972	-84.9100283697
aspartate	100.0	1.0	0.0	11	3.91307832775	0.26074524572	132.489882073
alanine	100.0	1.0	0.0	0	1.45447486737	0.352114654783	183.762716587
alanine	100.0	1.0	0.0	1	1.4788076978	0.56603169361	260.012301152
alanine	100.0	1.0	0.0	2	3.7382838008	0.126238064174	11.8216929658
alanine	100.0	1.0	0.0	3	3.76262588076	0.375217006313	120.044991282
alanine	100.0	1.0	0.0	4	3.78694939741	0.345745821034	229.208574986
alanine	100.0	1.0	0.0	5	3.81130127456	0.123682012417	-30.0704124252
choline_1-CH2_2-CH2	100.0	1.0	0.0	0	3.4835996284	0.297100749133	176.022979052
choline_1-CH2_2-CH2	100.0	1.0	0.0	1	3.4838750549	0.0558825710123	44.7343652604
choline_1-CH2_2-CH2	100.0	1.0	0.0	2	3.49446206976	0.160034893662	60.3895635631
choline_1-CH2_2-CH2	100.0	1.0	0.0	3	3.49445321478	0.0321063790692	-20.6935426862
choline_1-CH2_2-CH2	100.0	1.0	0.0	4	3.50051604226	0.356051338602	-6.34105026569
choline_1-CH2_2-CH2	100.0	1.0	0.0	5	3.50001051972	0.017141433165	146.177157867
choline_1-CH2_2-CH2	100.0	1.0	0.0	6	3.50738430196	0.21872867316	-74.9969760124
choline_1-CH2_2-CH2	100.0	1.0	0.0	7	3.51775558871	0.364397621193	173.317205382
choline_1-CH2_2-CH2	100.0	1.0	0.0	8	3.51770573142	0.0400864321386	68.2533150487
choline_1-CH2_2-CH2	100.0	1.0	0.0	9	3.59567488242	0.0039105791712	113.587574353
choline_1-CH2_2-CH2	100.0	1.0	0.0	10	3.96815265095	0.00156918705806	-41.2257001571
choline_1-CH2_2-CH2	100.0	1.0	0.0	11	4.0284084407	0.181002578402	173.913963401
choline_1-CH2_2-CH2	100.0	1.0	0.0	12	4.03722694913	0.18409439465	176.426354221
choline_1-CH2_2-CH2	100.0	1.0	0.0	13	4.03877246827	0.0865780384006	61.0355211161
choline_1-CH2_2-CH2	100.0	1.0	0.0	14	4.04566919894	0.175968348645	-3.56027270084
choline_1-CH2_2-CH2	100.0	1.0	0.0	15	4.04604171322	0.0420301028388	208.261492847
choline_1-CH2_2-CH2	100.0	1.0	0.0	16	4.04760335933	0.0855833658103	62.5268901324
choline_1-CH2_2-CH2	100.0	1.0	0.0	17	4.05169561768	0.0795044715192	-71.4600054467
choline_1-CH2_2-CH2	100.0	1.0	0.0	18	4.05447554427	0.168497054889	-4.3183119776
choline_1-CH2_2-CH2	100.0	1.0	0.0	19	4.05639419526	0.00609325165676	138.579138712
choline_1-CH2_2-CH2	100.0	1.0	0.0	20	4.05649512241	0.0314822663075	-36.8641511543
choline_1-CH2_2-CH2	100.0	1.0	0.0	21	4.06052686963	0.0803604485145	-73.0941705387
choline_1-CH2_2-CH2	100.0	1.0	0.0	22	4.06282016659	0.172141966158	183.891510079
choline_1-CH2_2-CH2	100.0	1.0	0.0	23	4.06288441363	0.0226849263326	-15.3697651388
choline_1-CH2_2-CH2	100.0	1.0	0.0	24	4.06931808487	0.00844905383366	104.524190601
choline_1-CH2_2-CH2	100.0	1.0	0.0	25	4.06941901201	0.0113815073685	36.3232907221
choline_1-CH2_2-CH2	100.0	1.0	0.0	26	4.07137126621	0.141713575693	172.693426861
choline_1-CH2_2-CH2	100.0	1.0	0.0	27	4.07996127587	0.0192198762228	82.9072101576
choline_1-CH2_2-CH2	100.0	1.0	0.0	28	4.08042102971	0.0286617656101	210.630115104
choline_1-CH2_2-CH2	100.0	1.0	0.0	29	4.15854877634	0.00123644535487	252.376561514
choline_N(CH3)3_a	100.0	1.0	0.0	0	3.18308188091	1.32979861067	-2.16196300534
choline_N(CH3)3_a	100.0	1.0	0.0	1	3.18499956207	0.270655750524	-3.74986234724
choline_N(CH3)3_a	100.0	1.0	0.0	2	3.18499956215	0.0906619127945	236.569705666
choline_N(CH3)3_a	100.0	1.0	0.0	3	3.18499956197	0.00978483710091	155.86900234
choline_N(CH3)3_a	100.0	1.0	0.0	4	3.18499956225	0.123079318719	16.0346372388
choline_N(CH3)3_a	100.0	1.0	0.0	5	3.18499956253	0.0484658337799	-40.3752798591
choline_N(CH3)3_a	100.0	1.0	0.0	6	3.1869174624	0.0601960785557	-4.8456089531
choline_N(CH3)3_a	100.0	1.0	0.0	7	3.18691765278	0.0263861250745	224.67066007
choline_N(CH3)3_a	100.0	1.0	0.0	8	3.18691802946	0.104661229647	158.267238233
choline_N(CH3)3_a	100.0	1.0	0.0	9	3.18691790018	0.1048469037	-43.8522323068
choline_N(CH3)3_a	100.0	1.0	0.0	10	3.1869179003	0.104205167137	87.8927965562
creatine_N(CH3)	100.0	1.0	0.0	0	3.027	2.99925954485	2.10567162058
choline_N(CH3)3_b	100.0	1.0	0.0	0	3.18308188064	1.66112927939	-2.16196734238
choline_N(CH3)3_b	100.0	1.0	0.0	1	3.18499956223	0.0880973644311	-55.8923832152
choline_N(CH3)3_b	100.0	1.0	0.0	2	3.18499956215	0.0940965811622	228.680072668
choline_N(CH3)3_b	100.0	1.0	0.0	3	3.18499956221	0.378134546434	-0.872524557459
choline_N(CH3)3_b	100.0	1.0	0.0	4	3.18499956218	0.107003181592	204.354918006
choline_N(CH3)3_b	100.0	1.0	0.0	5	3.18499956218	0.151475054537	68.4615883451
choline_N(CH3)3_b	100.0	1.0	0.0	6	3.18499956257	0.0025750365409	133.305388713
choline_N(CH3)3_b	100.0	1.0	0.0	7	3.18691768691	0.679927922915	-2.03629020023
choline_N(CH3)3_b	100.0	1.0	0.0	8	3.1869177614	0.611610834398	4.09193250325
choline_N(CH3)3_b	100.0	1.0	0.0	9	3.18691735689	0.00973607437044	199.516177021
choline_N(CH3)3_b	100.0	1.0	0.0	10	3.1869179743	0.0248462426458	253.872910017
choline_N(CH3)3_b	100.0	1.0	0.0	11	3.18691773747	0.0213285383579	139.954193162
choline_N(CH3)3_b	100.0	1.0	0.0	12	3.18691811907	0.0358127703219	-77.5794551523
creatine_X	100.0	1.0	0.0	0	3.913	1.99853601722	-6.24453260949
d-glucose-alpha	100.0	1.0	0.0	0	3.31839455624	0.00201549395601	251.65776667
d-glucose-alpha	100.0	1.0	0.0	1	3.34978965953	0.00113483045977	213.407880029
d-glucose-alpha	100.0	1.0	0.0	2	3.35209186695	0.0061350672036	69.72575686
d-glucose-alpha	100.0	1.0	0.0	3	3.36164236784	0.127658144826	-25.0079323769
d-glucose-alpha	100.0	1.0	0.0	4	3.36374175029	0.0108828242793	10.2846546505
d-glucose-alpha	100.0	1.0	0.0	5	3.38336371278	0.00449969919308	46.6538185073
d-glucose-alpha	100.0	1.0	0.0	6	3.39305555769	0.252416309656	-3.68294070272
d-glucose-alpha	100.0	1.0	0.0	7	3.39391791272	0.152219972088	-23.2375928115
d-glucose-alpha	100.0	1.0	0.0	8	3.39401463142	0.0230949768175	261.453365375
d-glucose-alpha	100.0	1.0	0.0	9	3.39435884915	0.0106658848089	-75.4723619581
d-glucose-alpha	100.0	1.0	0.0	10	3.39511452973	0.00964472857728	54.9881181872
d-glucose-alpha	100.0	1.0	0.0	11	3.40386304647	0.0131844261991	-57.9510984642
d-glucose-alpha	100.0	1.0	0.0	12	3.42384445754	0.0588234170439	46.9852552224
d-glucose-alpha	100.0	1.0	0.0	13	3.42560956962	0.018365617167	241.920774963
d-glucose-alpha	100.0	1.0	0.0	14	3.42536403356	0.00238607850158	-88.630669398
d-glucose-alpha	100.0	1.0	0.0	15	3.42581845764	0.0705053341566	15.6872536982
d-glucose-alpha	100.0	1.0	0.0	16	3.4353072506	0.0157279623501	-7.41354204372
d-glucose-alpha	100.0	1.0	0.0	17	3.43727164033	0.0022728539804	76.4872294095
d-glucose-alpha	100.0	1.0	0.0	18	3.46875282881	0.00539281880678	95.826114268
d-glucose-alpha	100.0	1.0	0.0	19	3.49511980598	0.201692110158	234.010107274
d-glucose-alpha	100.0	1.0	0.0	20	3.50777242837	0.263309250077	107.514895497
d-glucose-alpha	100.0	1.0	0.0	21	3.51599361138	0.000915850501288	250.090121
d-glucose-alpha	100.0	1.0	0.0	22	3.52726945134	0.253687679772	253.422351449
d-glucose-alpha	100.0	1.0	0.0	23	3.53996487168	0.187582029409	109.244718814
d-glucose-alpha	100.0	1.0	0.0	24	3.66849135051	0.311861291935	-37.1423852157
d-glucose-alpha	100.0	1.0	0.0	25	3.7004094924	0.350864007323	-12.8486460157
d-glucose-alpha	100.0	1.0	0.0	26	3.6999449767	0.0270419399775	56.5606248059
d-glucose-alpha	100.0	1.0	0.0	27	3.71005512592	0.0638624455719	144.584240159
d-glucose-alpha	100.0	1.0	0.0	28	3.71259366989	0.0650747064459	246.556414494
d-glucose-alpha	100.0	1.0	0.0	29	3.72175183892	0.026601977896	148.635307223
d-glucose-alpha	100.0	1.0	0.0	30	3.73218931713	0.356700343997	19.9412503566
d-glucose-alpha	100.0	1.0	0.0	31	3.73239685715	0.223463019025	58.0414655464
d-glucose-alpha	100.0	1.0	0.0	32	3.75201141105	0.0544778663412	-76.8632614629
d-glucose-alpha	100.0	1.0	0.0	33	3.7527560808	0.00519636489032	53.566436964
d-glucose-alpha	100.0	1.0	0.0	34	3.75317851059	0.0985308404596	216.047730554
d-glucose-alpha	100.0	1.0	0.0	35	3.76248462441	0.0757704138059	-44.582411707
d-glucose-alpha	100.0	1.0	0.0	36	3.77310133645	0.158205872197	-39.3201016054
d-glucose-alpha	100.0	1.0	0.0	37	3.774180579	0.136002972867	25.3836043344
d-glucose-alpha	100.0	1.0	0.0	38	3.79604268934	0.191935524919	-50.0097469353
d-glucose-alpha	100.0	1.0	0.0	39	3.80032735942	0.1185358927	99.8724737087
d-glucose-alpha	100.0	1.0	0.0	40	3.80652159608	0.0330528208436	64.8049408906
d-glucose-alpha	100.0	1.0	0.0	41	3.80790497802	0.139600340569	-53.4098246243
d-glucose-alpha	100.0	1.0	0.0	42	3.81079205442	0.111634866186	146.357936512
d-glucose-alpha	100.0	1.0	0.0	43	3.81305069466	0.0754249253399	264.68378547
d-glucose-alpha	100.0	1.0	0.0	44	3.8182112272	0.0689028635188	123.059942387
d-glucose-alpha	100.0	1.0	0.0	45	3.82248841103	0.0347487919662	80.8339369574
d-glucose-alpha	100.0	1.0	0.0	46	3.82814042187	0.140163094692	262.186737329
d-glucose-alpha	100.0	1.0	0.0	47	3.83327776441	0.164663453907	253.135963843
d-glucose-alpha	100.0	1.0	0.0	48	3.84806814088	0.0612713838139	152.435544906
d-glucose-alpha	100.0	1.0	0.0	49	3.84847885823	0.0986340581648	-64.9615791138
d-glucose-alpha	100.0	1.0	0.0	50	3.84848967083	0.113126276989	241.478902802
d-glucose-alpha	100.0	1.0	0.0	51	3.85305221049	0.0893371827384	177.74071703
d-glucose-alpha	100.0	1.0	0.0	52	3.85320206221	0.107020667025	7.17203470345
d-glucose-alpha	100.0	1.0	0.0	53	3.85362937694	0.0426311002924	214.167295467
d-glucose-alpha	100.0	1.0	0.0	54	3.89678233416	0.00815556945468	7.33202138878
glutamate	100.0	1.0	0.0	0	1.96706804127	0.0177313112821	260.054020454
glutamate	100.0	1.0	0.0	1	1.99094252965	0.0501036303114	-69.5855018557
glutamate	100.0	1.0	0.0	2	1.9909810453	0.0217732150042	-7.98690259312
glutamate	100.0	1.0	0.0	3	1.99400006985	0.0408190582761	-41.1784496439
glutamate	100.0	1.0	0.0	4	2.01485536067	0.0374628755678	110.779474018
glutamate	100.0	1.0	0.0	5	2.01680099928	0.0372141011371	229.776470632
glutamate	100.0	1.0	0.0	6	2.01798748835	0.0834386436938	94.299001195
glutamate	100.0	1.0	0.0	7	2.04040128172	0.135675748963	141.473038708
glutamate	100.0	1.0	0.0	8	2.04202460837	0.0286258339086	176.595625474
glutamate	100.0	1.0	0.0	9	2.04412977497	0.0193505868072	167.546470183
glutamate	100.0	1.0	0.0	10	2.06405000071	0.044224216731	-13.9183435844
glutamate	100.0	1.0	0.0	11	2.0677739896	0.098337828636	-26.4426336227
glutamate	100.0	1.0	0.0	12	2.08373400035	0.02125261335	177.621810489
glutamate	100.0	1.0	0.0	13	2.0916096957	0.0417394074876	26.5483289302
glutamate	100.0	1.0	0.0	14	2.09303744086	0.0329832647287	92.155733181
glutamate	100.0	1.0	0.0	15	2.10826232309	0.0887680845439	259.162686011
glutamate	100.0	1.0	0.0	16	2.10938326002	0.0494621200503	-73.4029075105
glutamate	100.0	1.0	0.0	17	2.11718319984	0.0259354511755	-75.8899846553
glutamate	100.0	1.0	0.0	18	2.11766375294	0.0620880739472	218.063504707
glutamate	100.0	1.0	0.0	19	2.13343335061	0.0217578623193	2.23970344094
glutamate	100.0	1.0	0.0	20	2.13370905658	0.0679487864623	75.7287686932
glutamate	100.0	1.0	0.0	21	2.1414089918	0.0390192185542	-53.2040976341
glutamate	100.0	1.0	0.0	22	2.14323256942	0.0377689158631	-46.661262855
glutamate	100.0	1.0	0.0	23	2.15745696313	0.0419236132079	124.168637861
glutamate	100.0	1.0	0.0	24	2.15947305764	0.0391804739857	115.997903167
glutamate	100.0	1.0	0.0	25	2.16730562707	0.0577090065546	67.0861082767
glutamate	100.0	1.0	0.0	26	2.18329414391	0.0370861636521	229.982828253
glutamate	100.0	1.0	0.0	27	2.25493269956	0.00210159309557	-69.7600651905
glutamate	100.0	1.0	0.0	28	2.26791211796	0.0153304529424	-70.028796774
glutamate	100.0	1.0	0.0	29	2.29150428174	0.023216648177	24.2368529916
glutamate	100.0	1.0	0.0	30	2.31581479531	0.00660161322387	142.196509409
glutamate	100.0	1.0	0.0	31	2.32096627272	0.37313813025	-62.3069948636
glutamate	100.0	1.0	0.0	32	2.34492792652	0.361656381283	30.8637973811
glutamate	100.0	1.0	0.0	33	2.34741237205	0.351719621467	32.1569686729
glutamate	100.0	1.0	0.0	34	2.36914308555	0.0948026199261	104.299900788
glutamate	100.0	1.0	0.0	35	2.37372031581	0.154776280357	146.729549194
glutamate	100.0	1.0	0.0	36	2.37397532991	0.0136453703648	-63.9916507654
glutamate	100.0	1.0	0.0	37	2.40093535087	0.023411513774	32.7290145944
glutamate	100.0	1.0	0.0	38	2.42704195227	0.00728928878341	155.282403941
glutamate	100.0	1.0	0.0	39	3.72336416272	0.219698303823	201.752747573
glutamate	100.0	1.0	0.0	40	3.73950742825	0.204489147855	-0.227213887338
glutamate	100.0	1.0	0.0	41	3.74731674988	0.201512464638	-12.9453465854
glutamate	100.0	1.0	0.0	42	3.76350933033	0.206176554147	147.546413457
eth	100.0	1.0	0.0	0	3.12857645817	0.248556906615	201.562293129
eth	100.0	1.0	0.0	1	3.12885702098	0.0223574787983	269.450926126
eth	100.0	1.0	0.0	2	3.12885704552	0.0106928952516	-66.6168243542
eth	100.0	1.0	0.0	3	3.13995870842	0.0038584600932	-2.59476861681
eth	100.0	1.0	0.0	4	3.1413446285	0.0493945111665	113.633487344
eth	100.0	1.0	0.0	5	3.14148212378	0.0890841371042	218.520181979
eth	100.0	1.0	0.0	6	3.14157274832	0.157573536114	57.5992882265
eth	100.0	1.0	0.0	7	3.14187965429	0.0587766853352	-4.04419732038
eth	100.0	1.0	0.0	8	3.14317387954	0.00313420005298	235.219652792
eth	100.0	1.0	0.0	9	3.15137290932	0.258121651965	-38.3235009406
eth	100.0	1.0	0.0	10	3.15103708202	0.0381732278802	147.105349965
eth	100.0	1.0	0.0	11	3.15139711385	0.260000332836	-39.5866463332
eth	100.0	1.0	0.0	12	3.15124779068	0.0363560756963	237.15302274
eth	100.0	1.0	0.0	13	3.15291458254	0.00178011454719	-79.5842720446
eth	100.0	1.0	0.0	14	3.15304265237	0.00594714279956	247.570161102
eth	100.0	1.0	0.0	15	3.16427428192	0.163083257925	162.307033483
eth	100.0	1.0	0.0	16	3.16404640424	0.0188985094734	255.214789399
eth	100.0	1.0	0.0	17	3.16409817588	0.0322540445506	24.6229312466
eth	100.0	1.0	0.0	18	3.16447143707	0.026556570623	89.0116139836
eth	100.0	1.0	0.0	19	3.79844678329	0.0828124896053	190.876150945
eth	100.0	1.0	0.0	20	3.80073659652	0.128984706216	189.376914233
eth	100.0	1.0	0.0	21	3.80093857319	0.105421065295	46.0748919207
eth	100.0	1.0	0.0	22	3.80291730182	0.0284722226048	62.476289057
eth	100.0	1.0	0.0	23	3.81154697926	0.0721318378019	45.784837305
eth	100.0	1.0	0.0	24	3.81353666401	0.120089395959	51.9761931885
eth	100.0	1.0	0.0	25	3.81374267955	0.0786791224153	113.556585275
eth	100.0	1.0	0.0	26	3.81421821484	0.0323289628789	10.2389254374
eth	100.0	1.0	0.0	27	3.81401354983	0.0357150263257	229.021483412
eth	100.0	1.0	0.0	28	3.81586444374	0.0198874593403	165.205864834
eth	100.0	1.0	0.0	29	3.81577985197	0.0114457701358	264.0232588
eth	100.0	1.0	0.0	30	3.81620665349	0.0200869022697	96.4687511555
eth	100.0	1.0	0.0	31	3.8213098145	0.0806396001724	-65.709655506
eth	100.0	1.0	0.0	32	3.82305972963	0.0838889494311	-65.597427824
eth	100.0	1.0	0.0	33	3.82386989373	0.0257167624558	14.3648483115
eth	100.0	1.0	0.0	34	3.82364179241	0.0354475793321	160.99655783
eth	100.0	1.0	0.0	35	3.82380445685	0.0485671809129	67.810776714
eth	100.0	1.0	0.0	36	3.82551742932	0.0207589114549	6.67893959675
eth	100.0	1.0	0.0	37	3.82553114812	0.022023141087	218.774094835
eth	100.0	1.0	0.0	38	3.82595362174	0.0179471246267	157.650313109
eth	100.0	1.0	0.0	39	3.82596731972	0.0124279438334	-48.807047604
eth	100.0	1.0	0.0	40	3.83547741735	0.256956854624	173.056783456
eth	100.0	1.0	0.0	41	3.83666037093	0.00907128013026	-68.6286535608
eth	100.0	1.0	0.0	42	3.83674474205	0.0245787500993	21.2467304184
eth	100.0	1.0	0.0	43	3.83886545974	0.00643657654264	189.362789609
eth	100.0	1.0	0.0	44	3.83887658069	0.0105321658136	-85.3638548619
d-glucose-beta	100.0	1.0	0.0	0	3.1322367334	0.00186711798978	239.808642644
d-glucose-beta	100.0	1.0	0.0	1	3.13327175766	0.000508912173153	-88.9444780047
d-glucose-beta	100.0	1.0	0.0	2	3.15999033876	0.000463977354068	-8.85518727917
d-glucose-beta	100.0	1.0	0.0	3	3.18004844175	0.00214496611823	242.089961629
d-glucose-beta	100.0	1.0	0.0	4	3.18501422076	0.00338594608738	226.450503244
d-glucose-beta	100.0	1.0	0.0	5	3.19507767206	0.00654410743309	187.535979671
d-glucose-beta	100.0	1.0	0.0	6	3.1961011039	0.00484557209532	245.287349248
d-glucose-beta	100.0	1.0	0.0	7	3.19817436453	0.00878031978122	181.39875872
d-glucose-beta	100.0	1.0	0.0	8	3.19858675256	0.00949294873165	265.362534346
d-glucose-beta	100.0	1.0	0.0	9	3.20049863645	0.123026706133	-62.7274887638
d-glucose-beta	100.0	1.0	0.0	10	3.20213532847	0.0214827355456	258.612907468
d-glucose-beta	100.0	1.0	0.0	11	3.20383563047	0.0148181159669	-68.0352585526
d-glucose-beta	100.0	1.0	0.0	12	3.20567938527	0.0118040587241	-73.9651565379
d-glucose-beta	100.0	1.0	0.0	13	3.20679107353	0.00113299926573	-12.2071908819
d-glucose-beta	100.0	1.0	0.0	14	3.2115885965	0.00115716204437	257.101668065
d-glucose-beta	100.0	1.0	0.0	15	3.21199939533	0.00152892112215	-32.988612892
d-glucose-beta	100.0	1.0	0.0	16	3.22183773397	0.00184421930725	237.417734743
d-glucose-beta	100.0	1.0	0.0	17	3.22281796337	0.00428650377431	-59.1242345058
d-glucose-beta	100.0	1.0	0.0	18	3.22496277572	0.00133184359206	-80.6631212584
d-glucose-beta	100.0	1.0	0.0	19	3.22620011078	0.0122230113695	-46.2659497177
d-glucose-beta	100.0	1.0	0.0	20	3.22563167541	0.00824260502281	241.446893496
d-glucose-beta	100.0	1.0	0.0	21	3.22719792967	0.0697594012531	26.3475311869
d-glucose-beta	100.0	1.0	0.0	22	3.22805922362	0.0134187562394	76.1100413742
d-glucose-beta	100.0	1.0	0.0	23	3.22920604949	0.0285817359246	243.058278836
d-glucose-beta	100.0	1.0	0.0	24	3.2303178976	0.0964465725254	-32.4590166152
d-glucose-beta	100.0	1.0	0.0	25	3.23010893503	0.139158270716	-17.1036163781
d-glucose-beta	100.0	1.0	0.0	26	3.23129843205	0.00514581009034	61.4420138483
d-glucose-beta	100.0	1.0	0.0	27	3.23163977245	0.00357946490477	146.014909968
d-glucose-beta	100.0	1.0	0.0	28	3.2323553083	0.00632652394924	-0.567679278629
d-glucose-beta	100.0	1.0	0.0	29	3.23412946254	0.00355522523948	54.7215530412
d-glucose-beta	100.0	1.0	0.0	30	3.23715619294	0.00202950498021	76.8703374802
d-glucose-beta	100.0	1.0	0.0	31	3.24492635208	0.00166744342696	15.8293537758
d-glucose-beta	100.0	1.0	0.0	32	3.24732303237	0.00171270029406	50.4729247956
d-glucose-beta	100.0	1.0	0.0	33	3.25013935444	0.00114000544721	-3.45930896599
d-glucose-beta	100.0	1.0	0.0	34	3.25337984415	0.0130122824394	51.883646337
d-glucose-beta	100.0	1.0	0.0	35	3.25252085919	0.00476975159431	-28.2555551164
d-glucose-beta	100.0	1.0	0.0	36	3.25606576465	0.0175486510901	-58.3848250523
d-glucose-beta	100.0	1.0	0.0	37	3.25698746152	0.164766837139	57.7517618065
d-glucose-beta	100.0	1.0	0.0	38	3.25846159829	0.00428791957005	212.05272785
d-glucose-beta	100.0	1.0	0.0	39	3.2609629328	0.007678429638	141.952416579
d-glucose-beta	100.0	1.0	0.0	40	3.26403259453	0.00380667283185	159.499898259
d-glucose-beta	100.0	1.0	0.0	41	3.27183568905	0.00136036369822	105.192424734
d-glucose-beta	100.0	1.0	0.0	42	3.27422061941	0.00196059205443	140.706944836
d-glucose-beta	100.0	1.0	0.0	43	3.27705057309	0.00098221825632	82.4835410331
d-glucose-beta	100.0	1.0	0.0	44	3.27902799907	0.00139907663207	120.257325423
d-glucose-beta	100.0	1.0	0.0	45	3.2999314627	0.00153565156048	-6.91001374751
d-glucose-beta	100.0	1.0	0.0	46	3.30191391454	0.000471790931795	-1.81480124897
d-glucose-beta	100.0	1.0	0.0	47	3.3249649817	0.00327263194021	242.955488015
d-glucose-beta	100.0	1.0	0.0	48	3.32681080045	0.00233664215394	104.307245855
d-glucose-beta	100.0	1.0	0.0	49	3.32875786796	0.000585365914169	88.9871499238
d-glucose-beta	100.0	1.0	0.0	50	3.33061846935	0.00131822742881	235.457976058
d-glucose-beta	100.0	1.0	0.0	51	3.33613107515	0.00113779042994	204.669033596
d-glucose-beta	100.0	1.0	0.0	52	3.3505334361	0.0429563169368	205.50276463
d-glucose-beta	100.0	1.0	0.0	53	3.35151785719	0.0629373991796	113.643934524
d-glucose-beta	100.0	1.0	0.0	54	3.35139474509	0.00987210082404	-14.4596397898
d-glucose-beta	100.0	1.0	0.0	55	3.35197242868	0.0308381858421	59.7753067711
d-glucose-beta	100.0	1.0	0.0	56	3.35831373889	0.000452213230321	162.999130381
d-glucose-beta	100.0	1.0	0.0	57	3.37354115362	0.00470534140074	-19.4803784479
d-glucose-beta	100.0	1.0	0.0	58	3.37410194272	0.0150877031056	-80.6479005988
d-glucose-beta	100.0	1.0	0.0	59	3.3788779119	0.0371556800308	52.3005292494
d-glucose-beta	100.0	1.0	0.0	60	3.38007430645	0.00338340749096	216.02288487
d-glucose-beta	100.0	1.0	0.0	61	3.38037240942	0.00515670025967	133.891268123
d-glucose-beta	100.0	1.0	0.0	62	3.38133471086	0.157286460345	-24.2821914893
d-glucose-beta	100.0	1.0	0.0	63	3.381074364	0.0776396640248	28.4849930467
d-glucose-beta	100.0	1.0	0.0	64	3.3819716998	0.00806290263501	264.444236393
d-glucose-beta	100.0	1.0	0.0	65	3.38237488257	0.0285569833655	-44.4911277781
d-glucose-beta	100.0	1.0	0.0	66	3.38748658451	0.0262423924352	-58.9050117181
d-glucose-beta	100.0	1.0	0.0	67	3.38762255458	0.0322854810509	-2.59603550788
d-glucose-beta	100.0	1.0	0.0	68	3.39629469254	0.0131192844677	-6.07299335388
d-glucose-beta	100.0	1.0	0.0	69	3.40083852669	0.0101572746653	-26.0933182467
d-glucose-beta	100.0	1.0	0.0	70	3.40963780853	0.253810935474	7.24743081699
d-glucose-beta	100.0	1.0	0.0	71	3.40960392638	0.00178109869903	84.0181183651
d-glucose-beta	100.0	1.0	0.0	72	3.41148660976	0.0519545018414	-62.1888442345
d-glucose-beta	100.0	1.0	0.0	73	3.41467085946	0.00368287639394	-14.7331189606
d-glucose-beta	100.0	1.0	0.0	74	3.42562037518	0.0175809639989	118.00114257
d-glucose-beta	100.0	1.0	0.0	75	3.42589361299	0.0248195720533	-67.3115520446
d-glucose-beta	100.0	1.0	0.0	76	3.42861988944	0.0377469480176	-45.4983362951
d-glucose-beta	100.0	1.0	0.0	77	3.42871011484	0.0461474732679	216.739959486
d-glucose-beta	100.0	1.0	0.0	78	3.43042752077	0.00184407031522	-56.8410280773
d-glucose-beta	100.0	1.0	0.0	79	3.43117205281	0.0191372992686	257.372741544
d-glucose-beta	100.0	1.0	0.0	80	3.43084354148	0.0185366844215	112.074559427
d-glucose-beta	100.0	1.0	0.0	81	3.43362373935	0.0478461672108	-74.016438716
d-glucose-beta	100.0	1.0	0.0	82	3.43364488653	0.0434312891927	175.07625773
d-glucose-beta	100.0	1.0	0.0	83	3.44169030041	0.00780989555524	100.125295732
d-glucose-beta	100.0	1.0	0.0	84	3.44402833416	0.0573288285769	98.9149817528
d-glucose-beta	100.0	1.0	0.0	85	3.444229504	0.00994022523628	-48.4976658844
d-glucose-beta	100.0	1.0	0.0	86	3.44513733036	0.0456838162678	224.488185192
d-glucose-beta	100.0	1.0	0.0	87	3.44663291366	0.189909896502	18.7135569066
d-glucose-beta	100.0	1.0	0.0	88	3.44865244906	0.0204473385693	-52.0819412212
d-glucose-beta	100.0	1.0	0.0	89	3.44952990005	0.047174632185	169.588553367
d-glucose-beta	100.0	1.0	0.0	90	3.44969177979	0.00222556581652	111.699320655
d-glucose-beta	100.0	1.0	0.0	91	3.45020475582	0.0805711578677	-7.28558410967
d-glucose-beta	100.0	1.0	0.0	92	3.45036200429	0.038351636149	202.789396779
d-glucose-beta	100.0	1.0	0.0	93	3.45242148212	0.00919492195661	-20.2713745688
d-glucose-beta	100.0	1.0	0.0	94	3.45442021962	0.0503007864047	48.738639072
d-glucose-beta	100.0	1.0	0.0	95	3.45755376957	0.0209443368271	-22.8634421281
d-glucose-beta	100.0	1.0	0.0	96	3.45908413281	0.0285700377977	48.5926494441
d-glucose-beta	100.0	1.0	0.0	97	3.46043185368	0.0194537057722	-8.303896811
d-glucose-beta	100.0	1.0	0.0	98	3.4623307739	0.0169402339007	257.967589786
d-glucose-beta	100.0	1.0	0.0	99	3.46279028343	0.00851416870738	-86.9946266981
d-glucose-beta	100.0	1.0	0.0	100	3.46981869888	0.0362085325694	12.6774214509
d-glucose-beta	100.0	1.0	0.0	101	3.47217723007	0.00847972458617	183.004696783
d-glucose-beta	100.0	1.0	0.0	102	3.47282585532	0.052273400076	-39.2863986069
d-glucose-beta	100.0	1.0	0.0	103	3.47429248347	0.0232164123472	195.25548294
d-glucose-beta	100.0	1.0	0.0	104	3.47572092039	0.16681617809	-30.1284669807
d-glucose-beta	100.0	1.0	0.0	105	3.47630035614	0.0123253696114	35.7471689947
d-glucose-beta	100.0	1.0	0.0	106	3.47763633188	0.0491999731883	213.420899675
d-glucose-beta	100.0	1.0	0.0	107	3.47771255367	0.0425802929667	236.748278008
d-glucose-beta	100.0	1.0	0.0	108	3.47863683142	0.0981220915376	-26.1014000779
d-glucose-beta	100.0	1.0	0.0	109	3.47829084516	0.000776669699304	89.0276702656
d-glucose-beta	100.0	1.0	0.0	110	3.47949583733	0.0308035694168	150.847636177
d-glucose-beta	100.0	1.0	0.0	111	3.48051041201	0.00106691047017	45.8808599244
d-glucose-beta	100.0	1.0	0.0	112	3.48058989222	0.00808459636866	-73.2399069071
d-glucose-beta	100.0	1.0	0.0	113	3.48064521725	0.00443892171977	-5.74318987145
d-glucose-beta	100.0	1.0	0.0	114	3.48271578193	0.007009761543	172.378202892
d-glucose-beta	100.0	1.0	0.0	115	3.48274311281	0.0107700867819	113.728567222
d-glucose-beta	100.0	1.0	0.0	116	3.50593066003	0.101337755924	218.54625144
d-glucose-beta	100.0	1.0	0.0	117	3.50795632865	0.0919090747489	103.404622445
d-glucose-beta	100.0	1.0	0.0	118	3.52429038142	0.00321556672683	27.2258312534
d-glucose-beta	100.0	1.0	0.0	119	3.52913361056	0.00273078091956	5.07488908326
d-glucose-beta	100.0	1.0	0.0	120	3.54033522913	0.00136341606315	-31.2857015857
d-glucose-beta	100.0	1.0	0.0	121	3.54545311525	0.00115949184748	-21.4233741827
d-glucose-beta	100.0	1.0	0.0	122	3.55307842638	0.000449387267231	64.3626006721
d-glucose-beta	100.0	1.0	0.0	123	3.5578781287	0.00045511742155	68.4538273768
d-glucose-beta	100.0	1.0	0.0	124	3.59576027302	0.00207234005115	144.03653076
d-glucose-beta	100.0	1.0	0.0	125	3.6197571539	0.00102829608446	-1.07810186645
d-glucose-beta	100.0	1.0	0.0	126	3.62418876565	0.00201563982335	5.23467678247
d-glucose-beta	100.0	1.0	0.0	127	3.62716347065	0.00107222260408	-5.89376165846
d-glucose-beta	100.0	1.0	0.0	128	3.64200709158	0.000943588296159	6.4842711884
d-glucose-beta	100.0	1.0	0.0	129	3.67020532317	0.00133915043407	257.967434774
d-glucose-beta	100.0	1.0	0.0	130	3.67302562921	0.0293296831528	-43.6035930495
d-glucose-beta	100.0	1.0	0.0	131	3.67550716904	0.134743786825	-43.8079299921
d-glucose-beta	100.0	1.0	0.0	132	3.67578179647	0.00646630035075	269.940105018
d-glucose-beta	100.0	1.0	0.0	133	3.67614455017	0.0433445461841	-76.6453749423
d-glucose-beta	100.0	1.0	0.0	134	3.67956193567	0.0238887273159	-68.5677914957
d-glucose-beta	100.0	1.0	0.0	135	3.68861418948	0.00854395374543	253.685077635
d-glucose-beta	100.0	1.0	0.0	136	3.68980393049	0.0115708976474	149.581988707
d-glucose-beta	100.0	1.0	0.0	137	3.69228329226	0.0482065918053	217.383907587
d-glucose-beta	100.0	1.0	0.0	138	3.69321319212	0.0451272666056	147.227398891
d-glucose-beta	100.0	1.0	0.0	139	3.694588074	0.011125843994	250.768300624
d-glucose-beta	100.0	1.0	0.0	140	3.69721043803	0.00857130903462	133.754567567
d-glucose-beta	100.0	1.0	0.0	141	3.71157445023	0.00807786916343	168.671158242
d-glucose-beta	100.0	1.0	0.0	142	3.71704711361	0.140814250502	175.326424267
d-glucose-beta	100.0	1.0	0.0	143	3.7176009467	0.089924980832	137.194686518
d-glucose-beta	100.0	1.0	0.0	144	3.71942829608	0.0217846067135	152.002966544
d-glucose-beta	100.0	1.0	0.0	145	3.7333687708	0.04886253443	109.333990723
d-glucose-beta	100.0	1.0	0.0	146	3.73394889608	0.218155007918	36.1138571115
d-glucose-beta	100.0	1.0	0.0	147	3.73829084331	0.00856938246938	109.038502027
d-glucose-beta	100.0	1.0	0.0	148	3.74151046349	0.00516565902534	38.1957511699
d-glucose-beta	100.0	1.0	0.0	149	3.74456744578	0.00179724197277	98.41822922
d-glucose-beta	100.0	1.0	0.0	150	3.78124946661	0.00279810016991	-7.92652648477
d-glucose-beta	100.0	1.0	0.0	151	3.85598398647	0.00414959092684	-67.4902651228
d-glucose-beta	100.0	1.0	0.0	152	3.85788323273	0.00573592460224	-61.7061659286
d-glucose-beta	100.0	1.0	0.0	153	3.86098995224	0.0478654458096	-80.1909410623
d-glucose-beta	100.0	1.0	0.0	154	3.86115904428	0.115702308195	248.561698838
d-glucose-beta	100.0	1.0	0.0	155	3.86384698841	0.103982226497	233.031330867
d-glucose-beta	100.0	1.0	0.0	156	3.86641494069	0.217543451552	210.490007174
d-glucose-beta	100.0	1.0	0.0	157	3.86950482462	0.00629962424889	221.235480874
d-glucose-beta	100.0	1.0	0.0	158	3.87183246611	0.00662667431484	178.195843153
d-glucose-beta	100.0	1.0	0.0	159	3.90254793287	0.233574400436	128.774973912
d-glucose-beta	100.0	1.0	0.0	160	3.90764392945	0.17656216354	93.7345381326
d-glucose-beta	100.0	1.0	0.0	161	4.61672459728	0.460453499915	137.708093008
d-glucose-beta	100.0	1.0	0.0	162	4.64353358667	0.489744642876	221.532695882
gaba	100.0	1.0	0.0	0	1.83609170247	0.0231327246917	253.129671755
gaba	100.0	1.0	0.0	1	1.83815637494	0.0398617548831	172.336286521
gaba	100.0	1.0	0.0	2	1.85696880793	0.0092031124803	27.8835313504
gaba	100.0	1.0	0.0	3	1.86062614222	0.0930782015911	-51.7123844767
gaba	100.0	1.0	0.0	4	1.86148493875	0.0368336798095	41.9610976248
gaba	100.0	1.0	0.0	5	1.86268864945	0.06716063847	-39.5444853197
gaba	100.0	1.0	0.0	6	1.86522199298	0.0195351543469	-60.8605178649
gaba	100.0	1.0	0.0	7	1.86824473535	0.00654475602131	250.055722759
gaba	100.0	1.0	0.0	8	1.87964134091	0.00180572262466	63.5787641779
gaba	100.0	1.0	0.0	9	1.88224449272	0.0206135231465	67.0525012492
gaba	100.0	1.0	0.0	10	1.88613665436	0.33064692721	29.7081878897
gaba	100.0	1.0	0.0	11	1.88854712512	0.151956170722	21.9703561606
gaba	100.0	1.0	0.0	12	1.89137857676	0.0215502082913	-6.22913703638
gaba	100.0	1.0	0.0	13	1.8933412104	0.0156624810441	-17.0565590715
gaba	100.0	1.0	0.0	14	1.90683793964	0.0121343216007	207.76326039
gaba	100.0	1.0	0.0	15	1.91125167594	0.174200097453	171.851128757
gaba	100.0	1.0	0.0	16	1.91364735804	0.0521377465709	139.409976551
gaba	100.0	1.0	0.0	17	1.91680566483	0.0108846055833	109.575186363
gaba	100.0	1.0	0.0	18	1.93570839362	0.0403282360327	250.418180504
gaba	100.0	1.0	0.0	19	1.93776531495	0.0564942362376	232.899462512
gaba	100.0	1.0	0.0	20	2.26015095095	0.392800135619	-68.7099434672
gaba	100.0	1.0	0.0	21	2.2805621824	0.0116700225812	69.4573975613
gaba	100.0	1.0	0.0	22	2.28472164872	0.789627054142	34.2913358553
gaba	100.0	1.0	0.0	23	2.28744372631	0.0111970286889	-2.49829385258
gaba	100.0	1.0	0.0	24	2.30856998527	0.179334728012	131.299581945
gaba	100.0	1.0	0.0	25	2.3101896801	0.195127952644	128.695927263
gaba	100.0	1.0	0.0	26	2.98811085062	0.368602542123	267.349847946
gaba	100.0	1.0	0.0	27	2.98804489067	0.12958077045	-87.8307847616
gaba	100.0	1.0	0.0	28	3.0079259963	0.0754550612483	55.230805217
gaba	100.0	1.0	0.0	29	3.01092366638	0.176473299726	24.7835217767
gaba	100.0	1.0	0.0	30	3.01389169185	0.562028148964	-1.57424814089
gaba	100.0	1.0	0.0	31	3.01570185811	0.0462044016083	-25.0367376608
gaba	100.0	1.0	0.0	32	3.01769178655	0.0529084222995	-46.257840645
gaba	100.0	1.0	0.0	33	3.01952910738	0.0184103185051	-62.341065724
gaba	100.0	1.0	0.0	34	3.0385208795	0.413699461983	97.2422625721
glutathione_cysteine	100.0	1.0	0.0	0	2.88158786835	0.0884101176513	237.975497635
glutathione_cysteine	100.0	1.0	0.0	1	2.90438113802	0.0614883470153	4.38787037479
glutathione_cysteine	100.0	1.0	0.0	2	2.92889438817	0.39961728465	78.36973904
glutathione_cysteine	100.0	1.0	0.0	3	2.95168765785	0.443555668091	232.755026269
glutathione_cysteine	100.0	1.0	0.0	4	2.95222786887	0.408639436992	136.839566277
glutathione_cysteine	100.0	1.0	0.0	5	2.96913681216	0.435490386689	-68.3846593382
glutathione_cysteine	100.0	1.0	0.0	6	2.9995343887	0.0936164843537	-17.4261985742
glutathione_cysteine	100.0	1.0	0.0	7	3.01644333198	0.053350674316	154.586018014
glutathione_cysteine	100.0	1.0	0.0	8	4.54107552999	0.254128925476	201.42226652
glutathione_cysteine	100.0	1.0	0.0	9	4.55798447328	0.247990495512	5.78779662455
glutathione_cysteine	100.0	1.0	0.0	10	4.56386879967	0.232978277613	-0.772946113237
glutathione_cysteine	100.0	1.0	0.0	11	4.58077774296	0.247467446039	149.044307111
glutathione_glycine	100.0	1.0	0.0	0	3.769	1.99857089724	-6.6705830286
glutathione_glutamate	100.0	1.0	0.0	0	2.06336829863	0.00458805875613	57.3791621995
glutathione_glutamate	100.0	1.0	0.0	1	2.08480357034	0.00336551699701	189.175000038
glutathione_glutamate	100.0	1.0	0.0	2	2.08801771576	0.00679358465734	153.666924594
glutathione_glutamate	100.0	1.0	0.0	3	2.10950231217	0.00751440773678	-74.3049435895
glutathione_glutamate	100.0	1.0	0.0	4	2.11281857509	0.0030370715974	232.527451377
glutathione_glutamate	100.0	1.0	0.0	5	2.11536997153	0.0844809315483	40.1922375981
glutathione_glutamate	100.0	1.0	0.0	6	2.11861561635	0.120482805124	46.5044693934
glutathione_glutamate	100.0	1.0	0.0	7	2.13432941101	0.00520051779637	21.4057491511
glutathione_glutamate	100.0	1.0	0.0	8	2.13679450303	0.0843078742646	193.068409369
glutathione_glutamate	100.0	1.0	0.0	9	2.14050655893	0.191334299217	159.312110923
glutathione_glutamate	100.0	1.0	0.0	10	2.14051906276	0.143530329273	189.692922014
glutathione_glutamate	100.0	1.0	0.0	11	2.14268703687	0.0761735186576	157.313465189
glutathione_glutamate	100.0	1.0	0.0	12	2.16178270676	0.282535163666	-75.0420423457
glutathione_glutamate	100.0	1.0	0.0	13	2.16436346231	0.138284680447	-73.4202291063
glutathione_glutamate	100.0	1.0	0.0	14	2.16480255422	0.110687543137	245.816765729
glutathione_glutamate	100.0	1.0	0.0	15	2.17061728925	0.00397108865102	52.8716311226
glutathione_glutamate	100.0	1.0	0.0	16	2.18633491291	0.197149630943	18.6132561192
glutathione_glutamate	100.0	1.0	0.0	17	2.19250711607	0.00781638815123	183.675193212
glutathione_glutamate	100.0	1.0	0.0	18	2.19480388619	0.00340709190924	166.361255788
glutathione_glutamate	100.0	1.0	0.0	19	2.21425298712	0.00394779719304	-70.9992353405
glutathione_glutamate	100.0	1.0	0.0	20	2.21601501069	0.00363337293341	-81.1795216349
glutathione_glutamate	100.0	1.0	0.0	21	2.21720916435	0.00361444824225	235.463845823
glutathione_glutamate	100.0	1.0	0.0	22	2.23832992615	0.00510666836007	34.6533421874
glutathione_glutamate	100.0	1.0	0.0	23	2.44896251876	0.0259021072463	31.0263053757
glutathione_glutamate	100.0	1.0	0.0	24	2.4713275708	0.01845075207	131.905892525
glutathione_glutamate	100.0	1.0	0.0	25	2.47338231789	0.0168235285816	144.529641778
glutathione_glutamate	100.0	1.0	0.0	26	2.49588023789	0.00929324878924	229.051428362
glutathione_glutamate	100.0	1.0	0.0	27	2.50242269946	0.23749486393	226.945158756
glutathione_glutamate	100.0	1.0	0.0	28	2.52108973155	0.238630150886	-15.4742200907
glutathione_glutamate	100.0	1.0	0.0	29	2.52487859165	0.21232324122	-32.522283041
glutathione_glutamate	100.0	1.0	0.0	30	2.52677591727	0.181810827566	-38.6064964505
glutathione_glutamate	100.0	1.0	0.0	31	2.54566589364	0.3968188522	80.5353569475
glutathione_glutamate	100.0	1.0	0.0	32	2.54935481003	0.219474402555	71.2023820173
glutathione_glutamate	100.0	1.0	0.0	33	2.57018521436	0.209693623466	179.602592034
glutathione_glutamate	100.0	1.0	0.0	34	2.57454717474	0.0175101036748	172.187238614
glutathione_glutamate	100.0	1.0	0.0	35	2.5989957059	0.028896382381	265.225927866
glutathione_glutamate	100.0	1.0	0.0	36	2.59956499425	0.00493065689867	184.393437581
glutathione_glutamate	100.0	1.0	0.0	37	2.62366156238	0.0231212778526	22.8740543551
glutathione_glutamate	100.0	1.0	0.0	38	3.74782155851	0.263040548614	218.183152388
glutathione_glutamate	100.0	1.0	0.0	39	3.76912939399	0.465920442734	-7.08517556962
glutathione_glutamate	100.0	1.0	0.0	40	3.79046721801	0.215977016525	128.669267662
glutamine	100.0	1.0	0.0	0	2.02959843313	0.00609863033609	66.7069755542
glutamine	100.0	1.0	0.0	1	2.04903832083	0.00349727575665	242.24983625
glutamine	100.0	1.0	0.0	2	2.05078450944	0.00574593243431	237.163067882
glutamine	100.0	1.0	0.0	3	2.05771963287	0.00381578016309	213.872394565
glutamine	100.0	1.0	0.0	4	2.05789178012	0.00709911650624	116.544180887
glutamine	100.0	1.0	0.0	5	2.07827375759	0.0728154386819	62.0655223012
glutamine	100.0	1.0	0.0	6	2.07913261771	0.00635637062413	227.62928278
glutamine	100.0	1.0	0.0	7	2.08348312725	0.00572215549285	174.82504196
glutamine	100.0	1.0	0.0	8	2.08467424299	0.0949532378773	76.4894021402
glutamine	100.0	1.0	0.0	9	2.0994120015	0.0633979308806	236.700047313
glutamine	100.0	1.0	0.0	10	2.10110091148	0.0191829316162	206.863950202
glutamine	100.0	1.0	0.0	11	2.10307683112	0.0500196421226	219.098854282
glutamine	100.0	1.0	0.0	12	2.10479853377	0.0132109879214	-4.09539118188
glutamine	100.0	1.0	0.0	13	2.10493473898	0.0548029754741	246.168319767
glutamine	100.0	1.0	0.0	14	2.10705943378	0.0522780824075	202.730461138
glutamine	100.0	1.0	0.0	15	2.10978222351	0.0469097132836	96.7239211506
glutamine	100.0	1.0	0.0	16	2.11007205827	0.0389093168031	155.376337137
glutamine	100.0	1.0	0.0	17	2.11574074582	0.0269207290839	124.477373173
glutamine	100.0	1.0	0.0	18	2.12154007131	0.0141459923705	-45.7264631366
glutamine	100.0	1.0	0.0	19	2.12427844833	0.100750384146	242.035041999
glutamine	100.0	1.0	0.0	20	2.12762581022	0.0599428897935	-14.9234935663
glutamine	100.0	1.0	0.0	21	2.13015833943	0.0577773714783	-60.0271810932
glutamine	100.0	1.0	0.0	22	2.13164453774	0.206913957049	215.920435477
glutamine	100.0	1.0	0.0	23	2.1333228175	0.00418659448402	97.344501657
glutamine	100.0	1.0	0.0	24	2.13493755571	0.0984039746526	247.876245146
glutamine	100.0	1.0	0.0	25	2.1368241746	0.0148118172754	238.32745837
glutamine	100.0	1.0	0.0	26	2.15336547463	0.0894659810107	23.6621467769
glutamine	100.0	1.0	0.0	27	2.15356223104	0.00472597193405	249.143789313
glutamine	100.0	1.0	0.0	28	2.15502822922	0.110692347029	11.2886540898
glutamine	100.0	1.0	0.0	29	2.15542925651	0.00406481645082	225.927973219
glutamine	100.0	1.0	0.0	30	2.15894987717	0.00652261771122	205.144616603
glutamine	100.0	1.0	0.0	31	2.16411056855	0.00296389817468	67.7361642649
glutamine	100.0	1.0	0.0	32	2.17574695392	0.00852028116634	183.175595201
glutamine	100.0	1.0	0.0	33	2.17923162819	0.00483899269992	-4.58296767199
glutamine	100.0	1.0	0.0	34	2.18388698432	0.00887832930176	228.82662791
glutamine	100.0	1.0	0.0	35	2.20359517008	0.0107325613423	39.9867627157
glutamine	100.0	1.0	0.0	36	2.2334385108	0.00194044889696	-68.7804297453
glutamine	100.0	1.0	0.0	37	2.33941149415	0.00254072931201	41.0412590898
glutamine	100.0	1.0	0.0	38	2.36520315	0.0263133875192	-60.223240913
glutamine	100.0	1.0	0.0	39	2.38766189121	0.0083160113127	75.7614033024
glutamine	100.0	1.0	0.0	40	2.38967290043	0.0186235278146	-2.83900239445
glutamine	100.0	1.0	0.0	41	2.39609645372	0.00406950587055	-34.7372175717
glutamine	100.0	1.0	0.0	42	2.39710305104	0.00376436946194	162.80439681
glutamine	100.0	1.0	0.0	43	2.41530036236	0.0163151913383	88.5099023892
glutamine	100.0	1.0	0.0	44	2.41668988471	0.23805658805	-71.1539158849
glutamine	100.0	1.0	0.0	45	2.41945862973	0.225043988788	-33.8431650894
glutamine	100.0	1.0	0.0	46	2.43852552193	0.0698482796423	112.858165921
glutamine	100.0	1.0	0.0	47	2.43883515901	0.103342185264	17.3330592357
glutamine	100.0	1.0	0.0	48	2.44155498496	0.130913233335	9.84804458973
glutamine	100.0	1.0	0.0	49	2.44787628498	0.14886465983	12.3484162602
glutamine	100.0	1.0	0.0	50	2.44810720244	0.133469313884	-38.5336492931
glutamine	100.0	1.0	0.0	51	2.44857155662	0.095719859708	75.0886241476
glutamine	100.0	1.0	0.0	52	2.46685619614	0.168071821636	85.4652549518
glutamine	100.0	1.0	0.0	53	2.47096554257	0.0263162891349	-42.982776755
glutamine	100.0	1.0	0.0	54	2.47338059227	0.15546969702	108.816226685
glutamine	100.0	1.0	0.0	55	2.49309782922	0.0030695128454	212.953251572
glutamine	100.0	1.0	0.0	56	2.49661074128	0.0201516144516	51.0577698568
glutamine	100.0	1.0	0.0	57	2.50249445258	0.00500039506291	-37.2861240051
glutamine	100.0	1.0	0.0	58	2.52493462997	0.01748982451	91.9226646033
glutamine	100.0	1.0	0.0	59	3.7324241861	0.217248410958	210.855622565
glutamine	100.0	1.0	0.0	60	3.7530899303	0.42648031819	-3.59942974746
glutamine	100.0	1.0	0.0	61	3.77383962257	0.216764410243	136.232269719
glycine	100.0	1.0	0.0	0	3.548	1.99873606674	-6.56065998325
gpc_N(CH3)3_a	100.0	1.0	0.0	0	3.2100818801	1.32764354116	-2.68332556055
gpc_N(CH3)3_a	100.0	1.0	0.0	1	3.21199956054	0.268414303568	108.658375863
gpc_N(CH3)3_a	100.0	1.0	0.0	2	3.21199956092	0.0609136132023	183.733070541
gpc_N(CH3)3_a	100.0	1.0	0.0	3	3.21199956079	0.0511401950717	-13.4529350382
gpc_N(CH3)3_a	100.0	1.0	0.0	4	3.21199956094	0.147273491203	53.6488106656
gpc_N(CH3)3_a	100.0	1.0	0.0	5	3.21199956096	0.042019943415	-79.5377257713
gpc_N(CH3)3_a	100.0	1.0	0.0	6	3.21199956096	0.0225844674516	261.887096801
gpc_N(CH3)3_a	100.0	1.0	0.0	7	3.21391747694	0.0598759175722	172.960876214
gpc_N(CH3)3_a	100.0	1.0	0.0	8	3.21391793057	0.0831196822704	46.22680417
gpc_N(CH3)3_a	100.0	1.0	0.0	9	3.21391781726	0.0588211421415	242.485000938
gpc_N(CH3)3_a	100.0	1.0	0.0	10	3.21391756491	0.0643374335198	-53.4233121362
gpc_N(CH3)3_a	100.0	1.0	0.0	11	3.21391812695	0.0517479788743	94.0266708375
gpc_7-CH2_8-CH2	100.0	1.0	0.0	0	3.59557808424	0.00109877730184	-51.801415609
gpc_7-CH2_8-CH2	100.0	1.0	0.0	1	3.64368364013	0.461227593073	158.255209703
gpc_7-CH2_8-CH2	100.0	1.0	0.0	2	3.64350840162	0.020102722485	37.9592544176
gpc_7-CH2_8-CH2	100.0	1.0	0.0	3	3.6438348234	0.00657935078735	249.411359989
gpc_7-CH2_8-CH2	100.0	1.0	0.0	4	3.65425536439	0.209853429035	47.7250715053
gpc_7-CH2_8-CH2	100.0	1.0	0.0	5	3.654252535	0.0168960100587	-64.0925127522
gpc_7-CH2_8-CH2	100.0	1.0	0.0	6	3.65425836579	0.0109440615923	171.659049638
gpc_7-CH2_8-CH2	100.0	1.0	0.0	7	3.65863872801	0.308029415383	-2.74169251047
gpc_7-CH2_8-CH2	100.0	1.0	0.0	8	3.65828141363	0.00284349959829	207.703520409
gpc_7-CH2_8-CH2	100.0	1.0	0.0	9	3.65902418496	0.0631905561403	7.08182212401
gpc_7-CH2_8-CH2	100.0	1.0	0.0	10	3.66367662104	0.205413458568	-61.53513838
gpc_7-CH2_8-CH2	100.0	1.0	0.0	11	3.6636737941	0.0113128416639	57.5584040179
gpc_7-CH2_8-CH2	100.0	1.0	0.0	12	3.6636796249	0.00344245509658	192.220024538
gpc_7-CH2_8-CH2	100.0	1.0	0.0	13	3.67395293617	0.430157284327	183.672413023
gpc_7-CH2_8-CH2	100.0	1.0	0.0	14	3.67379101706	0.0102273119854	-39.3996861153
gpc_7-CH2_8-CH2	100.0	1.0	0.0	15	3.6740962265	0.0188432953013	109.652389795
gpc_7-CH2_8-CH2	100.0	1.0	0.0	16	3.72172131336	0.00083676956409	100.839531648
gpc_7-CH2_8-CH2	100.0	1.0	0.0	17	4.27791314028	0.0871354517172	168.014909441
gpc_7-CH2_8-CH2	100.0	1.0	0.0	18	4.28688985417	0.0865839940196	167.586739916
gpc_7-CH2_8-CH2	100.0	1.0	0.0	19	4.28818766407	0.0410169853007	52.2807675933
gpc_7-CH2_8-CH2	100.0	1.0	0.0	20	4.29320891434	0.059387822575	-8.57775123346
gpc_7-CH2_8-CH2	100.0	1.0	0.0	21	4.29587794952	0.0861259432229	166.771481659
gpc_7-CH2_8-CH2	100.0	1.0	0.0	22	4.2971654871	0.041056277502	52.1208308175
gpc_7-CH2_8-CH2	100.0	1.0	0.0	23	4.29769509251	0.0522593109289	-64.206399449
gpc_7-CH2_8-CH2	100.0	1.0	0.0	24	4.29835870659	0.0104136789542	194.784569179
gpc_7-CH2_8-CH2	100.0	1.0	0.0	25	4.30219580053	0.059877297525	-8.16086212998
gpc_7-CH2_8-CH2	100.0	1.0	0.0	26	4.30615438911	0.0411365943206	51.7545624711
gpc_7-CH2_8-CH2	100.0	1.0	0.0	27	4.30658673879	0.0422225756921	-58.3333274326
gpc_7-CH2_8-CH2	100.0	1.0	0.0	28	4.30774082386	0.187713285256	178.617368758
gpc_7-CH2_8-CH2	100.0	1.0	0.0	29	4.30847594366	0.00492256897839	266.087145497
gpc_7-CH2_8-CH2	100.0	1.0	0.0	30	4.31119278813	0.0611015131162	-7.48492640095
gpc_7-CH2_8-CH2	100.0	1.0	0.0	31	4.31353554341	0.0319220956725	-4.20304880313
gpc_7-CH2_8-CH2	100.0	1.0	0.0	32	4.31557564822	0.0421388181431	-57.8258690533
gpc_7-CH2_8-CH2	100.0	1.0	0.0	33	4.31668325833	0.178096711418	178.013805407
gpc_7-CH2_8-CH2	100.0	1.0	0.0	34	4.31755885448	0.0541090816294	51.1772069795
gpc_7-CH2_8-CH2	100.0	1.0	0.0	35	4.31789720277	0.00554911523275	118.293497596
gpc_7-CH2_8-CH2	100.0	1.0	0.0	36	4.32249938191	0.0635629533357	-6.42713123155
gpc_7-CH2_8-CH2	100.0	1.0	0.0	37	4.32614710954	0.0927859329674	191.875705659
gpc_7-CH2_8-CH2	100.0	1.0	0.0	38	4.32644270594	0.0414351744545	50.3528089113
gpc_7-CH2_8-CH2	100.0	1.0	0.0	39	4.32687501785	0.0419749841801	-57.0219144549
gpc_7-CH2_8-CH2	100.0	1.0	0.0	40	4.32831487917	0.016584285349	14.1194130055
gpc_7-CH2_8-CH2	100.0	1.0	0.0	41	4.32864716427	0.0219407305856	68.9246135557
gpc_7-CH2_8-CH2	100.0	1.0	0.0	42	4.33149005811	0.0661521519569	-5.56322129483
gpc_7-CH2_8-CH2	100.0	1.0	0.0	43	4.33586397748	0.041807166903	-56.284956863
gpc_7-CH2_8-CH2	100.0	1.0	0.0	44	4.33744332703	0.0924058250265	192.849259107
gpc_7-CH2_8-CH2	100.0	1.0	0.0	45	4.34643090309	0.0915772794155	193.597896578
gpc_7-CH2_8-CH2	100.0	1.0	0.0	46	4.37657161832	0.00109553967736	70.2484178851
gpc_glycerol	100.0	1.0	0.0	0	3.53712165309	0.00148718091823	-58.9607778179
gpc_glycerol	100.0	1.0	0.0	1	3.54410022421	0.00122213795864	25.2015497542
gpc_glycerol	100.0	1.0	0.0	2	3.54638811193	0.0021749347196	-88.8080580594
gpc_glycerol	100.0	1.0	0.0	3	3.54917396702	0.00435169003629	265.732029414
gpc_glycerol	100.0	1.0	0.0	4	3.56192783484	0.0267307344746	249.458337148
gpc_glycerol	100.0	1.0	0.0	5	3.56200822476	0.00245559099914	81.4982926306
gpc_glycerol	100.0	1.0	0.0	6	3.56204824741	0.0131369917696	187.262818119
gpc_glycerol	100.0	1.0	0.0	7	3.56463347212	0.0157838030614	224.493411379
gpc_glycerol	100.0	1.0	0.0	8	3.56574445655	0.006220543514	36.4363893734
gpc_glycerol	100.0	1.0	0.0	9	3.5698110646	0.0134696041631	-86.0277004524
gpc_glycerol	100.0	1.0	0.0	10	3.57049486335	0.0106637408411	110.386134634
gpc_glycerol	100.0	1.0	0.0	11	3.57288117716	0.00856194878452	139.723848618
gpc_glycerol	100.0	1.0	0.0	12	3.57336044135	0.00411487471461	29.0363724262
gpc_glycerol	100.0	1.0	0.0	13	3.57771069694	0.0106464109804	11.7470800866
gpc_glycerol	100.0	1.0	0.0	14	3.57849802279	0.0171845601148	156.678889836
gpc_glycerol	100.0	1.0	0.0	15	3.58107823257	0.00490974676017	173.348807137
gpc_glycerol	100.0	1.0	0.0	16	3.58123916888	0.0476315616108	86.1279158321
gpc_glycerol	100.0	1.0	0.0	17	3.58297543498	0.00209960583202	-8.61614233626
gpc_glycerol	100.0	1.0	0.0	18	3.59420207348	0.00670032902919	36.8785891664
gpc_glycerol	100.0	1.0	0.0	19	3.59458790918	0.00495343241033	-75.2152578681
gpc_glycerol	100.0	1.0	0.0	20	3.59488246926	0.00630437570094	107.27126713
gpc_glycerol	100.0	1.0	0.0	21	3.59631203502	0.00448967077548	56.2260281489
gpc_glycerol	100.0	1.0	0.0	22	3.59935492928	0.00116791495125	125.762959528
gpc_glycerol	100.0	1.0	0.0	23	3.60600984182	0.00207107140028	41.8109371863
gpc_glycerol	100.0	1.0	0.0	24	3.61166423222	0.0622839080266	42.0455171894
gpc_glycerol	100.0	1.0	0.0	25	3.61168234887	0.0411135772864	12.8146940178
gpc_glycerol	100.0	1.0	0.0	26	3.61351022951	0.0109917988748	66.8248748101
gpc_glycerol	100.0	1.0	0.0	27	3.61669738635	0.0260163509904	-51.5254785458
gpc_glycerol	100.0	1.0	0.0	28	3.61746620722	0.0195574442184	84.0491882999
gpc_glycerol	100.0	1.0	0.0	29	3.61775389846	0.0274948806917	20.8140758004
gpc_glycerol	100.0	1.0	0.0	30	3.61942412374	0.00257918795023	178.685679638
gpc_glycerol	100.0	1.0	0.0	31	3.62541766421	0.0624728878663	-69.4017207147
gpc_glycerol	100.0	1.0	0.0	32	3.62936756556	0.0180208937153	149.83209451
gpc_glycerol	100.0	1.0	0.0	33	3.63053629817	0.0163506274684	16.780526902
gpc_glycerol	100.0	1.0	0.0	34	3.63086702956	0.0415177100928	-56.8535056672
gpc_glycerol	100.0	1.0	0.0	35	3.63098156124	0.0420204695055	233.650701209
gpc_glycerol	100.0	1.0	0.0	36	3.63312277017	0.00681665413168	126.969842303
gpc_glycerol	100.0	1.0	0.0	37	3.64708081312	0.0154924833976	197.98046896
gpc_glycerol	100.0	1.0	0.0	38	3.64748530081	0.0714999036386	115.559376508
gpc_glycerol	100.0	1.0	0.0	39	3.64755296401	0.019068170094	39.8916255007
gpc_glycerol	100.0	1.0	0.0	40	3.64798114374	0.00414466253173	-40.1202365296
gpc_glycerol	100.0	1.0	0.0	41	3.64933404729	0.0240652983883	87.7685054612
gpc_glycerol	100.0	1.0	0.0	42	3.6507524004	0.018927728165	-89.4219342427
gpc_glycerol	100.0	1.0	0.0	43	3.65303739627	0.00992710836794	118.856296883
gpc_glycerol	100.0	1.0	0.0	44	3.6535081215	0.0249853262004	-17.5700925843
gpc_glycerol	100.0	1.0	0.0	45	3.6568299803	0.022100493952	-12.3501685203
gpc_glycerol	100.0	1.0	0.0	46	3.65713142765	0.0123030652815	75.5588881016
gpc_glycerol	100.0	1.0	0.0	47	3.66052019899	0.0286583813495	12.5209390878
gpc_glycerol	100.0	1.0	0.0	48	3.66272529445	0.0315648006749	53.0767423144
gpc_glycerol	100.0	1.0	0.0	49	3.66274650375	0.0667688468739	-53.6906502627
gpc_glycerol	100.0	1.0	0.0	50	3.66490770063	0.00139751072928	-71.8488190783
gpc_glycerol	100.0	1.0	0.0	51	3.67721533164	0.0083691290437	249.045339912
gpc_glycerol	100.0	1.0	0.0	52	3.67781424085	0.00196783132883	-0.585121662073
gpc_glycerol	100.0	1.0	0.0	53	3.67932529317	0.00179708610204	268.687111955
gpc_glycerol	100.0	1.0	0.0	54	3.67958304443	0.00322371669567	-44.4584616751
gpc_glycerol	100.0	1.0	0.0	55	3.68000972569	0.00307841343124	7.89937359966
gpc_glycerol	100.0	1.0	0.0	56	3.68128719493	0.00267590341458	168.451841019
gpc_glycerol	100.0	1.0	0.0	57	3.69071041699	0.00265900634003	245.904801988
gpc_glycerol	100.0	1.0	0.0	58	3.69715682445	0.0207522102355	-79.0678031778
gpc_glycerol	100.0	1.0	0.0	59	3.69718323956	0.0128296245305	179.84481246
gpc_glycerol	100.0	1.0	0.0	60	3.69721287716	0.0142871246636	238.973102718
gpc_glycerol	100.0	1.0	0.0	61	3.69851817336	0.0114991789538	104.222544091
gpc_glycerol	100.0	1.0	0.0	62	3.70064618949	0.0186337554751	169.724646668
gpc_glycerol	100.0	1.0	0.0	63	3.70123719352	0.00734214945167	-42.5923154624
gpc_glycerol	100.0	1.0	0.0	64	3.70245447363	0.015818402822	254.887649758
gpc_glycerol	100.0	1.0	0.0	65	3.70709486346	0.0101046022114	175.710783109
gpc_glycerol	100.0	1.0	0.0	66	3.70885743073	0.0231208592723	117.063478037
gpc_glycerol	100.0	1.0	0.0	67	3.7119992544	0.0308979984579	164.731687639
gpc_glycerol	100.0	1.0	0.0	68	3.71219148913	0.00818389407761	249.272221621
gpc_glycerol	100.0	1.0	0.0	69	3.7124950816	0.0280980761831	108.806310144
gpc_glycerol	100.0	1.0	0.0	70	3.72492046007	0.000852064558314	27.4190932216
gpc_glycerol	100.0	1.0	0.0	71	3.73017229162	0.00456205039577	60.1258130726
gpc_glycerol	100.0	1.0	0.0	72	3.73175213004	0.00189029534156	0.903961404792
gpc_glycerol	100.0	1.0	0.0	73	3.74500470696	0.00104884350526	-31.4654127359
gpc_glycerol	100.0	1.0	0.0	74	3.79209022585	0.00124424255154	19.9574869685
gpc_glycerol	100.0	1.0	0.0	75	3.80401456621	0.00817481576076	-23.295180537
gpc_glycerol	100.0	1.0	0.0	76	3.80668938995	0.0113441407741	-11.8287240857
gpc_glycerol	100.0	1.0	0.0	77	3.81155354505	0.00110259940983	232.205684208
gpc_glycerol	100.0	1.0	0.0	78	3.81246118215	0.018709766912	-69.1929053776
gpc_glycerol	100.0	1.0	0.0	79	3.8219021502	0.0164470039769	146.495723824
gpc_glycerol	100.0	1.0	0.0	80	3.8236775389	0.00334596391909	197.264650373
gpc_glycerol	100.0	1.0	0.0	81	3.82533546253	0.0114110196881	10.3772957039
gpc_glycerol	100.0	1.0	0.0	82	3.826891376	0.0126240953716	16.9264400044
gpc_glycerol	100.0	1.0	0.0	83	3.83616839228	0.00738305129924	-50.4973202505
gpc_glycerol	100.0	1.0	0.0	84	3.83737410479	0.120829304155	95.9885823426
gpc_glycerol	100.0	1.0	0.0	85	3.84026356605	0.00841260844249	138.418906804
gpc_glycerol	100.0	1.0	0.0	86	3.84173122666	0.0105441666826	38.0111455792
gpc_glycerol	100.0	1.0	0.0	87	3.84532177124	0.00428904922144	262.65247896
gpc_glycerol	100.0	1.0	0.0	88	3.85735456201	0.0172675653978	142.0644796
gpc_glycerol	100.0	1.0	0.0	89	3.85755654525	0.00865584579094	172.61608818
gpc_glycerol	100.0	1.0	0.0	90	3.85749590637	0.0288776974075	-30.6786215722
gpc_glycerol	100.0	1.0	0.0	91	3.8629859544	0.0142194738197	94.501545767
gpc_glycerol	100.0	1.0	0.0	92	3.86362325475	0.00400035522155	18.5574065289
gpc_glycerol	100.0	1.0	0.0	93	3.86528117596	0.0133705550308	142.302519805
gpc_glycerol	100.0	1.0	0.0	94	3.86663394259	0.00514806954491	197.144985051
gpc_glycerol	100.0	1.0	0.0	95	3.87301110306	0.0605483387003	-58.3989341701
gpc_glycerol	100.0	1.0	0.0	96	3.87463710204	0.0215722037526	-71.1392061613
gpc_glycerol	100.0	1.0	0.0	97	3.87711040454	0.00102359690548	-76.6858448463
gpc_glycerol	100.0	1.0	0.0	98	3.88014930752	0.0700137356444	-26.6968402375
gpc_glycerol	100.0	1.0	0.0	99	3.88053700844	0.0224691159795	-89.6921770905
gpc_glycerol	100.0	1.0	0.0	100	3.88267873654	0.00709992178917	187.133945177
gpc_glycerol	100.0	1.0	0.0	101	3.88511955758	0.0413001795971	118.163230603
gpc_glycerol	100.0	1.0	0.0	102	3.89008734653	0.0411103961639	258.251304398
gpc_glycerol	100.0	1.0	0.0	103	3.89044359948	0.0599179168242	-77.7280004446
gpc_glycerol	100.0	1.0	0.0	104	3.89253276981	0.0100772151187	26.3493680875
gpc_glycerol	100.0	1.0	0.0	105	3.89332608754	0.027858469105	241.047314997
gpc_glycerol	100.0	1.0	0.0	106	3.89435055869	0.0525375665833	-5.03922874912
gpc_glycerol	100.0	1.0	0.0	107	3.89546617716	0.00403724112004	-84.2661127946
gpc_glycerol	100.0	1.0	0.0	108	3.89595799836	0.0104717706192	-23.9844478891
gpc_glycerol	100.0	1.0	0.0	109	3.89821850678	0.0197474358571	258.774158653
gpc_glycerol	100.0	1.0	0.0	110	3.9001084071	0.0565925607438	-12.4407990033
gpc_glycerol	100.0	1.0	0.0	111	3.90037086496	0.0361155254131	123.702002894
gpc_glycerol	100.0	1.0	0.0	112	3.9004198231	0.0101400428167	66.4994554995
gpc_glycerol	100.0	1.0	0.0	113	3.90214892106	0.00143806026335	130.760314413
gpc_glycerol	100.0	1.0	0.0	114	3.90234373639	0.0205256849946	-52.7870060283
gpc_glycerol	100.0	1.0	0.0	115	3.90240667232	0.0378582466768	72.9806643862
gpc_glycerol	100.0	1.0	0.0	116	3.90383623808	0.00525601032541	154.735740403
gpc_glycerol	100.0	1.0	0.0	117	3.90413724061	0.0456055120768	-1.74537409398
gpc_glycerol	100.0	1.0	0.0	118	3.90438530917	0.010228741884	102.326781656
gpc_glycerol	100.0	1.0	0.0	119	3.90665754566	0.0288207354443	223.222535387
gpc_glycerol	100.0	1.0	0.0	120	3.90801031229	0.0107066973457	33.4448748586
gpc_glycerol	100.0	1.0	0.0	121	3.90965106595	0.0296915504542	-70.1573655137
gpc_glycerol	100.0	1.0	0.0	122	3.91105194497	0.0215509877614	-2.0715870802
gpc_glycerol	100.0	1.0	0.0	123	3.91221973518	0.0403434620285	90.0081844944
gpc_glycerol	100.0	1.0	0.0	124	3.9147314872	0.0334493819485	56.9363221217
gpc_glycerol	100.0	1.0	0.0	125	3.91632072121	0.0138669404697	134.811143333
gpc_glycerol	100.0	1.0	0.0	126	3.91668853709	0.0102673714178	38.3152878407
gpc_glycerol	100.0	1.0	0.0	127	3.9193007079	0.036613876827	219.968127288
gpc_glycerol	100.0	1.0	0.0	128	3.92041089675	0.0609617082177	-1.86305268574
gpc_glycerol	100.0	1.0	0.0	129	3.92201663417	0.00138489629373	183.090668406
gpc_glycerol	100.0	1.0	0.0	130	3.92375194356	0.0625086554311	42.8190417212
gpc_glycerol	100.0	1.0	0.0	131	3.92494513171	0.0214050062672	107.739644595
gpc_glycerol	100.0	1.0	0.0	132	3.92702354205	0.0184015132243	139.693085611
gpc_glycerol	100.0	1.0	0.0	133	3.93018278932	0.0137943013852	239.339414373
gpc_glycerol	100.0	1.0	0.0	134	3.93171752243	0.0262743329579	25.8800479601
gpc_glycerol	100.0	1.0	0.0	135	3.93185977592	0.00606278628225	179.50734248
gpc_glycerol	100.0	1.0	0.0	136	3.93411400883	0.0172016718255	248.095859858
gpc_glycerol	100.0	1.0	0.0	137	3.94366086651	0.018246589958	260.966670987
gpc_glycerol	100.0	1.0	0.0	138	3.94432926832	0.00572281558052	7.88449333686
gpc_glycerol	100.0	1.0	0.0	139	3.94594586238	0.0127463658872	16.8232534737
gpc_glycerol	100.0	1.0	0.0	140	3.94772747455	0.00604866439814	231.544335017
gpc_glycerol	100.0	1.0	0.0	141	3.94883026999	0.0213482401345	87.1392859186
gpc_glycerol	100.0	1.0	0.0	142	3.95018732405	0.0119968781538	197.748576396
gpc_glycerol	100.0	1.0	0.0	143	3.95350400826	0.00683518095567	110.100352512
gpc_glycerol	100.0	1.0	0.0	144	3.95753847857	0.00558620428132	76.5729045846
gpc_glycerol	100.0	1.0	0.0	145	3.96074471351	0.121054358567	250.801708571
gpc_glycerol	100.0	1.0	0.0	146	3.96555307488	0.0141733094103	50.6557852496
gpc_glycerol	100.0	1.0	0.0	147	3.97127778083	0.0365115837502	-2.88983033174
gpc_glycerol	100.0	1.0	0.0	148	3.9734376796	0.0133516217435	215.455609347
gpc_glycerol	100.0	1.0	0.0	149	3.98093748923	0.00522002704253	29.7424945622
gpc_glycerol	100.0	1.0	0.0	150	3.98096792734	0.0109370463558	103.887480786
gpc_glycerol	100.0	1.0	0.0	151	3.9810178318	0.01427887152	197.346117625
gpc_glycerol	100.0	1.0	0.0	152	3.98313880554	0.00424516920261	206.355492024
gpc_glycerol	100.0	1.0	0.0	153	3.98536453393	0.0047601468036	95.4057295854
gpc_glycerol	100.0	1.0	0.0	154	3.98842450408	0.010951108364	53.7394398165
gpc_glycerol	100.0	1.0	0.0	155	3.99085659676	0.00478722318517	225.678860211
gpc_glycerol	100.0	1.0	0.0	156	3.99829034924	0.00433663068999	23.110996489
gpc_glycerol	100.0	1.0	0.0	157	4.00230332341	0.0118917082649	35.6223417493
gpc_glycerol	100.0	1.0	0.0	158	4.0065617582	0.00358228111652	229.217513259
gpc_glycerol	100.0	1.0	0.0	159	4.00824283197	0.00385188739098	164.559754887
gpc_glycerol	100.0	1.0	0.0	160	4.0148140493	0.0017298893632	-24.932615767
gpc_glycerol	100.0	1.0	0.0	161	4.01782892618	0.00121156357683	46.7626415386
gpc_N(CH3)3_b	100.0	1.0	0.0	0	3.21008187989	1.6595943456	-2.68332782213
gpc_N(CH3)3_b	100.0	1.0	0.0	1	3.21199956041	0.0707361348499	196.175957103
gpc_N(CH3)3_b	100.0	1.0	0.0	2	3.21199956086	0.413827542579	-6.14428932766
gpc_N(CH3)3_b	100.0	1.0	0.0	3	3.21199956052	0.0945584736339	143.407706645
gpc_N(CH3)3_b	100.0	1.0	0.0	4	3.21199956095	0.35053456713	-11.0431138571
gpc_N(CH3)3_b	100.0	1.0	0.0	5	3.21199956076	0.0342376604082	104.216613263
gpc_N(CH3)3_b	100.0	1.0	0.0	6	3.21199956076	0.0182970383747	253.896996018
gpc_N(CH3)3_b	100.0	1.0	0.0	7	3.21199956136	0.0355984725697	-46.4962797274
gpc_N(CH3)3_b	100.0	1.0	0.0	8	3.21391767494	0.524606752951	-10.9950383267
gpc_N(CH3)3_b	100.0	1.0	0.0	9	3.21391763422	0.617532110782	1.67022196329
gpc_N(CH3)3_b	100.0	1.0	0.0	10	3.21391806537	0.0787696418933	100.386864678
gpc_N(CH3)3_b	100.0	1.0	0.0	11	3.21391804199	0.0753518661279	225.42461549
gpc_N(CH3)3_b	100.0	1.0	0.0	12	3.21391811982	0.0869776996571	246.817174308
gpc_N(CH3)3_b	100.0	1.0	0.0	13	3.2139181199	0.0154581157607	-48.3501311355
myoinositol	100.0	1.0	0.0	0	3.14830362726	0.00107378433463	-8.58073506953
myoinositol	100.0	1.0	0.0	1	3.17865875453	0.000807381197186	14.1323948328
myoinositol	100.0	1.0	0.0	2	3.18741781517	0.001998058147	43.2204694514
myoinositol	100.0	1.0	0.0	3	3.18772796561	0.00107018173776	-17.5086432448
myoinositol	100.0	1.0	0.0	4	3.18939356493	0.00106872131284	-15.7138336402
myoinositol	100.0	1.0	0.0	5	3.23597205962	0.087234314761	5.53907397914
myoinositol	100.0	1.0	0.0	6	3.23694952673	0.0367545886703	64.7011524721
myoinositol	100.0	1.0	0.0	7	3.26490684787	0.0184078706201	-62.563372429
myoinositol	100.0	1.0	0.0	8	3.26508807032	0.0198049930423	254.176507969
myoinositol	100.0	1.0	0.0	9	3.26710946734	0.0158695021208	92.8192943154
myoinositol	100.0	1.0	0.0	10	3.26754441674	0.151282553889	-15.465819626
myoinositol	100.0	1.0	0.0	11	3.26745245591	0.00347764116279	173.837418889
myoinositol	100.0	1.0	0.0	12	3.26981074605	0.00754903329545	155.59138641
myoinositol	100.0	1.0	0.0	13	3.26999263665	0.00879266404664	-42.8413366482
myoinositol	100.0	1.0	0.0	14	3.2977289563	0.0632006788526	105.295953025
myoinositol	100.0	1.0	0.0	15	3.2983543272	0.0770486086093	65.9190327862
myoinositol	100.0	1.0	0.0	16	3.29944040477	0.0930503200818	9.48381791174
myoinositol	100.0	1.0	0.0	17	3.34544819022	0.00160187478227	34.9346973479
myoinositol	100.0	1.0	0.0	18	3.34738302598	0.00385928522334	18.9255420892
myoinositol	100.0	1.0	0.0	19	3.35642643376	0.00212299797783	-0.687768217679
myoinositol	100.0	1.0	0.0	20	3.3779934248	0.00751888764057	44.7557548857
myoinositol	100.0	1.0	0.0	21	3.38692235571	0.0016192455302	3.6318343955
myoinositol	100.0	1.0	0.0	22	3.38843798204	0.00178475301583	-2.50986042513
myoinositol	100.0	1.0	0.0	23	3.49658753367	0.200364305813	203.550491123
myoinositol	100.0	1.0	0.0	24	3.49748555865	0.163143013577	12.67975875
myoinositol	100.0	1.0	0.0	25	3.50608198028	0.167568248193	118.606146636
myoinositol	100.0	1.0	0.0	26	3.50722934779	0.166633751576	-4.54314160367
myoinositol	100.0	1.0	0.0	27	3.53065822782	0.51412242154	205.724306264
myoinositol	100.0	1.0	0.0	28	3.54016441707	0.621491058592	115.105932039
myoinositol	100.0	1.0	0.0	29	3.54169178035	0.0192769556043	111.84571074
myoinositol	100.0	1.0	0.0	30	3.58594137913	0.637306621324	-9.36293683529
myoinositol	100.0	1.0	0.0	31	3.61680459488	0.476559706095	4.76412488307
myoinositol	100.0	1.0	0.0	32	3.6194567609	0.383273228156	5.89448814476
myoinositol	100.0	1.0	0.0	33	3.650251414	0.194453872863	223.85479519
myoinositol	100.0	1.0	0.0	34	3.6504638664	0.155567294369	143.584002525
myoinositol	100.0	1.0	0.0	35	4.04426623786	0.215884605683	81.3481276077
myoinositol	100.0	1.0	0.0	36	4.04441660481	0.0199450336879	3.28566879181
myoinositol	100.0	1.0	0.0	37	4.05386165859	0.398861857593	1.34613381082
myoinositol	100.0	1.0	0.0	38	4.05415017615	0.222329670829	-20.5100263108
myoinositol	100.0	1.0	0.0	39	4.06339698192	0.0800022931867	-72.7204958352
myoinositol	100.0	1.0	0.0	40	4.06352409463	0.0775511728052	-51.2307155333
myoinositol	100.0	1.0	0.0	41	4.0636177132	0.117947193864	256.869330431
lactate	100.0	1.0	0.0	0	1.30248110935	0.213606417371	-38.5983510195
lactate	100.0	1.0	0.0	1	1.32580839645	0.213051102219	5.38662201408
lactate	100.0	1.0	0.0	2	4.06255628652	0.123563448025	-7.70841408824
lactate	100.0	1.0	0.0	3	4.08588248129	0.371147385166	114.737368146
lactate	100.0	1.0	0.0	4	4.10920840802	0.366395131573	235.116488155
lactate	100.0	1.0	0.0	5	4.13253700483	0.122172983255	-2.92608578639
naa_acetyl	100.0	1.0	0.0	0	2.008	1.37616348738	57.2528855306
naag_acetyl	100.0	1.0	0.0	0	2.032	1.54504142213	51.0818807332
naa_aspartate	100.0	1.0	0.0	0	2.42994715287	0.283012102149	123.53182453
naa_aspartate	100.0	1.0	0.0	1	2.46264916834	0.149603858302	136.371342291
naa_aspartate	100.0	1.0	0.0	2	2.48240731102	0.0802404572159	198.47392373
naa_aspartate	100.0	1.0	0.0	3	2.51510942781	0.335724668088	-76.1897144344
naa_aspartate	100.0	1.0	0.0	4	2.63340730835	0.0855491029819	59.301983763
naa_aspartate	100.0	1.0	0.0	5	2.64673836888	0.317136317064	234.813968749
naa_aspartate	100.0	1.0	0.0	6	2.68586757591	0.271990460543	165.767022226
naa_aspartate	100.0	1.0	0.0	7	2.69919864925	0.158338353851	20.9799312799
naa_aspartate	100.0	1.0	0.0	8	4.33805226897	0.136350047542	-12.2059152659
naa_aspartate	100.0	1.0	0.0	9	4.3513830937	0.0883379043714	190.561687159
naa_aspartate	100.0	1.0	0.0	10	4.35958461114	0.130452942373	132.75763294
naa_aspartate	100.0	1.0	0.0	11	4.3707545707	0.0641540853114	26.2008661767
naa_aspartate	100.0	1.0	0.0	12	4.37291590033	0.0796406921503	-12.7095631139
naa_aspartate	100.0	1.0	0.0	13	4.38408539298	0.113094635466	223.784373801
naa_aspartate	100.0	1.0	0.0	14	4.39228650928	0.0789964340778	156.037235163
naa_aspartate	100.0	1.0	0.0	15	4.40561779602	0.126388080271	-0.458512216044
naag_glutamate	100.0	1.0	0.0	0	1.871	0.701114558591	29.2231958718
naag_glutamate	100.0	1.0	0.0	1	2.039	0.537712690661	49.1883913029
naag_glutamate	100.0	1.0	0.0	2	2.17	0.775024099709	37.9161032162
naag_glutamate	100.0	1.0	0.0	3	2.18	0.7742025679	37.6581124141
naag_glutamate	100.0	1.0	0.0	4	4.118	0.986052457348	-4.89196136623
naag_aspartyl	100.0	1.0	0.0	0	2.46274169543	0.262773320847	118.585476794
naag_aspartyl	100.0	1.0	0.0	1	2.49450147826	0.171675668767	138.588818803
naag_aspartyl	100.0	1.0	0.0	2	2.51627255614	0.176791804521	207.257468503
naag_aspartyl	100.0	1.0	0.0	3	2.54803233898	0.290454107367	-73.0149086123
naag_aspartyl	100.0	1.0	0.0	4	2.68014621287	0.153400601475	81.3508530544
naag_aspartyl	100.0	1.0	0.0	5	2.69524501619	0.321883213715	227.579055523
naag_aspartyl	100.0	1.0	0.0	6	2.73367707359	0.259590111059	164.363081541
naag_aspartyl	100.0	1.0	0.0	7	2.7487758769	0.203280115734	14.8882751427
naag_aspartyl	100.0	1.0	0.0	8	4.57372264483	0.265190294081	240.394209075
naag_aspartyl	100.0	1.0	0.0	9	4.58882144815	0.181169726491	78.5794177284
naag_aspartyl	100.0	1.0	0.0	10	4.60548242767	0.212250373645	-69.8068051055
naag_aspartyl	100.0	1.0	0.0	11	4.62058123099	0.231605713067	108.632026919
pcho_N(CH3)3_a	100.0	1.0	0.0	0	3.2060818805	1.32737637846	-2.60798104122
pcho_N(CH3)3_a	100.0	1.0	0.0	1	3.20799956062	0.156673824925	120.79942951
pcho_N(CH3)3_a	100.0	1.0	0.0	2	3.20799956113	0.0672097659883	-58.00356142
pcho_N(CH3)3_a	100.0	1.0	0.0	3	3.20799956085	0.00871915620229	253.351219411
pcho_N(CH3)3_a	100.0	1.0	0.0	4	3.20799956128	0.12297211332	49.1408342573
pcho_N(CH3)3_a	100.0	1.0	0.0	5	3.20799956117	0.0543965756589	189.298161475
pcho_N(CH3)3_a	100.0	1.0	0.0	6	3.20991755734	0.0980503623849	127.526345473
pcho_N(CH3)3_a	100.0	1.0	0.0	7	3.20991754634	0.122260681522	-48.0160335279
pcho_N(CH3)3_a	100.0	1.0	0.0	8	3.20991790011	0.0466419764268	251.164005343
pcho_N(CH3)3_a	100.0	1.0	0.0	9	3.20991816581	0.0705184514701	60.3877051962
pcr_N(CH3)	100.0	1.0	0.0	0	3.029	2.99935709395	2.02983311873
pcho_N(CH3)3_b	100.0	1.0	0.0	0	3.20608188019	1.65917445365	-2.6079840125
pcho_N(CH3)3_b	100.0	1.0	0.0	1	3.20799956074	0.0446396025512	221.254468074
pcho_N(CH3)3_b	100.0	1.0	0.0	2	3.20799956109	0.393135384427	-9.35001098337
pcho_N(CH3)3_b	100.0	1.0	0.0	3	3.20799956108	0.395948916431	-6.76475702064
pcho_N(CH3)3_b	100.0	1.0	0.0	4	3.20799956119	0.28304791936	-1.37086076606
pcho_N(CH3)3_b	100.0	1.0	0.0	5	3.20799956083	0.108786059783	165.819492519
pcho_N(CH3)3_b	100.0	1.0	0.0	6	3.20799956093	0.0471278068123	129.908717373
pcho_N(CH3)3_b	100.0	1.0	0.0	7	3.20799956138	0.0772231958259	-44.4454215102
pcho_N(CH3)3_b	100.0	1.0	0.0	8	3.20991762257	0.554599684477	-7.97163425763
pcho_N(CH3)3_b	100.0	1.0	0.0	9	3.20991763786	0.581711372943	-2.56581482544
pcho_N(CH3)3_b	100.0	1.0	0.0	10	3.2099178756	0.0974066741812	249.144815468
pcho_N(CH3)3_b	100.0	1.0	0.0	11	3.20991789672	0.0919594160979	68.2774138053
pcho_N(CH3)3_b	100.0	1.0	0.0	12	3.2099177629	0.032887447699	156.983478125
pcho_N(CH3)3_b	100.0	1.0	0.0	13	3.20991811979	0.0890926969274	-15.3566497994
pcho_X	100.0	1.0	0.0	0	3.54205005565	0.000797146386977	137.758890748
pcho_X	100.0	1.0	0.0	1	3.62471375664	0.472606613872	168.697962542
pcho_X	100.0	1.0	0.0	2	3.62486445768	0.00683373865501	107.688818965
pcho_X	100.0	1.0	0.0	3	3.63118608626	0.0955364137009	105.408656439
pcho_X	100.0	1.0	0.0	4	3.63118171948	0.00945743703184	-81.6189363945
pcho_X	100.0	1.0	0.0	5	3.63354019573	0.120970904977	77.986471844
pcho_X	100.0	1.0	0.0	6	3.64062088062	0.291152100572	-0.998193909584
pcho_X	100.0	1.0	0.0	7	3.63985464391	0.0253857479045	248.207656884
pcho_X	100.0	1.0	0.0	8	3.64134281994	0.00269937089457	121.735634757
pcho_X	100.0	1.0	0.0	9	3.64823693159	0.111166316762	266.994410364
pcho_X	100.0	1.0	0.0	10	3.64823331038	0.0159466787786	145.974484287
pcho_X	100.0	1.0	0.0	11	3.65059084313	0.0908151667224	239.436592028
pcho_X	100.0	1.0	0.0	12	3.65059520074	0.0107558229822	43.7445365534
pcho_X	100.0	1.0	0.0	13	3.65678914966	0.442098211335	173.206748447
pcho_X	100.0	1.0	0.0	14	3.65664517235	0.0240368233342	-62.9415168895
pcho_X	100.0	1.0	0.0	15	3.73913677394	0.00254006351503	-0.82910840331
pcho_X	100.0	1.0	0.0	16	3.7391474082	0.00062454126605	256.15820209
pcho_X	100.0	1.0	0.0	17	4.17179708887	0.0005683146943	-10.4693695857
pcho_X	100.0	1.0	0.0	18	4.18097324255	0.000611984537659	-9.57672115758
pcho_X	100.0	1.0	0.0	19	4.19289614942	0.00066439991875	-8.82479911849
pcho_X	100.0	1.0	0.0	20	4.20207332867	0.000696235333448	-8.60044053197
pcho_X	100.0	1.0	0.0	21	4.24498526421	0.0878329815437	177.468163733
pcho_X	100.0	1.0	0.0	22	4.25117623034	0.0182153952226	110.949722535
pcho_X	100.0	1.0	0.0	23	4.25353002872	0.0222736989023	82.5111334308
pcho_X	100.0	1.0	0.0	24	4.25414820604	0.0870424370454	177.729727654
pcho_X	100.0	1.0	0.0	25	4.26034183364	0.0182156914448	111.142015966
pcho_X	100.0	1.0	0.0	26	4.26042599344	0.0326185631033	-19.935950484
pcho_X	100.0	1.0	0.0	27	4.26193398259	0.0259125024963	4.2032500342
pcho_X	100.0	1.0	0.0	28	4.26269565333	0.0221946414432	83.0233358656
pcho_X	100.0	1.0	0.0	29	4.26332317052	0.0863967205632	177.548225985
pcho_X	100.0	1.0	0.0	30	4.26596979985	0.015181722783	10.0091223046
pcho_X	100.0	1.0	0.0	31	4.26622459071	0.010605119145	204.924016104
pcho_X	100.0	1.0	0.0	32	4.2682295992	0.0234358640456	269.717705985
pcho_X	100.0	1.0	0.0	33	4.26951916315	0.0182226166389	110.839663781
pcho_X	100.0	1.0	0.0	34	4.27028051035	0.0577450211459	-9.63375507358
pcho_X	100.0	1.0	0.0	35	4.27058339758	0.0191972887264	243.691633698
pcho_X	100.0	1.0	0.0	36	4.27187302922	0.0222020868997	83.1472984099
pcho_X	100.0	1.0	0.0	37	4.27228196813	0.00666476192722	138.23150303
pcho_X	100.0	1.0	0.0	38	4.2746358202	0.00410118821569	236.152744579
pcho_X	100.0	1.0	0.0	39	4.2752508591	0.0857672487664	176.65407313
pcho_X	100.0	1.0	0.0	40	4.27705673847	0.0909604079742	179.860951516
pcho_X	100.0	1.0	0.0	41	4.27739365253	0.0234334399619	-89.992820281
pcho_X	100.0	1.0	0.0	42	4.27948237932	0.0578368735976	-9.62789686378
pcho_X	100.0	1.0	0.0	43	4.27974747222	0.0192645025477	243.701862252
pcho_X	100.0	1.0	0.0	44	4.28144755342	0.0182271966257	109.785102042
pcho_X	100.0	1.0	0.0	45	4.28152751838	0.0176090465924	176.089133638
pcho_X	100.0	1.0	0.0	46	4.28302246773	0.018084054469	-80.7404011425
pcho_X	100.0	1.0	0.0	47	4.28380142513	0.0223538332446	82.7316059622
pcho_X	100.0	1.0	0.0	48	4.28442652134	0.0854037080952	175.524079869
pcho_X	100.0	1.0	0.0	49	4.28621820093	0.0920147813791	180.551848322
pcho_X	100.0	1.0	0.0	50	4.28656905173	0.0234208606245	-89.3922199326
pcho_X	100.0	1.0	0.0	51	4.28892291781	0.0192564790044	244.065503723
pcho_X	100.0	1.0	0.0	52	4.28933355904	0.00945003821757	-84.5761251896
pcho_X	100.0	1.0	0.0	53	4.29062489313	0.0182460391278	108.537516431
pcho_X	100.0	1.0	0.0	54	4.29144476916	0.0591745434291	-9.02751933089
pcho_X	100.0	1.0	0.0	55	4.29168741111	0.00485975063001	213.696308347
pcho_X	100.0	1.0	0.0	56	4.29297881002	0.0225397497947	82.0029806174
pcho_X	100.0	1.0	0.0	57	4.29539158342	0.09271738803	181.385972286
pcho_X	100.0	1.0	0.0	58	4.29800588064	0.0160782113688	-30.0935720496
pcho_X	100.0	1.0	0.0	59	4.29832482014	0.00884728429261	60.9204263886
pcho_X	100.0	1.0	0.0	60	4.29849781429	0.0234169956359	-88.2598711602
pcho_X	100.0	1.0	0.0	61	4.3006434517	0.0610703912307	-8.22725336468
pcho_X	100.0	1.0	0.0	62	4.300851686	0.019130225982	244.968017529
pcho_X	100.0	1.0	0.0	63	4.30731647291	0.0931390325723	182.548835942
pcho_X	100.0	1.0	0.0	64	4.30767344445	0.0233949872607	-87.1866231848
pcho_X	100.0	1.0	0.0	65	4.31002736134	0.0189724002672	245.95786182
pcho_X	100.0	1.0	0.0	66	4.31649104866	0.0929945423047	183.419277647
pcho_X	100.0	1.0	0.0	67	4.38082028267	0.00149092507487	-22.1108479317
taurine	100.0	1.0	0.0	0	3.2209127337	0.215329816461	261.693926252
taurine	100.0	1.0	0.0	1	3.22397870406	0.23003058693	212.650480126
taurine	100.0	1.0	0.0	2	3.243191388	0.449900927086	12.8222352944
taurine	100.0	1.0	0.0	3	3.24589837068	0.455191588571	-3.37319447806
taurine	100.0	1.0	0.0	4	3.24772584198	0.0218553888876	-25.0311019329
taurine	100.0	1.0	0.0	5	3.26532934784	0.279087182243	90.42942748
taurine	100.0	1.0	0.0	6	3.26768692835	0.24188194424	127.416676851
taurine	100.0	1.0	0.0	7	3.39881286344	0.242757887043	222.791035731
taurine	100.0	1.0	0.0	8	3.40117086037	0.279866265393	260.067876906
taurine	100.0	1.0	0.0	9	3.41877394265	0.0218589392346	15.998471979
taurine	100.0	1.0	0.0	10	3.42060162427	0.454705527342	-5.70020822843
taurine	100.0	1.0	0.0	11	3.423308112	0.447942532494	-21.9922471268
taurine	100.0	1.0	0.0	12	3.44252147965	0.230253577719	138.014402958
taurine	100.0	1.0	0.0	13	3.4455870826	0.215564820171	89.1323993648
scyllo-inositol	100.0	1.0	0.0	0	3.34	5.98865211773	-4.92747176082
peth	100.0	1.0	0.0	0	3.11672856915	0.000602536938947	176.874597424
peth	100.0	1.0	0.0	1	3.19888858686	0.34330794483	177.524295997
peth	100.0	1.0	0.0	2	3.19892806733	0.0237638122764	74.1918416469
peth	100.0	1.0	0.0	3	3.20942504845	0.197468638199	64.4052268967
peth	100.0	1.0	0.0	4	3.2091589816	0.0237740497336	-27.2626365062
peth	100.0	1.0	0.0	5	3.2096625645	0.00166440052159	148.116287213
peth	100.0	1.0	0.0	6	3.21562955478	0.441379770713	-5.13593087516
peth	100.0	1.0	0.0	7	3.22232429204	0.0200963012753	96.8844764902
peth	100.0	1.0	0.0	8	3.22246519424	0.217340791536	-70.4397550873
peth	100.0	1.0	0.0	9	3.23265868839	0.482699533117	178.020216955
peth	100.0	1.0	0.0	10	3.23281524204	0.0209429399268	101.028211432
peth	100.0	1.0	0.0	11	3.31453774467	0.00102475523284	66.3237925274
peth	100.0	1.0	0.0	12	3.94597239674	0.0913226387687	172.017722152
peth	100.0	1.0	0.0	13	3.9477414042	0.0914503798618	172.094469842
peth	100.0	1.0	0.0	14	3.94951077144	0.0915617010825	172.179111699
peth	100.0	1.0	0.0	15	3.9561699331	0.0436973933876	61.501745533
peth	100.0	1.0	0.0	16	3.95793973285	0.0437142975498	61.4970904802
peth	100.0	1.0	0.0	17	3.95971052306	0.0437211651285	61.4952111743
peth	100.0	1.0	0.0	18	3.96345837853	0.12774736499	-0.0542565187427
peth	100.0	1.0	0.0	19	3.9661115081	0.12840374086	-9.76181532827
peth	100.0	1.0	0.0	20	3.96921003099	0.039527378038	-73.2272390974
peth	100.0	1.0	0.0	21	3.97000103599	0.0052536333234	1.3928245665
peth	100.0	1.0	0.0	22	3.97182981682	0.0976187838507	173.269206531
peth	100.0	1.0	0.0	23	3.97097918544	0.0395085257011	-73.1710051832
peth	100.0	1.0	0.0	24	3.97274817375	0.0394878325018	-73.1170659158
peth	100.0	1.0	0.0	25	3.97368660472	0.0923606204411	173.84255459
peth	100.0	1.0	0.0	26	3.98062260824	0.162970807286	177.890359351
peth	100.0	1.0	0.0	27	3.98008497677	0.0133880807793	-58.5678887712
peth	100.0	1.0	0.0	28	3.98212359667	0.0436360433761	61.9004822127
peth	100.0	1.0	0.0	29	3.9832837473	0.0695266042434	173.969593084
peth	100.0	1.0	0.0	30	3.98389345552	0.0436102676849	61.963870134
peth	100.0	1.0	0.0	31	3.98674994644	0.0167541358461	91.0166265599
peth	100.0	1.0	0.0	32	3.98762904672	0.00536574577947	159.015526686
peth	100.0	1.0	0.0	33	3.98940394121	0.131125490932	2.33931259677
peth	100.0	1.0	0.0	34	3.99116383508	0.0404652861471	-21.451907473
peth	100.0	1.0	0.0	35	3.99314552716	0.0131058561654	259.301202653
peth	100.0	1.0	0.0	36	3.99366395751	0.00397613774159	51.0521377576
peth	100.0	1.0	0.0	37	3.99516327688	0.0396020391227	-73.0414180899
peth	100.0	1.0	0.0	38	3.99693325718	0.0396325114437	-73.066453553
peth	100.0	1.0	0.0	39	4.00375726558	0.00962727083178	204.567130545
peth	100.0	1.0	0.0	40	4.00407901361	0.00999488466243	51.4121222627
peth	100.0	1.0	0.0	41	4.00570104345	0.0669647368058	172.717707509
peth	100.0	1.0	0.0	42	4.00747121551	0.0669310391882	172.623867406
peth	100.0	1.0	0.0	43	4.0861004598	0.000748451765603	133.558352649
pcr_X	100.0	1.0	0.0	0	3.93	1.99932400605	-6.17888004849
