;PINTS for FITMAN Simulation Output
;Experiment Information
;---------------------------------------------------------------------------
;Name: semi-LASER
;Created: 2017_10_30
;Comment: Density-matrix simulations of metabolites using PyGAMMA and metabolite parameters from V. Govindaraju et. al, NMR Biomed. 2000;13:129-153
;PI: bartha-olemew
;b0: 297.2
;49 Metabolites: alanine, aspartate, choline_1-CH2_2-CH2, choline_N(CH3)3_a, choline_N(CH3)3_b, creatine_N(CH3), creatine_X, d-glucose-alpha, d-glucose-beta, gaba, glutamate, glutamine, glutathione_cysteine, glutathione_glutamate, glutathione_glycine, glycine, gpc_7-CH2_8-CH2, gpc_glycerol, gpc_N(CH3)3_a, gpc_N(CH3)3_b, lactate, myoinositol, naa_acetyl, naa_aspartate, naag_acetyl, naag_aspartyl, naag_glutamate, pcho_N(CH3)3_a, pcho_N(CH3)3_b, pcho_X, pcr_N(CH3), pcr_X, peth, scyllo-inositol, taurine, lm1, lm2, lm3, lm4, lm5, lm6, lm7, lm8, lm9, lm10, lm11, lm12, lm13, lm14
;Simulation Results
;---------------------------------------------------------------------------
alanine	130.0	0.078	0.087	0	1.45446962566	0.732223228746	-62.8977740348
alanine	130.0	0.078	0.087	1	1.47881444845	0.553039072032	-50.3708061505
alanine	130.0	0.078	0.087	2	3.7382838008	0.124526606899	127.244786431
alanine	130.0	0.078	0.087	3	3.76262230065	0.365709681486	158.018041078
alanine	130.0	0.078	0.087	4	3.78694830946	0.34525182491	182.558721265
alanine	130.0	0.078	0.087	5	3.81130127456	0.126217537892	224.766348142
aspartate	130.0	0.117	0.087	0	2.60315461543	0.234583878693	259.335203867
aspartate	130.0	0.117	0.087	1	2.63321004478	0.175855903915	200.008398956
aspartate	130.0	0.117	0.087	2	2.66178300881	0.185949852651	56.5661320168
aspartate	130.0	0.117	0.087	3	2.69183843816	0.283294607982	117.513761422
aspartate	130.0	0.117	0.087	4	2.77093866344	0.199593767585	247.374085331
aspartate	130.0	0.117	0.087	5	2.78379157363	0.308580385854	-34.7925780284
aspartate	130.0	0.117	0.087	6	2.82956705682	0.262827643757	53.8895364162
aspartate	130.0	0.117	0.087	7	2.84241996702	0.169847519458	251.759948929
aspartate	130.0	0.117	0.087	8	3.8701699882	0.224338311683	-78.3839110486
aspartate	130.0	0.117	0.087	9	3.8830228984	0.150604226153	85.3774236678
aspartate	130.0	0.117	0.087	10	3.90022541756	0.114661268876	266.193042077
aspartate	130.0	0.117	0.087	11	3.91307832775	0.244104323025	56.7620784117
choline_N(CH3)3_a	130.0	0.165	0.121	0	3.18308188091	1.32726021399	-5.8238841889
choline_N(CH3)3_a	130.0	0.165	0.121	1	3.1849995619	0.0256795278208	54.442971064
choline_N(CH3)3_a	130.0	0.165	0.121	2	3.18499956208	0.0630406477621	138.541587137
choline_N(CH3)3_a	130.0	0.165	0.121	3	3.1849995622	0.125593640591	-69.7971529983
choline_N(CH3)3_a	130.0	0.165	0.121	4	3.18499956252	0.135130682064	226.105728254
choline_N(CH3)3_a	130.0	0.165	0.121	5	3.18691747305	0.127297738555	-59.6169483866
choline_N(CH3)3_a	130.0	0.165	0.121	6	3.18691767814	0.158684299933	175.755184271
choline_N(CH3)3_a	130.0	0.165	0.121	7	3.18691771455	0.137372252858	85.391261375
choline_N(CH3)3_a	130.0	0.165	0.121	8	3.18691802269	0.094014261098	127.335601459
choline_N(CH3)3_a	130.0	0.165	0.121	9	3.1869179003	0.0449619600703	-27.6159010385
choline_1-CH2_2-CH2	130.0	0.165	0.087	0	3.48366093446	0.339349970205	223.956508104
choline_1-CH2_2-CH2	130.0	0.165	0.087	1	3.48340724382	0.0177449327674	112.14938817
choline_1-CH2_2-CH2	130.0	0.165	0.087	2	3.49446835897	0.184201700243	77.826417331
choline_1-CH2_2-CH2	130.0	0.165	0.087	3	3.49441809057	0.0148615334911	-81.8975799126
choline_1-CH2_2-CH2	130.0	0.165	0.087	4	3.50038018456	0.364660949859	-10.0423120574
choline_1-CH2_2-CH2	130.0	0.165	0.087	5	3.50095191714	0.0293613486308	217.771705085
choline_1-CH2_2-CH2	130.0	0.165	0.087	6	3.5073853536	0.171925313882	262.684629318
choline_1-CH2_2-CH2	130.0	0.165	0.087	7	3.50740935465	0.0476932472256	167.755277362
choline_1-CH2_2-CH2	130.0	0.165	0.087	8	3.51777443787	0.397815108975	114.941065819
choline_1-CH2_2-CH2	130.0	0.165	0.087	9	3.51755593319	0.0138180538654	-31.3534899571
choline_1-CH2_2-CH2	130.0	0.165	0.087	10	3.59567488242	0.00172747922914	-51.033441306
choline_1-CH2_2-CH2	130.0	0.165	0.087	11	3.96815265095	0.00137750565645	50.8079241576
choline_1-CH2_2-CH2	130.0	0.165	0.087	12	4.02840326372	0.180179571514	227.822974719
choline_1-CH2_2-CH2	130.0	0.165	0.087	13	4.03722970108	0.183926248965	226.273759141
choline_1-CH2_2-CH2	130.0	0.165	0.087	14	4.03877244639	0.0852244138214	82.0402399055
choline_1-CH2_2-CH2	130.0	0.165	0.087	15	4.04580773934	0.185257688866	-11.263347109
choline_1-CH2_2-CH2	130.0	0.165	0.087	16	4.04760336312	0.085899857638	80.7841082766
choline_1-CH2_2-CH2	130.0	0.165	0.087	17	4.05169565435	0.0804365570839	264.30089298
choline_1-CH2_2-CH2	130.0	0.165	0.087	18	4.05452470122	0.155007592884	-8.38051160188
choline_1-CH2_2-CH2	130.0	0.165	0.087	19	4.05639419526	0.0230363637175	188.775004808
choline_1-CH2_2-CH2	130.0	0.165	0.087	20	4.05649512241	0.0303495992688	62.3578351135
choline_1-CH2_2-CH2	130.0	0.165	0.087	21	4.06052686091	0.0797830157005	265.757810005
choline_1-CH2_2-CH2	130.0	0.165	0.087	22	4.06272963733	0.195758545464	123.578058549
choline_1-CH2_2-CH2	130.0	0.165	0.087	23	4.06326787913	0.0803860931519	161.817946304
choline_1-CH2_2-CH2	130.0	0.165	0.087	24	4.06931808487	0.0241479881372	237.661461378
choline_1-CH2_2-CH2	130.0	0.165	0.087	25	4.06941901201	0.0242979173296	-28.3023220222
choline_1-CH2_2-CH2	130.0	0.165	0.087	26	4.07134368816	0.154467827682	120.538903582
choline_1-CH2_2-CH2	130.0	0.165	0.087	27	4.08012893046	0.0574445320233	144.545173336
creatine_N(CH3)	130.0	0.296	0.09	0	3.027	2.99895718492	-1.62274379182
creatine_X	130.0	0.296	0.081	0	3.913	1.98916988878	-7.68795788304
d-glucose-alpha	130.0	0.049	0.087	0	3.31840975045	0.00394347505625	246.579172319
d-glucose-alpha	130.0	0.049	0.087	1	3.34959378755	0.00237565052497	202.336193143
d-glucose-alpha	130.0	0.049	0.087	2	3.35212668232	0.0125710833428	177.594121002
d-glucose-alpha	130.0	0.049	0.087	3	3.36148633316	0.133595983735	73.3649153211
d-glucose-alpha	130.0	0.049	0.087	4	3.36379722745	0.0345304667378	84.7359971434
d-glucose-alpha	130.0	0.049	0.087	5	3.38335195918	0.0126280124302	125.88077443
d-glucose-alpha	130.0	0.049	0.087	6	3.39272978726	0.16405587206	-7.78650313613
d-glucose-alpha	130.0	0.049	0.087	7	3.39328944013	0.0307934152557	42.7014969336
d-glucose-alpha	130.0	0.049	0.087	8	3.39440501666	0.117963689248	-38.5526542967
d-glucose-alpha	130.0	0.049	0.087	9	3.39388507775	0.0114074428432	265.921264593
d-glucose-alpha	130.0	0.049	0.087	10	3.39508583407	0.0285793779612	-14.1566158002
d-glucose-alpha	130.0	0.049	0.087	11	3.40387508088	0.0068004813964	-64.8252220577
d-glucose-alpha	130.0	0.049	0.087	12	3.42401519451	0.0774876806807	-67.7663350147
d-glucose-alpha	130.0	0.049	0.087	13	3.42569927884	0.12122906379	246.97866474
d-glucose-alpha	130.0	0.049	0.087	14	3.43531737648	0.00997243059302	235.193655078
d-glucose-alpha	130.0	0.049	0.087	15	3.4372790951	0.00528665813324	186.639467618
d-glucose-alpha	130.0	0.049	0.087	16	3.46874363989	0.0056968374471	111.426924183
d-glucose-alpha	130.0	0.049	0.087	17	3.49492796103	0.109995668601	-62.1706007055
d-glucose-alpha	130.0	0.049	0.087	18	3.49524777495	0.125416184195	255.00222643
d-glucose-alpha	130.0	0.049	0.087	19	3.50779475318	0.236118182943	124.948762425
d-glucose-alpha	130.0	0.049	0.087	20	3.51599359546	0.000995771286186	138.470955207
d-glucose-alpha	130.0	0.049	0.087	21	3.52727509843	0.229119137493	238.999123924
d-glucose-alpha	130.0	0.049	0.087	22	3.53994128575	0.242464107186	32.2585699623
d-glucose-alpha	130.0	0.049	0.087	23	3.59923526209	0.000430577998568	108.849376621
d-glucose-alpha	130.0	0.049	0.087	24	3.66850164955	0.310505195004	80.7303754962
d-glucose-alpha	130.0	0.049	0.087	25	3.7003676695	0.251239100086	-26.9807148831
d-glucose-alpha	130.0	0.049	0.087	26	3.70048743012	0.270647699448	0.170279818414
d-glucose-alpha	130.0	0.049	0.087	27	3.71005613833	0.069238191165	266.229268336
d-glucose-alpha	130.0	0.049	0.087	28	3.71259339421	0.0850750962173	-68.0481342379
d-glucose-alpha	130.0	0.049	0.087	29	3.72175125417	0.0220115164612	235.57595329
d-glucose-alpha	130.0	0.049	0.087	30	3.73199893022	0.124147448893	-54.9518732195
d-glucose-alpha	130.0	0.049	0.087	31	3.73207682766	0.138380420985	266.568471819
d-glucose-alpha	130.0	0.049	0.087	32	3.73232196211	0.159888688353	133.420222394
d-glucose-alpha	130.0	0.049	0.087	33	3.75201132399	0.0907472723321	-54.8414711361
d-glucose-alpha	130.0	0.049	0.087	34	3.75317832524	0.157124084963	197.03972956
d-glucose-alpha	130.0	0.049	0.087	35	3.76248170821	0.0658937606711	-52.1976717489
d-glucose-alpha	130.0	0.049	0.087	36	3.77363401253	0.365755929526	-48.6563733463
d-glucose-alpha	130.0	0.049	0.087	37	3.79605059653	0.210133666769	9.63200691516
d-glucose-alpha	130.0	0.049	0.087	38	3.80029862746	0.0660742344541	-77.9764203423
d-glucose-alpha	130.0	0.049	0.087	39	3.8003835097	0.0192723046444	268.757370297
d-glucose-alpha	130.0	0.049	0.087	40	3.80652233568	0.0287700316799	170.264498249
d-glucose-alpha	130.0	0.049	0.087	41	3.80790494259	0.167991083019	-68.4527940257
d-glucose-alpha	130.0	0.049	0.087	42	3.81079394906	0.151120086151	231.263379046
d-glucose-alpha	130.0	0.049	0.087	43	3.81304314878	0.0691315840834	-87.8843399277
d-glucose-alpha	130.0	0.049	0.087	44	3.8130519058	0.0661862143949	268.796725993
d-glucose-alpha	130.0	0.049	0.087	45	3.81821851156	0.0838848296518	-32.9719491235
d-glucose-alpha	130.0	0.049	0.087	46	3.82249199648	0.030211929616	90.5215143579
d-glucose-alpha	130.0	0.049	0.087	47	3.82806340003	0.0362436454624	-87.4211021856
d-glucose-alpha	130.0	0.049	0.087	48	3.82820120776	0.0365363156278	265.596545082
d-glucose-alpha	130.0	0.049	0.087	49	3.83327267775	0.109594954767	217.385623298
d-glucose-alpha	130.0	0.049	0.087	50	3.84806075343	0.0713913177494	-33.7608745325
d-glucose-alpha	130.0	0.049	0.087	51	3.84848484776	0.168676562395	173.879889526
d-glucose-alpha	130.0	0.049	0.087	52	3.85303217267	0.203556472747	2.1868530031
d-glucose-alpha	130.0	0.049	0.087	53	3.85362986838	0.00620361299352	105.445363134
d-glucose-alpha	130.0	0.049	0.087	54	3.89679101809	0.0108424923301	-25.926984267
choline_N(CH3)3_b	130.0	0.165	0.121	0	3.18308188064	1.65795944298	-5.82388479163
choline_N(CH3)3_b	130.0	0.165	0.121	1	3.18499956216	0.367184967731	-6.78951834328
choline_N(CH3)3_b	130.0	0.165	0.121	2	3.18499956231	0.063324229468	174.898367059
choline_N(CH3)3_b	130.0	0.165	0.121	3	3.18499956215	0.13122655388	77.2038892514
choline_N(CH3)3_b	130.0	0.165	0.121	4	3.18499956234	0.266600575031	-9.3726475441
choline_N(CH3)3_b	130.0	0.165	0.121	5	3.18499956216	0.123232301836	66.8435364068
choline_N(CH3)3_b	130.0	0.165	0.121	6	3.18499956262	0.104316075261	-18.9896242884
choline_N(CH3)3_b	130.0	0.165	0.121	7	3.18499956249	0.0873547414938	234.033376056
choline_N(CH3)3_b	130.0	0.165	0.121	8	3.18691770082	0.770925995306	-8.37883712496
choline_N(CH3)3_b	130.0	0.165	0.121	9	3.18691734008	0.0891704414098	71.868898914
choline_N(CH3)3_b	130.0	0.165	0.121	10	3.18691785146	0.0210243910723	171.685911338
choline_N(CH3)3_b	130.0	0.165	0.121	11	3.18691782738	0.641015190401	-9.06981324771
choline_N(CH3)3_b	130.0	0.165	0.121	12	3.18691816336	0.263278117737	-20.5239975335
choline_N(CH3)3_b	130.0	0.165	0.121	13	3.18691804414	0.0240575323969	148.43077665
glutamate	130.0	0.898	0.088	0	1.96706804127	0.0134065665463	102.139716059
glutamate	130.0	0.898	0.088	1	1.99094252965	0.0167628135424	120.170934271
glutamate	130.0	0.898	0.088	2	1.9909810453	0.0222202331689	190.670435425
glutamate	130.0	0.898	0.088	3	1.99400006985	0.0248367874936	121.22618867
glutamate	130.0	0.898	0.088	4	2.01485536067	0.00739844194401	200.327882476
glutamate	130.0	0.898	0.088	5	2.01695272328	0.0826923137053	175.702998378
glutamate	130.0	0.898	0.088	6	2.01793618742	0.0233193840378	80.4402718264
glutamate	130.0	0.898	0.088	7	2.03530047557	0.00251272568769	74.6775645585
glutamate	130.0	0.898	0.088	8	2.04018765675	0.0480503807018	229.302102438
glutamate	130.0	0.898	0.088	9	2.04068039556	0.0450636019471	-83.3324092775
glutamate	130.0	0.898	0.088	10	2.04202460837	0.026486777862	211.692483049
glutamate	130.0	0.898	0.088	11	2.04412977497	0.0513507835628	242.169909041
glutamate	130.0	0.898	0.088	12	2.06405000071	0.027483686252	-74.8603448369
glutamate	130.0	0.898	0.088	13	2.06745024183	0.0192431116789	127.542693101
glutamate	130.0	0.898	0.088	14	2.06757806156	0.0295756923163	193.448914652
glutamate	130.0	0.898	0.088	15	2.06815184861	0.0203978875137	250.643260926
glutamate	130.0	0.898	0.088	16	2.08373400035	0.0355732688925	-66.4477894932
glutamate	130.0	0.898	0.088	17	2.0916096957	0.0976991250013	232.724599017
glutamate	130.0	0.898	0.088	18	2.09261943391	0.0856406352218	142.961145032
glutamate	130.0	0.898	0.088	19	2.09705104587	0.00288613322248	229.309848428
glutamate	130.0	0.898	0.088	20	2.1089092594	0.127627839981	251.533557422
glutamate	130.0	0.898	0.088	21	2.11718319984	0.0128545691786	264.673907124
glutamate	130.0	0.898	0.088	22	2.11766375294	0.103994859544	165.083502172
glutamate	130.0	0.898	0.088	23	2.13343335061	0.0241842543367	266.812350763
glutamate	130.0	0.898	0.088	24	2.13370905658	0.0788650994491	-70.7255536311
glutamate	130.0	0.898	0.088	25	2.1414089918	0.022644367386	211.95731611
glutamate	130.0	0.898	0.088	26	2.14323256942	0.0264618440517	212.998887522
glutamate	130.0	0.898	0.088	27	2.15745696313	0.0174607833889	-21.2474975283
glutamate	130.0	0.898	0.088	28	2.15947305764	0.0204222164212	-35.2532490258
glutamate	130.0	0.898	0.088	29	2.16730562707	0.0234766944969	259.065816889
glutamate	130.0	0.898	0.088	30	2.18329414391	0.0254333676031	-42.6531879798
glutamate	130.0	0.898	0.088	31	2.21221850114	0.00205849000808	156.543028486
glutamate	130.0	0.898	0.088	32	2.24688989807	0.00226398344987	176.906119362
glutamate	130.0	0.898	0.088	33	2.26793766053	0.0218247546714	109.567517831
glutamate	130.0	0.898	0.088	34	2.29144895942	0.0423447958109	106.730050288
glutamate	130.0	0.898	0.088	35	2.31581433792	0.0134329979338	127.704056676
glutamate	130.0	0.898	0.088	36	2.32092287811	0.139376342697	27.8274730687
glutamate	130.0	0.898	0.088	37	2.32116312201	0.0770917556937	-2.51582847547
glutamate	130.0	0.898	0.088	38	2.34497725526	0.184492725316	36.2756321432
glutamate	130.0	0.898	0.088	39	2.34710124763	0.1996644704	29.3292305338
glutamate	130.0	0.898	0.088	40	2.34833966198	0.0358245506012	252.936001999
glutamate	130.0	0.898	0.088	41	2.36913148745	0.028426994508	-28.8050933711
glutamate	130.0	0.898	0.088	42	2.36915150439	0.0218053288573	77.505834839
glutamate	130.0	0.898	0.088	43	2.37361112136	0.0173723960385	182.773962429
glutamate	130.0	0.898	0.088	44	2.37378639547	0.0525589566832	62.3995124164
glutamate	130.0	0.898	0.088	45	2.37397580909	0.0220758384003	-72.484711993
glutamate	130.0	0.898	0.088	46	2.40104009498	0.0447325632566	-56.5827426028
glutamate	130.0	0.898	0.088	47	2.42701854511	0.0139809754692	-59.01084622
glutamate	130.0	0.898	0.088	48	3.72334092782	0.1573864578	264.86142191
glutamate	130.0	0.898	0.088	49	3.72345005668	0.0351400816598	-89.5406332088
glutamate	130.0	0.898	0.088	50	3.73950701076	0.191555000989	20.7276027283
glutamate	130.0	0.898	0.088	51	3.74732293275	0.177817791586	-40.092547383
glutamate	130.0	0.898	0.088	52	3.76351290907	0.203982224329	74.491927104
d-glucose-beta	130.0	0.049	0.087	0	3.18000789313	0.000735330618814	66.8712981932
d-glucose-beta	130.0	0.049	0.087	1	3.18010918846	0.000992646104482	-42.8061065947
d-glucose-beta	130.0	0.049	0.087	2	3.1848501588	0.000815875652923	28.0478971218
d-glucose-beta	130.0	0.049	0.087	3	3.18531573708	0.0012561538348	-80.0085939441
d-glucose-beta	130.0	0.049	0.087	4	3.19507767206	0.00313699068001	-34.7538455951
d-glucose-beta	130.0	0.049	0.087	5	3.1961011039	0.00136909672397	217.916566969
d-glucose-beta	130.0	0.049	0.087	6	3.19817436453	0.00660372199781	-42.21055758
d-glucose-beta	130.0	0.049	0.087	7	3.19858675256	0.00450435789313	53.5919259123
d-glucose-beta	130.0	0.049	0.087	8	3.20057544014	0.132202403773	38.9467919224
d-glucose-beta	130.0	0.049	0.087	9	3.2025193629	0.0400215974194	-30.3374817098
d-glucose-beta	130.0	0.049	0.087	10	3.20512094205	0.0148524414038	-4.49242200294
d-glucose-beta	130.0	0.049	0.087	11	3.20674380763	0.000764828651203	82.4469199764
d-glucose-beta	130.0	0.049	0.087	12	3.20679107353	0.000430554301445	-58.7221349545
d-glucose-beta	130.0	0.049	0.087	13	3.2115885965	0.00101538098581	40.0640394698
d-glucose-beta	130.0	0.049	0.087	14	3.21199939533	0.000671737417467	-56.9974865212
d-glucose-beta	130.0	0.049	0.087	15	3.22183773397	0.00307383373981	-22.8621594235
d-glucose-beta	130.0	0.049	0.087	16	3.22281796337	0.00142928746194	265.805570747
d-glucose-beta	130.0	0.049	0.087	17	3.22687979567	0.103660681851	-9.9922477345
d-glucose-beta	130.0	0.049	0.087	18	3.22535769294	0.00398876412104	43.5899616046
d-glucose-beta	130.0	0.049	0.087	19	3.22923331528	0.155652491607	0.0424765743264
d-glucose-beta	130.0	0.049	0.087	20	3.2277039918	0.00095869571048	249.972729647
d-glucose-beta	130.0	0.049	0.087	21	3.22990075888	0.233890591894	-23.6623114369
d-glucose-beta	130.0	0.049	0.087	22	3.23181307798	0.0126028989896	12.2070282405
d-glucose-beta	130.0	0.049	0.087	23	3.23163977245	0.0053596090997	-66.3215465615
d-glucose-beta	130.0	0.049	0.087	24	3.23407886432	0.00663195146024	-23.9327313042
d-glucose-beta	130.0	0.049	0.087	25	3.23412946254	0.000932511104882	165.705017344
d-glucose-beta	130.0	0.049	0.087	26	3.23715619294	0.00239373320932	-29.1527211626
d-glucose-beta	130.0	0.049	0.087	27	3.24492635208	0.00129664504355	74.4453578628
d-glucose-beta	130.0	0.049	0.087	28	3.24732303237	0.000620888688188	-56.983572687
d-glucose-beta	130.0	0.049	0.087	29	3.25013935444	0.000981292631581	45.4626294
d-glucose-beta	130.0	0.049	0.087	30	3.25212820118	0.000780429965822	267.590751196
d-glucose-beta	130.0	0.049	0.087	31	3.25328337971	0.0194305717795	-15.1796087843
d-glucose-beta	130.0	0.049	0.087	32	3.25677884882	0.224237799046	-21.3334543404
d-glucose-beta	130.0	0.049	0.087	33	3.25846159829	0.00613973915597	-41.7557774757
d-glucose-beta	130.0	0.049	0.087	34	3.26092704266	0.0101401962298	-52.2171743453
d-glucose-beta	130.0	0.049	0.087	35	3.26100542631	0.00074132823872	110.469242345
d-glucose-beta	130.0	0.049	0.087	36	3.26403259453	0.00305533289154	-79.2005112445
d-glucose-beta	130.0	0.049	0.087	37	3.27183568905	0.00127958406262	81.8225556799
d-glucose-beta	130.0	0.049	0.087	38	3.27422061941	0.00053496783266	263.280234745
d-glucose-beta	130.0	0.049	0.087	39	3.27705057309	0.000980671318885	52.7925387402
d-glucose-beta	130.0	0.049	0.087	40	3.27902799907	0.000646067844329	247.636009884
d-glucose-beta	130.0	0.049	0.087	41	3.29449292134	0.000662952835077	121.241127592
d-glucose-beta	130.0	0.049	0.087	42	3.29991130738	0.0027759011815	61.8357142149
d-glucose-beta	130.0	0.049	0.087	43	3.30191391454	0.00047519965085	50.7783003108
d-glucose-beta	130.0	0.049	0.087	44	3.31850375481	0.000557031051468	168.642864064
d-glucose-beta	130.0	0.049	0.087	45	3.32136533538	0.000898906555711	135.397455687
d-glucose-beta	130.0	0.049	0.087	46	3.32498959346	0.00193383942292	-73.6243339507
d-glucose-beta	130.0	0.049	0.087	47	3.32475216295	0.000621916656013	269.480826111
d-glucose-beta	130.0	0.049	0.087	48	3.32680624511	0.00191150883498	89.1515872501
d-glucose-beta	130.0	0.049	0.087	49	3.32875786796	0.000544408098933	42.5735025706
d-glucose-beta	130.0	0.049	0.087	50	3.33066258066	0.000484733811271	-66.9467509369
d-glucose-beta	130.0	0.049	0.087	51	3.34850896321	0.00116724993438	-68.5441876923
d-glucose-beta	130.0	0.049	0.087	52	3.35065673087	0.0438377649976	-50.7377211206
d-glucose-beta	130.0	0.049	0.087	53	3.35165566481	0.0697612421047	154.950317059
d-glucose-beta	130.0	0.049	0.087	54	3.35173454961	0.084515275972	125.011964115
d-glucose-beta	130.0	0.049	0.087	55	3.35180115432	0.00222426639553	238.152629981
d-glucose-beta	130.0	0.049	0.087	56	3.3539991631	0.00194408175498	241.865981979
d-glucose-beta	130.0	0.049	0.087	57	3.35836651692	0.00363165135909	37.1006745672
d-glucose-beta	130.0	0.049	0.087	58	3.36360076183	0.00591291088748	-37.2348354545
d-glucose-beta	130.0	0.049	0.087	59	3.37353593381	0.00960027196805	248.173258826
d-glucose-beta	130.0	0.049	0.087	60	3.37410177545	0.0149461013705	-82.5448890169
d-glucose-beta	130.0	0.049	0.087	61	3.37888275735	0.0264696872027	66.8627819387
d-glucose-beta	130.0	0.049	0.087	62	3.38097634527	0.117212330561	-11.2259506174
d-glucose-beta	130.0	0.049	0.087	63	3.38081441883	0.0911421971102	4.36438933595
d-glucose-beta	130.0	0.049	0.087	64	3.3814878057	0.0891110366952	-33.2472809839
d-glucose-beta	130.0	0.049	0.087	65	3.38195572814	0.0505958107604	-62.5139064004
d-glucose-beta	130.0	0.049	0.087	66	3.38150924414	0.0143658575289	90.0649565939
d-glucose-beta	130.0	0.049	0.087	67	3.38748391177	0.0235677906562	-79.4109809372
d-glucose-beta	130.0	0.049	0.087	68	3.38762381577	0.0318158755291	4.27345644642
d-glucose-beta	130.0	0.049	0.087	69	3.39629445812	0.0177041141447	-8.67148867572
d-glucose-beta	130.0	0.049	0.087	70	3.40083834443	0.0142517534093	-33.8192861075
d-glucose-beta	130.0	0.049	0.087	71	3.40975958817	0.275367815611	-60.5865153667
d-glucose-beta	130.0	0.049	0.087	72	3.40969454401	0.00122404432027	263.022707051
d-glucose-beta	130.0	0.049	0.087	73	3.41149023112	0.0789537393859	258.935776929
d-glucose-beta	130.0	0.049	0.087	74	3.41460762889	0.00350644979945	-79.526630256
d-glucose-beta	130.0	0.049	0.087	75	3.41473082391	0.00288825765634	269.176321804
d-glucose-beta	130.0	0.049	0.087	76	3.42562088527	0.0049337601554	66.3073770279
d-glucose-beta	130.0	0.049	0.087	77	3.42570961036	0.00616529765761	236.157232466
d-glucose-beta	130.0	0.049	0.087	78	3.42594178862	0.0288079401793	5.89080872629
d-glucose-beta	130.0	0.049	0.087	79	3.42865254834	0.0729982171375	-35.3168880901
d-glucose-beta	130.0	0.049	0.087	80	3.42871005745	0.0534262581317	-68.8061793731
d-glucose-beta	130.0	0.049	0.087	81	3.43048755708	0.00590999833432	214.975277687
d-glucose-beta	130.0	0.049	0.087	82	3.43084079145	0.00541245602286	268.257762901
d-glucose-beta	130.0	0.049	0.087	83	3.43121547377	0.0337953994104	-53.1662449852
d-glucose-beta	130.0	0.049	0.087	84	3.43362374133	0.0433895501687	-74.6991881141
d-glucose-beta	130.0	0.049	0.087	85	3.43364488151	0.0431081844367	221.839407572
d-glucose-beta	130.0	0.049	0.087	86	3.44169087645	0.00512565479377	190.17079833
d-glucose-beta	130.0	0.049	0.087	87	3.44327085538	0.00514310267521	198.48976815
d-glucose-beta	130.0	0.049	0.087	88	3.44327315491	0.00308318290246	-30.2497706399
d-glucose-beta	130.0	0.049	0.087	89	3.44406053588	0.053908729455	104.588850049
d-glucose-beta	130.0	0.049	0.087	90	3.44427637698	0.00425453320191	51.3073103697
d-glucose-beta	130.0	0.049	0.087	91	3.44513732761	0.0344575487462	179.63880608
d-glucose-beta	130.0	0.049	0.087	92	3.44654755379	0.209205937116	70.1560958451
d-glucose-beta	130.0	0.049	0.087	93	3.44865279775	0.0206515700381	-12.783774054
d-glucose-beta	130.0	0.049	0.087	94	3.44919711451	0.0142450145198	144.757573647
d-glucose-beta	130.0	0.049	0.087	95	3.44911336461	0.0166750920478	-83.1242087775
d-glucose-beta	130.0	0.049	0.087	96	3.45024907164	0.0936552297798	59.1989661525
d-glucose-beta	130.0	0.049	0.087	97	3.45241943936	0.0161010507303	-18.0265581997
d-glucose-beta	130.0	0.049	0.087	98	3.45393787048	0.0365943615997	111.273240819
d-glucose-beta	130.0	0.049	0.087	99	3.45512301359	0.0231985292685	53.3685250169
d-glucose-beta	130.0	0.049	0.087	100	3.45766722939	0.00583686202165	-63.7543241983
d-glucose-beta	130.0	0.049	0.087	101	3.45908402872	0.0287296385083	87.6585564633
d-glucose-beta	130.0	0.049	0.087	102	3.46043158502	0.0216996724832	7.70368835264
d-glucose-beta	130.0	0.049	0.087	103	3.46242558743	0.0227747800339	202.923285666
d-glucose-beta	130.0	0.049	0.087	104	3.46981868202	0.0303017460185	25.6614733949
d-glucose-beta	130.0	0.049	0.087	105	3.47217526336	0.0099838766693	98.8389952115
d-glucose-beta	130.0	0.049	0.087	106	3.47283576349	0.058171130107	-49.911775332
d-glucose-beta	130.0	0.049	0.087	107	3.47529924083	0.079830266688	49.2995946275
d-glucose-beta	130.0	0.049	0.087	108	3.47561586552	0.00581982957772	251.542357665
d-glucose-beta	130.0	0.049	0.087	109	3.47571395715	0.100970452516	12.4830959088
d-glucose-beta	130.0	0.049	0.087	110	3.47591938162	0.00730334454147	-65.8561625322
d-glucose-beta	130.0	0.049	0.087	111	3.47751545884	0.0313458065161	121.934551302
d-glucose-beta	130.0	0.049	0.087	112	3.47864583183	0.0694922661463	251.924254527
d-glucose-beta	130.0	0.049	0.087	113	3.47822576435	0.044124678454	-30.8085094984
d-glucose-beta	130.0	0.049	0.087	114	3.47907093098	0.0126475972391	-86.035352371
d-glucose-beta	130.0	0.049	0.087	115	3.47961645773	0.032933280393	35.2067713523
d-glucose-beta	130.0	0.049	0.087	116	3.48063320966	0.00556898411746	234.772484896
d-glucose-beta	130.0	0.049	0.087	117	3.48272586794	0.0163051051944	19.1728587536
d-glucose-beta	130.0	0.049	0.087	118	3.50539118261	0.0125755901967	252.471546221
d-glucose-beta	130.0	0.049	0.087	119	3.50528922415	0.00717347849256	-88.6899091178
d-glucose-beta	130.0	0.049	0.087	120	3.5060318271	0.0320718472474	189.53030472
d-glucose-beta	130.0	0.049	0.087	121	3.50623390635	0.0474576800232	165.63262487
d-glucose-beta	130.0	0.049	0.087	122	3.50795863033	0.062269967287	-73.5863210877
d-glucose-beta	130.0	0.049	0.087	123	3.52428308433	0.00240832354843	86.2664360796
d-glucose-beta	130.0	0.049	0.087	124	3.52912702877	0.00225759241017	55.0215904909
d-glucose-beta	130.0	0.049	0.087	125	3.54032526831	0.00138498086095	22.6586297395
d-glucose-beta	130.0	0.049	0.087	126	3.54539894796	0.00046591082849	1.74514599995
d-glucose-beta	130.0	0.049	0.087	127	3.55307842638	0.000602700437207	-27.2429599726
d-glucose-beta	130.0	0.049	0.087	128	3.5579665907	0.000444110799763	64.1488041159
d-glucose-beta	130.0	0.049	0.087	129	3.56904925258	0.00132339132289	-12.4327330693
d-glucose-beta	130.0	0.049	0.087	130	3.574142647	0.00101710085353	-64.9090267473
d-glucose-beta	130.0	0.049	0.087	131	3.5957666493	0.0023394200659	209.101807616
d-glucose-beta	130.0	0.049	0.087	132	3.61977825595	0.000441642577127	-7.74478433273
d-glucose-beta	130.0	0.049	0.087	133	3.62418871326	0.000965464256975	-28.5643520758
d-glucose-beta	130.0	0.049	0.087	134	3.64220073887	0.00191625658596	-57.3669877447
d-glucose-beta	130.0	0.049	0.087	135	3.67063760256	0.00386124973638	157.830551771
d-glucose-beta	130.0	0.049	0.087	136	3.67300217463	0.0377536854621	32.0996317921
d-glucose-beta	130.0	0.049	0.087	137	3.67544579174	0.121348196436	42.3943156302
d-glucose-beta	130.0	0.049	0.087	138	3.67578186865	0.00290283373662	224.211875641
d-glucose-beta	130.0	0.049	0.087	139	3.6764649892	0.0211081649346	15.5009659762
d-glucose-beta	130.0	0.049	0.087	140	3.67942131337	0.0189440516035	42.6597420382
d-glucose-beta	130.0	0.049	0.087	141	3.68861194242	0.00657911914311	267.831422417
d-glucose-beta	130.0	0.049	0.087	142	3.68980539685	0.00774462603466	175.745567743
d-glucose-beta	130.0	0.049	0.087	143	3.69285988788	0.100038380219	163.421147201
d-glucose-beta	130.0	0.049	0.087	144	3.69261485466	0.0144175273232	-69.2323244146
d-glucose-beta	130.0	0.049	0.087	145	3.6945886485	0.00681658733623	-45.3200793011
d-glucose-beta	130.0	0.049	0.087	146	3.69721007384	0.0133832840777	135.749718983
d-glucose-beta	130.0	0.049	0.087	147	3.71151579524	0.0148402624125	155.491939358
d-glucose-beta	130.0	0.049	0.087	148	3.71712342604	0.148514774555	138.903994316
d-glucose-beta	130.0	0.049	0.087	149	3.71719626036	0.0532316136212	37.2472066091
d-glucose-beta	130.0	0.049	0.087	150	3.71942819854	0.021054292759	102.207985346
d-glucose-beta	130.0	0.049	0.087	151	3.73334229502	0.0424533688517	57.8938279219
d-glucose-beta	130.0	0.049	0.087	152	3.73390963027	0.175235161553	-53.0344195349
d-glucose-beta	130.0	0.049	0.087	153	3.73828989305	0.00622974774247	58.830201081
d-glucose-beta	130.0	0.049	0.087	154	3.74151057162	0.00932792956325	-87.8189999577
d-glucose-beta	130.0	0.049	0.087	155	3.85598398334	0.00663332681665	5.54675733539
d-glucose-beta	130.0	0.049	0.087	156	3.85788328883	0.00982038048527	21.146273247
d-glucose-beta	130.0	0.049	0.087	157	3.86108304948	0.11823187039	-12.7388508518
d-glucose-beta	130.0	0.049	0.087	158	3.86120771283	0.0864712123265	-52.0963011805
d-glucose-beta	130.0	0.049	0.087	159	3.86380090402	0.0889241154737	-58.0695428884
d-glucose-beta	130.0	0.049	0.087	160	3.86642751024	0.166866195471	252.552553277
d-glucose-beta	130.0	0.049	0.087	161	3.86637035879	0.0292134618939	-65.0165176754
d-glucose-beta	130.0	0.049	0.087	162	3.86950475626	0.00689643784823	-83.2281645087
d-glucose-beta	130.0	0.049	0.087	163	3.8718324681	0.00624220093125	217.275139249
d-glucose-beta	130.0	0.049	0.087	164	3.90254844642	0.219553764889	95.7210370665
d-glucose-beta	130.0	0.049	0.087	165	3.90765979754	0.188147511058	46.7041525685
d-glucose-beta	130.0	0.049	0.087	166	4.61672507655	0.449743933445	181.247369637
d-glucose-beta	130.0	0.049	0.087	167	4.64353317467	0.493241032049	175.690141081
glutamine	130.0	0.427	0.087	0	2.02959843313	0.0157064679293	224.861725454
glutamine	130.0	0.427	0.087	1	2.04903832083	0.00537862209995	-39.5970464638
glutamine	130.0	0.427	0.087	2	2.05078450944	0.0110086231084	-65.6203157305
glutamine	130.0	0.427	0.087	3	2.05779476829	0.020941265755	220.539112166
glutamine	130.0	0.427	0.087	4	2.06949146946	0.00624309257708	61.809135184
glutamine	130.0	0.427	0.087	5	2.07824700764	0.0331485964236	117.727168118
glutamine	130.0	0.427	0.087	6	2.07895697327	0.0253433535266	-75.4610922303
glutamine	130.0	0.427	0.087	7	2.0843805533	0.0793523240233	207.246478576
glutamine	130.0	0.427	0.087	8	2.0994120015	0.0443429406346	206.956761982
glutamine	130.0	0.427	0.087	9	2.10110091148	0.0232199312383	158.982868621
glutamine	130.0	0.427	0.087	10	2.10307683112	0.0176967093916	135.880798714
glutamine	130.0	0.427	0.087	11	2.1048851181	0.0354647008269	-34.0551180741
glutamine	130.0	0.427	0.087	12	2.10705943378	0.0302031935242	-71.6025090202
glutamine	130.0	0.427	0.087	13	2.10978222351	0.0283615188988	108.799896703
glutamine	130.0	0.427	0.087	14	2.11007205827	0.0319892741539	225.057997574
glutamine	130.0	0.427	0.087	15	2.11574074582	0.0199203758342	-81.8611999532
glutamine	130.0	0.427	0.087	16	2.12154007131	0.00272072520701	-23.1875698451
glutamine	130.0	0.427	0.087	17	2.12427844833	0.0515013869356	233.705555136
glutamine	130.0	0.427	0.087	18	2.12762581022	0.0197398161355	-89.9056474509
glutamine	130.0	0.427	0.087	19	2.13015833943	0.0393395299812	-80.0117319157
glutamine	130.0	0.427	0.087	20	2.13073843569	0.00830664072601	235.030443899
glutamine	130.0	0.427	0.087	21	2.13258284382	0.0335095172429	124.070866552
glutamine	130.0	0.427	0.087	22	2.13493755571	0.0393782352522	206.676781448
glutamine	130.0	0.427	0.087	23	2.1368241746	0.00830281766472	195.743114676
glutamine	130.0	0.427	0.087	24	2.15340263137	0.0693018170725	185.470304343
glutamine	130.0	0.427	0.087	25	2.15502822922	0.0646530240006	-44.6967971481
glutamine	130.0	0.427	0.087	26	2.15542925651	0.0105237814	143.301254804
glutamine	130.0	0.427	0.087	27	2.15894987717	0.0128816933396	135.261134184
glutamine	130.0	0.427	0.087	28	2.16411056855	0.00569242630734	34.4597234056
glutamine	130.0	0.427	0.087	29	2.17574695392	0.0117627595945	215.023076909
glutamine	130.0	0.427	0.087	30	2.17923162819	0.0131115044118	236.401438131
glutamine	130.0	0.427	0.087	31	2.18353662329	0.0142225977682	135.673172273
glutamine	130.0	0.427	0.087	32	2.1849453183	0.00736845747414	83.4969443704
glutamine	130.0	0.427	0.087	33	2.20359517008	0.0129592047379	180.200195203
glutamine	130.0	0.427	0.087	34	2.2334385108	0.00167978343379	63.1619299665
glutamine	130.0	0.427	0.087	35	2.33941149415	0.0032636258956	218.662789777
glutamine	130.0	0.427	0.087	36	2.36519871378	0.0392622931422	105.246739065
glutamine	130.0	0.427	0.087	37	2.38765054659	0.0281321333523	155.756005758
glutamine	130.0	0.427	0.087	38	2.38967235881	0.0349797739177	76.1417063303
glutamine	130.0	0.427	0.087	39	2.39658283408	0.0204782335866	51.7111750074
glutamine	130.0	0.427	0.087	40	2.41530048531	0.0377054930709	104.940977151
glutamine	130.0	0.427	0.087	41	2.41673579222	0.0739900697779	-60.1762622156
glutamine	130.0	0.427	0.087	42	2.41946873608	0.0640453738095	116.566956416
glutamine	130.0	0.427	0.087	43	2.43862684659	0.0640044410453	228.246442959
glutamine	130.0	0.427	0.087	44	2.43894759968	0.00499163101246	-74.4530903625
glutamine	130.0	0.427	0.087	45	2.44146071515	0.0203206974608	-56.4408314696
glutamine	130.0	0.427	0.087	46	2.44162932363	0.0334543513871	-0.350730021471
glutamine	130.0	0.427	0.087	47	2.44754947577	0.0434257941529	202.912762876
glutamine	130.0	0.427	0.087	48	2.44755088217	0.0267978683991	86.0213487108
glutamine	130.0	0.427	0.087	49	2.4485278638	0.0488187769457	32.1090026645
glutamine	130.0	0.427	0.087	50	2.46685292408	0.029079151782	-86.7575106681
glutamine	130.0	0.427	0.087	51	2.46685853043	0.0338244884741	-6.54350655098
glutamine	130.0	0.427	0.087	52	2.47096376159	0.0451163694695	-62.408469881
glutamine	130.0	0.427	0.087	53	2.47338582418	0.0609337776121	100.886933343
glutamine	130.0	0.427	0.087	54	2.49343379512	0.0193047917518	-14.3969672714
glutamine	130.0	0.427	0.087	55	2.49661652654	0.0343618661113	-37.4841699775
glutamine	130.0	0.427	0.087	56	2.50239201354	0.0267788979796	243.137529615
glutamine	130.0	0.427	0.087	57	2.52492962614	0.0375980363542	-49.640911674
glutamine	130.0	0.427	0.087	58	3.73243082442	0.23318933715	-82.5503767801
glutamine	130.0	0.427	0.087	59	3.75312148641	0.43185251009	-9.31827892422
glutamine	130.0	0.427	0.087	60	3.77384048547	0.221140572601	66.2874545107
gaba	130.0	0.155	0.082	0	1.83609170247	0.0290975289871	34.1289725094
gaba	130.0	0.155	0.082	1	1.83815637494	0.0453712267092	32.1298302271
gaba	130.0	0.155	0.082	2	1.85696880793	0.00118990142819	59.4597767335
gaba	130.0	0.155	0.082	3	1.85912134827	0.00274015984476	29.5883974372
gaba	130.0	0.155	0.082	4	1.86087576791	0.095943623003	-59.7601156049
gaba	130.0	0.155	0.082	5	1.86255090122	0.05941808685	3.22556506121
gaba	130.0	0.155	0.082	6	1.86528297375	0.0225790823767	-24.9576569425
gaba	130.0	0.155	0.082	7	1.86824473535	0.00809947447251	251.976047211
gaba	130.0	0.155	0.082	8	1.88249602545	0.0105603005758	110.44598114
gaba	130.0	0.155	0.082	9	1.88516615528	0.118054331417	89.0658193361
gaba	130.0	0.155	0.082	10	1.88677831683	0.171383569291	68.2989081446
gaba	130.0	0.155	0.082	11	1.88624992925	0.0201994588543	-23.6041718108
gaba	130.0	0.155	0.082	12	1.88846676158	0.0350740798636	-46.3038862513
gaba	130.0	0.155	0.082	13	1.88936218103	0.0240177832165	17.9423753132
gaba	130.0	0.155	0.082	14	1.89135492868	0.0170915884198	4.81263707243
gaba	130.0	0.155	0.082	15	1.89333958125	0.0104963247666	-21.5792213589
gaba	130.0	0.155	0.082	16	1.90683793964	0.0133928191357	121.522995663
gaba	130.0	0.155	0.082	17	1.91077777208	0.0879510483518	64.8077721985
gaba	130.0	0.155	0.082	18	1.91181703239	0.106778838579	1.68012126547
gaba	130.0	0.155	0.082	19	1.9136499247	0.0812130424046	5.15099018555
gaba	130.0	0.155	0.082	20	1.91681092243	0.0199999575716	-42.6467292187
gaba	130.0	0.155	0.082	21	1.93570839362	0.0505184362821	51.1390305842
gaba	130.0	0.155	0.082	22	1.93776531495	0.0501272824961	94.7945977886
gaba	130.0	0.155	0.082	23	2.26019598487	0.456218186567	-0.200733167329
gaba	130.0	0.155	0.082	24	2.27675169847	0.00113520990354	55.1614349563
gaba	130.0	0.155	0.082	25	2.28055936603	0.010525673485	73.535834282
gaba	130.0	0.155	0.082	26	2.28462989947	0.662206993164	24.4827651388
gaba	130.0	0.155	0.082	27	2.28745070898	0.0108826689523	-19.7045116879
gaba	130.0	0.155	0.082	28	2.30857022538	0.144587504202	51.225637408
gaba	130.0	0.155	0.082	29	2.31018605038	0.140922196664	56.2662720548
gaba	130.0	0.155	0.082	30	2.98809210268	0.453751289928	-5.05113200431
gaba	130.0	0.155	0.082	31	3.00446935579	0.000874233385859	101.953915165
gaba	130.0	0.155	0.082	32	3.0079246221	0.0751516208807	65.9671986234
gaba	130.0	0.155	0.082	33	3.01091138735	0.172204542586	26.9485335261
gaba	130.0	0.155	0.082	34	3.01395001041	0.471866435613	-7.57720433148
gaba	130.0	0.155	0.082	35	3.01571327908	0.0441117187158	-36.162218784
gaba	130.0	0.155	0.082	36	3.01771809554	0.05088197417	-67.0192252485
gaba	130.0	0.155	0.082	37	3.01945431194	0.015240102791	-78.0272265914
gaba	130.0	0.155	0.082	38	3.01987344756	0.00328746456101	264.481938469
gaba	130.0	0.155	0.082	39	3.03849545269	0.427819291132	6.96226439476
glutathione_glycine	130.0	0.194	0.087	0	3.769	1.99028682085	-8.64195051107
glutathione_glutamate	130.0	0.194	0.087	0	2.06336829863	0.00591402179766	254.226872968
glutathione_glutamate	130.0	0.194	0.087	1	2.08480357034	0.00597545813814	-80.5765114294
glutathione_glutamate	130.0	0.194	0.087	2	2.08808710447	0.0152460477144	263.940870667
glutathione_glutamate	130.0	0.194	0.087	3	2.10958535799	0.0155106882213	-37.7250142964
glutathione_glutamate	130.0	0.194	0.087	4	2.11281857509	0.00993082816644	-73.2081303614
glutathione_glutamate	130.0	0.194	0.087	5	2.11536997153	0.0660562693359	115.147372545
glutathione_glutamate	130.0	0.194	0.087	6	2.11861561635	0.063768700837	193.615255044
glutathione_glutamate	130.0	0.194	0.087	7	2.13432941101	0.0123751362856	-1.00030815933
glutathione_glutamate	130.0	0.194	0.087	8	2.13679450303	0.0341301979249	217.97509419
glutathione_glutamate	130.0	0.194	0.087	9	2.13971087308	0.0283503084347	-86.1688245589
glutathione_glutamate	130.0	0.194	0.087	10	2.14052181297	0.115737937255	167.666004112
glutathione_glutamate	130.0	0.194	0.087	11	2.14268703687	0.0448562991765	187.174822909
glutathione_glutamate	130.0	0.194	0.087	12	2.16144263174	0.134802753419	230.932466263
glutathione_glutamate	130.0	0.194	0.087	13	2.16240310417	0.0449952660195	-48.5848631595
glutathione_glutamate	130.0	0.194	0.087	14	2.16390422585	0.0321064340559	-75.4607295713
glutathione_glutamate	130.0	0.194	0.087	15	2.16498015521	0.140067040989	206.310235466
glutathione_glutamate	130.0	0.194	0.087	16	2.17061728925	0.00588804957657	63.1832176678
glutathione_glutamate	130.0	0.194	0.087	17	2.18362151354	0.00167146110138	95.4683941041
glutathione_glutamate	130.0	0.194	0.087	18	2.18635083168	0.103805697075	263.29252095
glutathione_glutamate	130.0	0.194	0.087	19	2.19236580145	0.0129363468189	124.463433434
glutathione_glutamate	130.0	0.194	0.087	20	2.19480388619	0.00953240940728	105.91131463
glutathione_glutamate	130.0	0.194	0.087	21	2.21425298712	0.00663875103866	165.784668743
glutathione_glutamate	130.0	0.194	0.087	22	2.21658616739	0.0206742590064	149.56352594
glutathione_glutamate	130.0	0.194	0.087	23	2.23832992615	0.00863123442977	206.831600312
glutathione_glutamate	130.0	0.194	0.087	24	2.4489215683	0.00898373804174	-79.609734082
glutathione_glutamate	130.0	0.194	0.087	25	2.44901335359	0.0152237800267	232.682365368
glutathione_glutamate	130.0	0.194	0.087	26	2.47132684646	0.0200110645659	254.505507655
glutathione_glutamate	130.0	0.194	0.087	27	2.47132826905	0.0136952302	-77.2560679534
glutathione_glutamate	130.0	0.194	0.087	28	2.47333135447	0.0156679728259	248.823510466
glutathione_glutamate	130.0	0.194	0.087	29	2.47343134436	0.00864022036314	-53.7875665942
glutathione_glutamate	130.0	0.194	0.087	30	2.49586950282	0.014885980258	-41.4301562275
glutathione_glutamate	130.0	0.194	0.087	31	2.49588730956	0.0209787003465	267.676237337
glutathione_glutamate	130.0	0.194	0.087	32	2.50242265756	0.226090051978	214.143353968
glutathione_glutamate	130.0	0.194	0.087	33	2.52108815348	0.185264552364	127.670394161
glutathione_glutamate	130.0	0.194	0.087	34	2.52487862824	0.203119822558	249.438647213
glutathione_glutamate	130.0	0.194	0.087	35	2.5267681387	0.159350928266	247.216773521
glutathione_glutamate	130.0	0.194	0.087	36	2.545655253	0.378481318519	150.391364205
glutathione_glutamate	130.0	0.194	0.087	37	2.54935131086	0.0749055721542	253.062441776
glutathione_glutamate	130.0	0.194	0.087	38	2.54935938617	0.0536463962702	-81.2328033793
glutathione_glutamate	130.0	0.194	0.087	39	2.57018893418	0.123655283019	170.261932642
glutathione_glutamate	130.0	0.194	0.087	40	2.57455009747	0.0354455749938	113.97739694
glutathione_glutamate	130.0	0.194	0.087	41	2.59907057373	0.0450057609878	116.510505981
glutathione_glutamate	130.0	0.194	0.087	42	2.62366414882	0.0222901878807	144.940867935
glutathione_glutamate	130.0	0.194	0.087	43	3.74781759401	0.231528347098	-72.2054677451
glutathione_glutamate	130.0	0.194	0.087	44	3.76912326234	0.411370092428	-7.0517491916
glutathione_glutamate	130.0	0.194	0.087	45	3.79046577287	0.197630317942	55.6119435724
glycine	130.0	0.068	0.087	0	3.548	1.99153736252	-8.93020353806
glutathione_cysteine	130.0	0.194	0.087	0	2.88158786835	0.0893511233823	-11.4972678199
glutathione_cysteine	130.0	0.194	0.087	1	2.90438113802	0.0530649566946	54.1894731351
glutathione_cysteine	130.0	0.194	0.087	2	2.92889438817	0.410847962461	46.8702016552
glutathione_cysteine	130.0	0.194	0.087	3	2.95168765785	0.426477660423	128.187354791
glutathione_cysteine	130.0	0.194	0.087	4	2.95222786887	0.399420987435	219.654522189
glutathione_cysteine	130.0	0.194	0.087	5	2.96913681216	0.442508517738	-34.0589159766
glutathione_cysteine	130.0	0.194	0.087	6	2.9995343887	0.100431894903	-71.3434221844
glutathione_cysteine	130.0	0.194	0.087	7	3.01644333198	0.0439801970842	22.2015306856
glutathione_cysteine	130.0	0.194	0.087	8	4.54107552999	0.232532112415	-88.3553480602
glutathione_cysteine	130.0	0.194	0.087	9	4.55798447328	0.249980650652	7.08538721629
glutathione_cysteine	130.0	0.194	0.087	10	4.56386879967	0.255985265693	-18.1499321988
glutathione_cysteine	130.0	0.194	0.087	11	4.58077774296	0.24528848312	95.3502999454
gpc_N(CH3)3_b	130.0	0.097	0.121	0	3.21008187989	1.65738637831	-6.42353151592
gpc_N(CH3)3_b	130.0	0.097	0.121	1	3.21199956075	0.460524622425	-2.34466208269
gpc_N(CH3)3_b	130.0	0.097	0.121	2	3.21199956088	0.365226039995	-17.0788576553
gpc_N(CH3)3_b	130.0	0.097	0.121	3	3.21199956088	0.075380178823	132.426986211
gpc_N(CH3)3_b	130.0	0.097	0.121	4	3.21199956068	0.069668573173	225.446261829
gpc_N(CH3)3_b	130.0	0.097	0.121	5	3.21199956101	0.238361012108	-8.41973723167
gpc_N(CH3)3_b	130.0	0.097	0.121	6	3.2119995613	0.061111649618	-18.3558376392
gpc_N(CH3)3_b	130.0	0.097	0.121	7	3.21391762594	0.688991667799	-5.95468877874
gpc_N(CH3)3_b	130.0	0.097	0.121	8	3.21391745356	0.0166062561819	132.423633884
gpc_N(CH3)3_b	130.0	0.097	0.121	9	3.21391773047	0.0870572601327	204.609918199
gpc_N(CH3)3_b	130.0	0.097	0.121	10	3.21391801221	0.185711568099	-12.9190077828
gpc_N(CH3)3_b	130.0	0.097	0.121	11	3.21391855924	0.0149954675371	265.323719197
gpc_7-CH2_8-CH2	130.0	0.097	0.087	0	3.59557808424	0.000945173389429	254.254394318
gpc_7-CH2_8-CH2	130.0	0.097	0.087	1	3.64366275454	0.37654625693	201.670147052
gpc_7-CH2_8-CH2	130.0	0.097	0.087	2	3.64365187666	0.0351119391054	82.0148742275
gpc_7-CH2_8-CH2	130.0	0.097	0.087	3	3.65425536697	0.204302062999	56.2608493122
gpc_7-CH2_8-CH2	130.0	0.097	0.087	4	3.654252535	0.0134409158613	-82.4727619962
gpc_7-CH2_8-CH2	130.0	0.097	0.087	5	3.65425836579	0.00801162683525	160.096482611
gpc_7-CH2_8-CH2	130.0	0.097	0.087	6	3.65862705024	0.466328583686	-11.5823739619
gpc_7-CH2_8-CH2	130.0	0.097	0.087	7	3.65901798398	0.0126002168861	68.6775580831
gpc_7-CH2_8-CH2	130.0	0.097	0.087	8	3.66367661807	0.210515260249	-74.1387029877
gpc_7-CH2_8-CH2	130.0	0.097	0.087	9	3.66367623319	0.026986257878	245.183357242
gpc_7-CH2_8-CH2	130.0	0.097	0.087	10	3.67393131487	0.403595724385	142.008829228
gpc_7-CH2_8-CH2	130.0	0.097	0.087	11	3.67379101706	0.00475594445223	-4.72438276377
gpc_7-CH2_8-CH2	130.0	0.097	0.087	12	3.6740962265	0.0118524280262	240.356254334
gpc_7-CH2_8-CH2	130.0	0.097	0.087	13	3.72172131336	0.00139434222908	268.334483407
gpc_7-CH2_8-CH2	130.0	0.097	0.087	14	4.25043423145	0.000784256700138	263.515393538
gpc_7-CH2_8-CH2	130.0	0.097	0.087	15	4.27792579492	0.0870530560967	205.678941601
gpc_7-CH2_8-CH2	130.0	0.097	0.087	16	4.28690597935	0.0840911391123	205.709667208
gpc_7-CH2_8-CH2	130.0	0.097	0.087	17	4.28818766407	0.0420691420825	60.7021417907
gpc_7-CH2_8-CH2	130.0	0.097	0.087	18	4.29318586878	0.0883921145878	-0.173352270053
gpc_7-CH2_8-CH2	130.0	0.097	0.087	19	4.29589889631	0.0808615143944	205.301678619
gpc_7-CH2_8-CH2	130.0	0.097	0.087	20	4.29736618295	0.0541587015759	60.1936507673
gpc_7-CH2_8-CH2	130.0	0.097	0.087	21	4.29760893564	0.0408236130547	-69.4287284856
gpc_7-CH2_8-CH2	130.0	0.097	0.087	22	4.29835870659	0.0168901724299	207.474056534
gpc_7-CH2_8-CH2	130.0	0.097	0.087	23	4.30218063754	0.0897331720867	-1.56194863109
gpc_7-CH2_8-CH2	130.0	0.097	0.087	24	4.30615438911	0.0419711812253	61.0208141269
gpc_7-CH2_8-CH2	130.0	0.097	0.087	25	4.30658673879	0.0409160010618	-69.6780123063
gpc_7-CH2_8-CH2	130.0	0.097	0.087	26	4.30720435559	0.0768519869419	204.178575124
gpc_7-CH2_8-CH2	130.0	0.097	0.087	27	4.30822134564	0.0693468273149	143.783667952
gpc_7-CH2_8-CH2	130.0	0.097	0.087	28	4.30847592693	0.00568885472426	73.3487445609
gpc_7-CH2_8-CH2	130.0	0.097	0.087	29	4.30847594366	0.0144714096964	-69.7786390481
gpc_7-CH2_8-CH2	130.0	0.097	0.087	30	4.311187423	0.090455519887	-3.10228527299
gpc_7-CH2_8-CH2	130.0	0.097	0.087	31	4.31313171859	0.00949015930849	100.529158017
gpc_7-CH2_8-CH2	130.0	0.097	0.087	32	4.31387413118	0.00946776609531	228.529783018
gpc_7-CH2_8-CH2	130.0	0.097	0.087	33	4.31557564822	0.0409630313031	-69.7114909111
gpc_7-CH2_8-CH2	130.0	0.097	0.087	34	4.31619930083	0.0740721942149	202.898109103
gpc_7-CH2_8-CH2	130.0	0.097	0.087	35	4.31718893485	0.0723358038368	144.071001005
gpc_7-CH2_8-CH2	130.0	0.097	0.087	36	4.31757810514	0.0583706225714	65.6463307462
gpc_7-CH2_8-CH2	130.0	0.097	0.087	37	4.32250915814	0.0902946939184	-4.87830430829
gpc_7-CH2_8-CH2	130.0	0.097	0.087	38	4.32616859283	0.0752364233628	144.748681705
gpc_7-CH2_8-CH2	130.0	0.097	0.087	39	4.32644270595	0.0420765533587	60.5049686541
gpc_7-CH2_8-CH2	130.0	0.097	0.087	40	4.32687501785	0.0409520884791	-69.4368336812
gpc_7-CH2_8-CH2	130.0	0.097	0.087	41	4.328568506	0.0106303423137	164.282068588
gpc_7-CH2_8-CH2	130.0	0.097	0.087	42	4.33151368681	0.0894444359479	-5.90800380294
gpc_7-CH2_8-CH2	130.0	0.097	0.087	43	4.33586397748	0.0408931652588	-68.9902658822
gpc_7-CH2_8-CH2	130.0	0.097	0.087	44	4.3374583305	0.0783375650293	146.026508192
gpc_7-CH2_8-CH2	130.0	0.097	0.087	45	4.34644105039	0.0801314261837	147.270470592
gpc_7-CH2_8-CH2	130.0	0.097	0.087	46	4.37657161832	0.00155198208563	181.672519353
gpc_N(CH3)3_a	130.0	0.097	0.121	0	3.2100818801	1.32587694939	-6.42353125101
gpc_N(CH3)3_a	130.0	0.097	0.121	1	3.21199956047	0.132616948508	-51.6906328397
gpc_N(CH3)3_a	130.0	0.097	0.121	2	3.21199956087	0.194992128912	100.802021593
gpc_N(CH3)3_a	130.0	0.097	0.121	3	3.21199956068	0.0303293973109	250.337214145
gpc_N(CH3)3_a	130.0	0.097	0.121	4	3.2119995609	0.140462086299	54.0496453328
gpc_N(CH3)3_a	130.0	0.097	0.121	5	3.21199956056	0.0582932812308	186.74258645
gpc_N(CH3)3_a	130.0	0.097	0.121	6	3.21391751088	0.22038035217	34.167528819
gpc_N(CH3)3_a	130.0	0.097	0.121	7	3.21391767613	0.0987536042157	-34.6769020043
gpc_N(CH3)3_a	130.0	0.097	0.121	8	3.21391755599	0.066324897642	249.84585827
gpc_N(CH3)3_a	130.0	0.097	0.121	9	3.21391762974	0.0373095180856	238.005279627
gpc_N(CH3)3_a	130.0	0.097	0.121	10	3.2139179003	0.00452733236252	130.867154105
gpc_glycerol	130.0	0.097	0.087	0	3.53712165309	0.00118801016633	30.5452478583
gpc_glycerol	130.0	0.097	0.087	1	3.54410022421	0.0037066395189	78.7317353985
gpc_glycerol	130.0	0.097	0.087	2	3.54638811193	0.00308534841073	-19.8326779095
gpc_glycerol	130.0	0.097	0.087	3	3.54917396702	0.00249732122343	51.0694205122
gpc_glycerol	130.0	0.097	0.087	4	3.5619278381	0.0314428377318	9.0417334643
gpc_glycerol	130.0	0.097	0.087	5	3.56200822476	0.0063695615488	112.622175476
gpc_glycerol	130.0	0.097	0.087	6	3.56204824741	0.0107194827637	-50.5928136202
gpc_glycerol	130.0	0.097	0.087	7	3.56493328884	0.0275504737604	-13.9486652793
gpc_glycerol	130.0	0.097	0.087	8	3.57043026091	0.0186156950516	210.600935422
gpc_glycerol	130.0	0.097	0.087	9	3.57288117716	0.019042188577	-72.6330442131
gpc_glycerol	130.0	0.097	0.087	10	3.57336044135	0.00202130230911	119.020540709
gpc_glycerol	130.0	0.097	0.087	11	3.57771069694	0.00223715350777	-0.990520774402
gpc_glycerol	130.0	0.097	0.087	12	3.57849802279	0.0092587737261	228.719703061
gpc_glycerol	130.0	0.097	0.087	13	3.58122571341	0.064052371386	141.828196815
gpc_glycerol	130.0	0.097	0.087	14	3.58297543498	0.00130415488143	128.928099654
gpc_glycerol	130.0	0.097	0.087	15	3.59420207348	0.00238467434268	48.5298399784
gpc_glycerol	130.0	0.097	0.087	16	3.59458790918	0.00580852089041	126.920969274
gpc_glycerol	130.0	0.097	0.087	17	3.59488246926	0.00228423381899	263.411848291
gpc_glycerol	130.0	0.097	0.087	18	3.59631203502	0.00437071226271	-23.2924063828
gpc_glycerol	130.0	0.097	0.087	19	3.59678339401	0.00557619209609	114.000301079
gpc_glycerol	130.0	0.097	0.087	20	3.59935492928	0.00214879381898	-16.7444439537
gpc_glycerol	130.0	0.097	0.087	21	3.61165385464	0.0432371958848	73.1565700131
gpc_glycerol	130.0	0.097	0.087	22	3.61161569591	0.0231427922966	-68.1207534075
gpc_glycerol	130.0	0.097	0.087	23	3.61168545599	0.00497526790043	148.245082836
gpc_glycerol	130.0	0.097	0.087	24	3.61351022951	0.00303463473862	-38.1032478521
gpc_glycerol	130.0	0.097	0.087	25	3.61669738635	0.0184173546188	-76.6661997609
gpc_glycerol	130.0	0.097	0.087	26	3.61763362458	0.0319221203751	-2.46995336152
gpc_glycerol	130.0	0.097	0.087	27	3.61942412374	0.0016410197395	213.593921808
gpc_glycerol	130.0	0.097	0.087	28	3.62479239281	0.0269734080632	-66.1734037845
gpc_glycerol	130.0	0.097	0.087	29	3.6251028457	0.0100026877273	-9.96583126285
gpc_glycerol	130.0	0.097	0.087	30	3.62612395938	0.0330698685978	192.820991133
gpc_glycerol	130.0	0.097	0.087	31	3.62910816806	0.00417413161547	232.700458536
gpc_glycerol	130.0	0.097	0.087	32	3.62981563786	0.0119235924851	-28.9186840886
gpc_glycerol	130.0	0.097	0.087	33	3.63084853041	0.0530963812435	173.380180169
gpc_glycerol	130.0	0.097	0.087	34	3.6307968484	0.0152088733374	256.461228328
gpc_glycerol	130.0	0.097	0.087	35	3.63098159004	0.0157425435714	46.569879012
gpc_glycerol	130.0	0.097	0.087	36	3.63312277017	0.00350678244748	198.579554716
gpc_glycerol	130.0	0.097	0.087	37	3.64650931071	0.00620960370913	230.675051054
gpc_glycerol	130.0	0.097	0.087	38	3.64746903531	0.0280936924262	141.657160023
gpc_glycerol	130.0	0.097	0.087	39	3.647533745	0.0557619003833	54.7651763716
gpc_glycerol	130.0	0.097	0.087	40	3.64751896874	0.0128657060475	-78.2335268268
gpc_glycerol	130.0	0.097	0.087	41	3.64798114374	0.00215579529092	-25.4743956951
gpc_glycerol	130.0	0.097	0.087	42	3.64933404729	0.0288252663315	127.914744245
gpc_glycerol	130.0	0.097	0.087	43	3.6507524004	0.0181737742116	46.7792293855
gpc_glycerol	130.0	0.097	0.087	44	3.65341262716	0.0376168232145	-6.50100578423
gpc_glycerol	130.0	0.097	0.087	45	3.65690397766	0.0284034993131	89.3356397869
gpc_glycerol	130.0	0.097	0.087	46	3.65964296259	0.010214012312	265.028971191
gpc_glycerol	130.0	0.097	0.087	47	3.65999676312	0.00221613091559	185.424980729
gpc_glycerol	130.0	0.097	0.087	48	3.66080049344	0.0184168089582	-25.0459718121
gpc_glycerol	130.0	0.097	0.087	49	3.66262349048	0.0221495671173	120.191028253
gpc_glycerol	130.0	0.097	0.087	50	3.66274582578	0.0990981550879	-69.6051516359
gpc_glycerol	130.0	0.097	0.087	51	3.6758071991	0.00100832114804	123.227824685
gpc_glycerol	130.0	0.097	0.087	52	3.67721533164	0.00679206041312	194.466712492
gpc_glycerol	130.0	0.097	0.087	53	3.67781424085	0.00182371843855	-66.2561223463
gpc_glycerol	130.0	0.097	0.087	54	3.67932529317	0.00212067596104	150.312808178
gpc_glycerol	130.0	0.097	0.087	55	3.67958304443	0.00194156507354	-42.6021659676
gpc_glycerol	130.0	0.097	0.087	56	3.68000972569	0.00215812714714	211.871077446
gpc_glycerol	130.0	0.097	0.087	57	3.68128719493	0.00240632947772	94.0285090785
gpc_glycerol	130.0	0.097	0.087	58	3.69071041699	0.00100006557845	256.563097712
gpc_glycerol	130.0	0.097	0.087	59	3.69394325096	0.00116788891649	-34.9790183931
gpc_glycerol	130.0	0.097	0.087	60	3.69717973728	0.0422549372415	194.706199687
gpc_glycerol	130.0	0.097	0.087	61	3.69719619996	0.00564517628062	58.0661604528
gpc_glycerol	130.0	0.097	0.087	62	3.69851817336	0.00310671403171	-39.5165714175
gpc_glycerol	130.0	0.097	0.087	63	3.7008333051	0.0172823703115	93.8263598681
gpc_glycerol	130.0	0.097	0.087	64	3.70245447363	0.0168856938071	132.383655281
gpc_glycerol	130.0	0.097	0.087	65	3.70753406329	0.0210894786842	60.8644907077
gpc_glycerol	130.0	0.097	0.087	66	3.70913721753	0.0188441302111	-14.7198821004
gpc_glycerol	130.0	0.097	0.087	67	3.71218684728	0.0224875853738	46.9674593299
gpc_glycerol	130.0	0.097	0.087	68	3.71249509273	0.0314378713413	-40.0410842486
gpc_glycerol	130.0	0.097	0.087	69	3.72996629265	0.0043013771669	190.392651187
gpc_glycerol	130.0	0.097	0.087	70	3.73045811385	0.00169677388922	3.39838673624
gpc_glycerol	130.0	0.097	0.087	71	3.74500470696	0.00124650812843	204.245472329
gpc_glycerol	130.0	0.097	0.087	72	3.79209022585	0.00217247243342	-34.3156174581
gpc_glycerol	130.0	0.097	0.087	73	3.80401456621	0.0041062125585	59.0929120962
gpc_glycerol	130.0	0.097	0.087	74	3.80699794916	0.00724002926072	44.65537744
gpc_glycerol	130.0	0.097	0.087	75	3.81246118215	0.0154940256201	-39.0653925398
gpc_glycerol	130.0	0.097	0.087	76	3.8219021502	0.0201556559025	222.088124743
gpc_glycerol	130.0	0.097	0.087	77	3.8236775389	0.00101288062707	100.227196358
gpc_glycerol	130.0	0.097	0.087	78	3.82533546253	0.00816872892408	102.204039275
gpc_glycerol	130.0	0.097	0.087	79	3.826891376	0.00665703039084	89.8276121614
gpc_glycerol	130.0	0.097	0.087	80	3.83616839228	0.00644800700893	-44.5576500998
gpc_glycerol	130.0	0.097	0.087	81	3.837380875	0.0769805009621	186.160738154
gpc_glycerol	130.0	0.097	0.087	82	3.84026356605	0.00311091728188	239.533866783
gpc_glycerol	130.0	0.097	0.087	83	3.84188216049	0.00673860417285	43.8543879279
gpc_glycerol	130.0	0.097	0.087	84	3.84532177124	0.00131187752437	218.517558235
gpc_glycerol	130.0	0.097	0.087	85	3.85746983108	0.0187054244776	245.493390844
gpc_glycerol	130.0	0.097	0.087	86	3.85727787833	0.00129280091263	96.9692636473
gpc_glycerol	130.0	0.097	0.087	87	3.85751812733	0.0168083127468	151.068130268
gpc_glycerol	130.0	0.097	0.087	88	3.86300642728	0.0350149176699	152.023712368
gpc_glycerol	130.0	0.097	0.087	89	3.86362325475	0.00429867319096	-2.57160382795
gpc_glycerol	130.0	0.097	0.087	90	3.86528117596	0.0262939607882	129.484267457
gpc_glycerol	130.0	0.097	0.087	91	3.86663394259	0.00441063107587	-23.063396524
gpc_glycerol	130.0	0.097	0.087	92	3.87259474796	0.0504776921081	-3.61528147146
gpc_glycerol	130.0	0.097	0.087	93	3.87430334856	0.0758862396578	254.147215227
gpc_glycerol	130.0	0.097	0.087	94	3.87711040454	0.0015906161384	190.342098431
gpc_glycerol	130.0	0.097	0.087	95	3.88014930752	0.0573691352857	-13.2169354113
gpc_glycerol	130.0	0.097	0.087	96	3.88053700844	0.00936693860226	212.874384398
gpc_glycerol	130.0	0.097	0.087	97	3.88267873654	0.0096033812226	-25.3123035304
gpc_glycerol	130.0	0.097	0.087	98	3.88504855277	0.0433018363189	221.795480663
gpc_glycerol	130.0	0.097	0.087	99	3.88542453394	0.0118897432573	91.9986644588
gpc_glycerol	130.0	0.097	0.087	100	3.89008734653	0.0583800001618	215.989385291
gpc_glycerol	130.0	0.097	0.087	101	3.89034115273	0.0191304749435	2.65074329373
gpc_glycerol	130.0	0.097	0.087	102	3.89069404916	0.00808545249807	-75.9748605997
gpc_glycerol	130.0	0.097	0.087	103	3.89253276981	0.00758919669396	-71.3199327775
gpc_glycerol	130.0	0.097	0.087	104	3.89332608754	0.0541048456994	204.524047608
gpc_glycerol	130.0	0.097	0.087	105	3.89426528707	0.0548061465371	-31.5590967233
gpc_glycerol	130.0	0.097	0.087	106	3.89504430475	0.0104930340297	36.2045676482
gpc_glycerol	130.0	0.097	0.087	107	3.89546617716	0.00219696875566	97.1179532384
gpc_glycerol	130.0	0.097	0.087	108	3.89595799836	0.0387678459139	-23.7380208065
gpc_glycerol	130.0	0.097	0.087	109	3.89821850678	0.0191379152502	212.269380107
gpc_glycerol	130.0	0.097	0.087	110	3.90009884027	0.0450436649792	26.649067101
gpc_glycerol	130.0	0.097	0.087	111	3.90038544645	0.0392099782446	222.581580162
gpc_glycerol	130.0	0.097	0.087	112	3.90214892106	0.00160186573853	71.7180872757
gpc_glycerol	130.0	0.097	0.087	113	3.90234373639	0.00896370454266	258.573155891
gpc_glycerol	130.0	0.097	0.087	114	3.90240667232	0.0227019280225	-37.872152526
gpc_glycerol	130.0	0.097	0.087	115	3.90383623808	0.00846035906738	75.1641569719
gpc_glycerol	130.0	0.097	0.087	116	3.90413724061	0.0301060027535	-8.99231324244
gpc_glycerol	130.0	0.097	0.087	117	3.90438530917	0.0198083736016	201.186832238
gpc_glycerol	130.0	0.097	0.087	118	3.90665754566	0.0318454918646	110.849251988
gpc_glycerol	130.0	0.097	0.087	119	3.90801031229	0.0135425546368	251.617750097
gpc_glycerol	130.0	0.097	0.087	120	3.90965106595	0.0239514391788	64.4181510309
gpc_glycerol	130.0	0.097	0.087	121	3.91105194497	0.010139701976	220.986367721
gpc_glycerol	130.0	0.097	0.087	122	3.91221973518	0.0514221736125	134.16888359
gpc_glycerol	130.0	0.097	0.087	123	3.91411700182	0.0121476066946	258.983674366
gpc_glycerol	130.0	0.097	0.087	124	3.91465503985	0.0591131870756	126.589215139
gpc_glycerol	130.0	0.097	0.087	125	3.91644667689	0.0208233212332	-59.4441519786
gpc_glycerol	130.0	0.097	0.087	126	3.91632072121	0.016730040044	125.890379224
gpc_glycerol	130.0	0.097	0.087	127	3.91934066205	0.0249977129956	120.754251925
gpc_glycerol	130.0	0.097	0.087	128	3.92032844086	0.0668292306593	-28.4389989882
gpc_glycerol	130.0	0.097	0.087	129	3.92274721712	0.0127615191526	154.291829917
gpc_glycerol	130.0	0.097	0.087	130	3.92389668246	0.0859609326818	66.0825243708
gpc_glycerol	130.0	0.097	0.087	131	3.92527810152	0.0142642465169	-13.6269186123
gpc_glycerol	130.0	0.097	0.087	132	3.92702354205	0.0252786181736	121.753011783
gpc_glycerol	130.0	0.097	0.087	133	3.93018278932	0.0231693079272	256.346131674
gpc_glycerol	130.0	0.097	0.087	134	3.93171752243	0.0408711563065	-19.8896011229
gpc_glycerol	130.0	0.097	0.087	135	3.93185977592	0.0196696208082	241.576742776
gpc_glycerol	130.0	0.097	0.087	136	3.93421199204	0.0280600400225	245.881667029
gpc_glycerol	130.0	0.097	0.087	137	3.94366086651	0.0126481420622	123.057255417
gpc_glycerol	130.0	0.097	0.087	138	3.94432926832	0.00385639268322	-10.0889326356
gpc_glycerol	130.0	0.097	0.087	139	3.94594586238	0.0106763132809	-21.1911989633
gpc_glycerol	130.0	0.097	0.087	140	3.94772747455	0.00834016527708	111.108238603
gpc_glycerol	130.0	0.097	0.087	141	3.94883026999	0.00626196620856	-49.1433611616
gpc_glycerol	130.0	0.097	0.087	142	3.95006549604	0.0192012356272	190.717496247
gpc_glycerol	130.0	0.097	0.087	143	3.95350400826	0.00492413623767	264.221589866
gpc_glycerol	130.0	0.097	0.087	144	3.95753847857	0.00358964462001	248.581054565
gpc_glycerol	130.0	0.097	0.087	145	3.96073469783	0.0832363735985	156.016522058
gpc_glycerol	130.0	0.097	0.087	146	3.96555307488	0.0122262251587	41.8167017512
gpc_glycerol	130.0	0.097	0.087	147	3.97118040871	0.0210990845611	-65.3839131772
gpc_glycerol	130.0	0.097	0.087	148	3.97218450993	0.0117761724429	-10.0508147915
gpc_glycerol	130.0	0.097	0.087	149	3.9734376796	0.0153917035614	156.927530059
gpc_glycerol	130.0	0.097	0.087	150	3.98089816727	0.0119168841861	158.630680039
gpc_glycerol	130.0	0.097	0.087	151	3.98093748923	0.00314993730616	-43.3096595401
gpc_glycerol	130.0	0.097	0.087	152	3.98098033092	0.00826125958686	245.082461912
gpc_glycerol	130.0	0.097	0.087	153	3.98313880554	0.00224452115787	236.20741294
gpc_glycerol	130.0	0.097	0.087	154	3.98536453393	0.0041233515363	80.8211068317
gpc_glycerol	130.0	0.097	0.087	155	3.98842450408	0.00824627774435	1.06396550689
gpc_glycerol	130.0	0.097	0.087	156	3.99085659676	0.00188463437253	32.7843220174
gpc_glycerol	130.0	0.097	0.087	157	3.99829034924	0.00269217818922	-41.2320320847
gpc_glycerol	130.0	0.097	0.087	158	4.00146745403	0.00230938642084	-42.888872516
gpc_glycerol	130.0	0.097	0.087	159	4.00269944645	0.00347912797399	197.069933448
gpc_glycerol	130.0	0.097	0.087	160	4.0065617582	0.00920838651756	262.456889386
gpc_glycerol	130.0	0.097	0.087	161	4.00824283197	0.00328053613431	131.70441213
gpc_glycerol	130.0	0.097	0.087	162	4.01782892618	0.0019414235072	58.8996520447
myoinositol	130.0	0.578	0.087	0	3.14666717957	0.0010458243617	90.457154126
myoinositol	130.0	0.578	0.087	1	3.14832104623	0.00167266094632	29.8913908603
myoinositol	130.0	0.578	0.087	2	3.18752124635	0.00357011042434	-53.8675656536
myoinositol	130.0	0.578	0.087	3	3.18939356493	0.0012299396087	-74.2247404623
myoinositol	130.0	0.578	0.087	4	3.236529247	0.163583455255	15.5001722402
myoinositol	130.0	0.578	0.087	5	3.2649891553	0.0867679458851	83.1300108777
myoinositol	130.0	0.578	0.087	6	3.26720241301	0.0327488283408	-78.9763727418
myoinositol	130.0	0.578	0.087	7	3.26760733997	0.234921989462	21.4241151337
myoinositol	130.0	0.578	0.087	8	3.26990819132	0.0533457518345	-50.642441806
myoinositol	130.0	0.578	0.087	9	3.2984177487	0.284009646866	-71.7540086922
myoinositol	130.0	0.578	0.087	10	3.34741328116	0.00175830181027	37.2427564788
myoinositol	130.0	0.578	0.087	11	3.35658065642	0.00185834219332	-15.5608471172
myoinositol	130.0	0.578	0.087	12	3.3772687389	0.00182151376316	33.0553801052
myoinositol	130.0	0.578	0.087	13	3.38692235571	0.00106878849816	-73.4697710999
myoinositol	130.0	0.578	0.087	14	3.38843798204	0.00114358489359	-64.3087787343
myoinositol	130.0	0.578	0.087	15	3.49669227886	0.139732061092	-53.0212787528
myoinositol	130.0	0.578	0.087	16	3.49753051776	0.0969120639933	9.06998640762
myoinositol	130.0	0.578	0.087	17	3.50610807447	0.130306423463	182.355597346
myoinositol	130.0	0.578	0.087	18	3.50717027265	0.0550231953062	99.9543389493
myoinositol	130.0	0.578	0.087	19	3.50651414764	0.00239714822624	260.222986133
myoinositol	130.0	0.578	0.087	20	3.50801178534	0.00400833886677	202.937353732
myoinositol	130.0	0.578	0.087	21	3.53063772144	0.670545795549	172.185415401
myoinositol	130.0	0.578	0.087	22	3.54026961668	0.688335966925	53.4474835953
myoinositol	130.0	0.578	0.087	23	3.58600217997	0.538131379242	77.2934554158
myoinositol	130.0	0.578	0.087	24	3.58613741839	0.566950095509	60.9184882647
myoinositol	130.0	0.578	0.087	25	3.6168565246	0.612051135339	26.6456564814
myoinositol	130.0	0.578	0.087	26	3.61707998071	0.492050434052	28.3846654375
myoinositol	130.0	0.578	0.087	27	3.61949342511	0.338087452263	-48.0867157082
myoinositol	130.0	0.578	0.087	28	3.65024620849	0.104472854513	152.332288406
myoinositol	130.0	0.578	0.087	29	3.65054461933	0.080918990457	1.16077723996
myoinositol	130.0	0.578	0.087	30	4.04429623994	0.230226634597	108.869004514
myoinositol	130.0	0.578	0.087	31	4.05388744011	0.445593097036	-7.15817925478
myoinositol	130.0	0.578	0.087	32	4.06350704565	0.197982600006	233.740665992
myoinositol	130.0	0.578	0.087	33	4.06336805166	0.0201074205664	-88.1531014305
lactate	130.0	0.039	0.087	0	1.30247808436	0.193417393412	-75.9069934918
lactate	130.0	0.039	0.087	1	1.30248808459	0.201937569887	268.55341943
lactate	130.0	0.039	0.087	2	1.32580664213	0.398114243801	-66.4424437235
lactate	130.0	0.039	0.087	3	4.06255628652	0.125054904797	106.011547574
lactate	130.0	0.039	0.087	4	4.08588271388	0.374151048555	150.351100271
lactate	130.0	0.039	0.087	5	4.10921141407	0.373290790414	198.584457237
lactate	130.0	0.039	0.087	6	4.13253700483	0.113358378082	239.450153998
naa_aspartate	130.0	1.0	0.069	0	2.42994704379	0.241502435538	235.345362533
naa_aspartate	130.0	1.0	0.069	1	2.46264931047	0.173725980521	158.372819258
naa_aspartate	130.0	1.0	0.069	2	2.48240748141	0.193113793531	216.088260853
naa_aspartate	130.0	1.0	0.069	3	2.51510944979	0.270454796354	151.798800106
naa_aspartate	130.0	1.0	0.069	4	2.63340732984	0.1982074053	137.735444235
naa_aspartate	130.0	1.0	0.069	5	2.64673836336	0.290831075395	-72.5211627283
naa_aspartate	130.0	1.0	0.069	6	2.68586756996	0.243862592168	115.840060818
naa_aspartate	130.0	1.0	0.069	7	2.69919863927	0.178272874342	-78.5376093016
naa_aspartate	130.0	1.0	0.069	8	4.33805226897	0.114081182284	108.519624322
naa_aspartate	130.0	1.0	0.069	9	4.3513830937	0.0929835787995	255.538066942
naa_aspartate	130.0	1.0	0.069	10	4.35958461114	0.106248413231	159.493045497
naa_aspartate	130.0	1.0	0.069	11	4.3707545707	0.0947488826469	12.3925998879
naa_aspartate	130.0	1.0	0.069	12	4.37291590033	0.120314997838	-30.1070663777
naa_aspartate	130.0	1.0	0.069	13	4.38408539298	0.116276457743	184.891950657
naa_aspartate	130.0	1.0	0.069	14	4.39228650928	0.0998079737423	101.694733873
naa_aspartate	130.0	1.0	0.069	15	4.40561779602	0.104636869501	257.20090974
naa_acetyl	130.0	1.0	0.13	0	2.008	1.80547372542	38.592640086
naag_aspartyl	130.0	0.16	0.087	0	2.46274169543	0.19157098005	239.231823045
naag_aspartyl	130.0	0.16	0.087	1	2.49450147826	0.172967074848	198.938753498
naag_aspartyl	130.0	0.16	0.087	2	2.51627255614	0.259880848608	216.755541968
naag_aspartyl	130.0	0.16	0.087	3	2.54803233898	0.299219083225	149.469939364
naag_aspartyl	130.0	0.16	0.087	4	2.68014621287	0.253018335097	135.175510169
naag_aspartyl	130.0	0.16	0.087	5	2.69524501619	0.318733936316	-81.194916965
naag_aspartyl	130.0	0.16	0.087	6	2.73367707359	0.197145796908	111.100281127
naag_aspartyl	130.0	0.16	0.087	7	2.7487758769	0.175288731272	234.315538914
naag_aspartyl	130.0	0.16	0.087	8	4.57372264483	0.259747911144	-35.2482405317
naag_aspartyl	130.0	0.16	0.087	9	4.58882144815	0.245200180869	91.5029011087
naag_aspartyl	130.0	0.16	0.087	10	4.60548242767	0.247884391832	253.465541707
naag_aspartyl	130.0	0.16	0.087	11	4.62058123099	0.223871851768	46.5304974508
naag_acetyl	130.0	0.16	0.13	0	2.032	1.94813031858	24.3811393248
pcho_N(CH3)3_a	130.0	0.058	0.121	0	3.2060818805	1.3256557518	-6.33246453346
pcho_N(CH3)3_a	130.0	0.058	0.121	1	3.20799956055	0.0853768663847	-32.287443037
pcho_N(CH3)3_a	130.0	0.058	0.121	2	3.20799956081	0.012498467956	251.656027478
pcho_N(CH3)3_a	130.0	0.058	0.121	3	3.20799956078	0.0886329387487	177.32290492
pcho_N(CH3)3_a	130.0	0.058	0.121	4	3.20799956114	0.171944763369	98.4751103581
pcho_N(CH3)3_a	130.0	0.058	0.121	5	3.20799956117	0.0723344129847	37.2524989432
pcho_N(CH3)3_a	130.0	0.058	0.121	6	3.20991745228	0.223065577532	29.8020537415
pcho_N(CH3)3_a	130.0	0.058	0.121	7	3.20991758035	0.116028650307	-8.40790510291
pcho_N(CH3)3_a	130.0	0.058	0.121	8	3.20991766189	0.0777835086154	-76.9392766899
pcho_N(CH3)3_a	130.0	0.058	0.121	9	3.20991794386	0.0775361648952	186.419822038
pcho_N(CH3)3_a	130.0	0.058	0.121	10	3.2099179003	0.0048283484422	109.767077689
naag_glutamate	130.0	0.16	0.087	0	1.871	0.495874830145	47.2653097463
naag_glutamate	130.0	0.16	0.087	1	2.039	0.669306524642	21.3846458915
naag_glutamate	130.0	0.16	0.087	2	2.17	0.683622977419	46.9514843163
naag_glutamate	130.0	0.16	0.087	3	2.18	0.687417820176	46.4684433847
naag_glutamate	130.0	0.16	0.087	4	4.118	0.994800460027	-6.18572563314
pcho_X	130.0	0.058	0.087	0	3.54205005565	0.00125464880224	88.1359300704
pcho_X	130.0	0.058	0.087	1	3.62468961325	0.352796690536	215.236130567
pcho_X	130.0	0.058	0.087	2	3.62455171624	0.014011003432	0.804973738418
pcho_X	130.0	0.058	0.087	3	3.62486445768	0.0125181261477	142.506260785
pcho_X	130.0	0.058	0.087	4	3.63118624719	0.0855564927124	124.249650605
pcho_X	130.0	0.058	0.087	5	3.63118171948	0.00524578760402	69.9993685174
pcho_X	130.0	0.058	0.087	6	3.63354007036	0.115310285079	92.697929494
pcho_X	130.0	0.058	0.087	7	3.63354360984	0.00165417612075	166.896115573
pcho_X	130.0	0.058	0.087	8	3.64067158231	0.460679270411	-14.7095999128
pcho_X	130.0	0.058	0.087	9	3.64127915771	0.26427480333	-31.6553625927
pcho_X	130.0	0.058	0.087	10	3.64823663206	0.128707011532	250.642557257
pcho_X	130.0	0.058	0.087	11	3.65059084748	0.0918611646331	216.421819504
pcho_X	130.0	0.058	0.087	12	3.65059520074	0.00584997669738	0.467470697498
pcho_X	130.0	0.058	0.087	13	3.65677156097	0.423867983413	128.97100801
pcho_X	130.0	0.058	0.087	14	3.65678544842	0.0171346957623	49.9141816527
pcho_X	130.0	0.058	0.087	15	3.73914184354	0.000571948088709	59.3264699825
pcho_X	130.0	0.058	0.087	16	3.7391474082	0.00176540787308	-76.3061065235
pcho_X	130.0	0.058	0.087	17	4.16263165485	0.000573377028105	-73.1450938117
pcho_X	130.0	0.058	0.087	18	4.18372970344	0.00192580348321	238.115123456
pcho_X	130.0	0.058	0.087	19	4.24499380656	0.0913542222236	217.07932622
pcho_X	130.0	0.058	0.087	20	4.25117623034	0.0183955025722	129.753389729
pcho_X	130.0	0.058	0.087	21	4.25353002872	0.0247316444649	95.7041567712
pcho_X	130.0	0.058	0.087	22	4.25415832949	0.0889467502394	217.689399426
pcho_X	130.0	0.058	0.087	23	4.26034183364	0.018388759706	130.407075277
pcho_X	130.0	0.058	0.087	24	4.26042599344	0.0506761859335	19.6842666418
pcho_X	130.0	0.058	0.087	25	4.26193398259	0.0345015091571	-20.4096160728
pcho_X	130.0	0.058	0.087	26	4.26269565333	0.0244917396842	96.4494917391
pcho_X	130.0	0.058	0.087	27	4.26333611241	0.0857998245611	217.928404193
pcho_X	130.0	0.058	0.087	28	4.26609487157	0.0315299574918	61.172477365
pcho_X	130.0	0.058	0.087	29	4.2682295992	0.0229866384203	254.25485282
pcho_X	130.0	0.058	0.087	30	4.26951916315	0.0183772211798	130.637693052
pcho_X	130.0	0.058	0.087	31	4.27023447746	0.087340993417	2.20716830371
pcho_X	130.0	0.058	0.087	32	4.27058339758	0.0166525006476	224.467872191
pcho_X	130.0	0.058	0.087	33	4.27187302922	0.0242646324252	97.0518685842
pcho_X	130.0	0.058	0.087	34	4.27228196813	0.00500897695555	0.291137390889
pcho_X	130.0	0.058	0.087	35	4.2746358202	0.00567775038179	64.1492612157
pcho_X	130.0	0.058	0.087	36	4.27526884498	0.0811106904297	217.591601209
pcho_X	130.0	0.058	0.087	37	4.27709991666	0.0641001659717	130.59988778
pcho_X	130.0	0.058	0.087	38	4.27739365253	0.0230049549957	253.727017937
pcho_X	130.0	0.058	0.087	39	4.27945155014	0.0893099624649	0.295967951458
pcho_X	130.0	0.058	0.087	40	4.27974747222	0.016903844758	223.159613251
pcho_X	130.0	0.058	0.087	41	4.28144755342	0.018348448795	130.197095179
pcho_X	130.0	0.058	0.087	42	4.28152751838	0.00855836343074	10.4397471853
pcho_X	130.0	0.058	0.087	43	4.28366355996	0.0292692018616	93.3514223002
pcho_X	130.0	0.058	0.087	44	4.28445059019	0.0773452513858	216.816609007
pcho_X	130.0	0.058	0.087	45	4.28625509674	0.0667235350934	130.367281565
pcho_X	130.0	0.058	0.087	46	4.28656905173	0.023019208652	253.461857316
pcho_X	130.0	0.058	0.087	47	4.28892291781	0.0171259538972	222.035308615
pcho_X	130.0	0.058	0.087	48	4.29056888881	0.0628501925144	8.57050874547
pcho_X	130.0	0.058	0.087	49	4.29062489313	0.0183425984606	129.352043513
pcho_X	130.0	0.058	0.087	50	4.29217633492	0.0455897000453	-17.4872267876
pcho_X	130.0	0.058	0.087	51	4.29297881002	0.024016096144	97.5265860925
pcho_X	130.0	0.058	0.087	52	4.29542156314	0.0697915010461	130.623706768
pcho_X	130.0	0.058	0.087	53	4.29800588064	0.0107606689255	-73.031814946
pcho_X	130.0	0.058	0.087	54	4.29847193074	0.0271377412277	251.701908647
pcho_X	130.0	0.058	0.087	55	4.30065964206	0.0910539542663	-4.96229899303
pcho_X	130.0	0.058	0.087	56	4.300851686	0.0173257504943	221.072766465
pcho_X	130.0	0.058	0.087	57	4.30733850641	0.0739482006352	131.596370697
pcho_X	130.0	0.058	0.087	58	4.30767344445	0.0230980292212	254.120038487
pcho_X	130.0	0.058	0.087	59	4.31002736134	0.0174021140955	220.806113703
pcho_X	130.0	0.058	0.087	60	4.31650706026	0.0767686695285	132.72108401
pcho_X	130.0	0.058	0.087	61	4.38082028267	0.0016878629731	48.42213996
pcho_N(CH3)3_b	130.0	0.058	0.121	0	3.20608188019	1.65702424215	-6.33246404679
pcho_N(CH3)3_b	130.0	0.058	0.121	1	3.20799956099	0.473144076245	-0.523417480872
pcho_N(CH3)3_b	130.0	0.058	0.121	2	3.207999561	0.0554965392531	133.586205079
pcho_N(CH3)3_b	130.0	0.058	0.121	3	3.20799956115	0.330449932337	-0.845763473926
pcho_N(CH3)3_b	130.0	0.058	0.121	4	3.20799956109	0.393461119022	-9.35350234541
pcho_N(CH3)3_b	130.0	0.058	0.121	5	3.20799956106	0.0639497922478	225.933081908
pcho_N(CH3)3_b	130.0	0.058	0.121	6	3.20799956119	0.256856043359	-22.8314535695
pcho_N(CH3)3_b	130.0	0.058	0.121	7	3.2079995613	0.203802473786	-0.202912061046
pcho_N(CH3)3_b	130.0	0.058	0.121	8	3.20991764921	0.703812489799	-4.27465000476
pcho_N(CH3)3_b	130.0	0.058	0.121	9	3.20991724178	0.0124750699637	101.297820181
pcho_N(CH3)3_b	130.0	0.058	0.121	10	3.20991798699	0.256113292881	-22.2662195874
pcho_N(CH3)3_b	130.0	0.058	0.121	11	3.20991773327	0.0744036074894	214.685917839
pcr_X	130.0	0.422	0.081	0	3.93	1.98893715645	-7.53267962213
pcr_N(CH3)	130.0	0.422	0.09	0	3.029	2.99868891908	-1.68705515817
peth	130.0	0.126	0.087	0	3.11672856915	0.000646270244783	-60.9092646629
peth	130.0	0.126	0.087	1	3.19890002753	0.391906128594	226.782040376
peth	130.0	0.126	0.087	2	3.19873012631	0.0164090965082	158.724625128
peth	130.0	0.126	0.087	3	3.19907176336	0.0185915793529	95.4474465094
peth	130.0	0.126	0.087	4	3.20942438068	0.201070796054	83.2999503458
peth	130.0	0.126	0.087	5	3.2091589816	0.00130936659013	177.661455695
peth	130.0	0.126	0.087	6	3.2096625645	0.00717007753361	27.8184976714
peth	130.0	0.126	0.087	7	3.21565517111	0.39064477856	-4.24900490511
peth	130.0	0.126	0.087	8	3.21518723131	0.00813830141632	208.956309867
peth	130.0	0.126	0.087	9	3.22251681634	0.0133069626363	50.6061334975
peth	130.0	0.126	0.087	10	3.22246531053	0.212446780913	263.701250333
peth	130.0	0.126	0.087	11	3.23267615949	0.462745595512	119.745766144
peth	130.0	0.126	0.087	12	3.2325290494	0.0138988874857	-85.7908411221
peth	130.0	0.126	0.087	13	3.31453774467	0.000846762055039	-87.3590069436
peth	130.0	0.126	0.087	14	3.94597299904	0.0892808431826	224.411569308
peth	130.0	0.126	0.087	15	3.94774020672	0.0899199646325	224.768902182
peth	130.0	0.126	0.087	16	3.94950784685	0.09044202373	225.122698672
peth	130.0	0.126	0.087	17	3.95616988423	0.0433340767919	81.0427226456
peth	130.0	0.126	0.087	18	3.95793978818	0.0432319361994	81.2327076986
peth	130.0	0.126	0.087	19	3.95971072601	0.043094447888	81.44940629
peth	130.0	0.126	0.087	20	3.96346006266	0.11798778048	-4.51051188572
peth	130.0	0.126	0.087	21	3.96610468773	0.121807401701	-12.3319738063
peth	130.0	0.126	0.087	22	3.96921013018	0.0394316882503	264.511335711
peth	130.0	0.126	0.087	23	3.97000103599	0.00798785865893	-76.3082846546
peth	130.0	0.126	0.087	24	3.97029284144	0.0193667193952	84.5525463549
peth	130.0	0.126	0.087	25	3.97188288913	0.172305261219	245.34602652
peth	130.0	0.126	0.087	26	3.97366650892	0.0929799915911	229.660638383
peth	130.0	0.126	0.087	27	3.97973106466	0.0762111902098	122.744395905
peth	130.0	0.126	0.087	28	3.98036573781	0.0166753679108	6.9716569624
peth	130.0	0.126	0.087	29	3.98245040368	0.214187230416	111.758365063
peth	130.0	0.126	0.087	30	3.98414213022	0.0214485008414	80.9921008439
peth	130.0	0.126	0.087	31	3.98674994644	0.0149614058215	-61.0150265387
peth	130.0	0.126	0.087	32	3.98865709991	0.0820036341343	-2.45623517534
peth	130.0	0.126	0.087	33	3.9906284159	0.0670979981329	-7.62980888671
peth	130.0	0.126	0.087	34	3.99314552716	0.0117736729134	72.9997421273
peth	130.0	0.126	0.087	35	3.99366395751	0.00704929093204	142.798495506
peth	130.0	0.126	0.087	36	3.99516461213	0.0413706250217	260.862476757
peth	130.0	0.126	0.087	37	3.99693477048	0.0415301510384	260.584708733
peth	130.0	0.126	0.087	38	4.00375726558	0.00201691081797	131.389419386
peth	130.0	0.126	0.087	39	4.00407901361	0.00282047610977	20.6027563196
peth	130.0	0.126	0.087	40	4.00569170676	0.0806325078345	116.568483752
peth	130.0	0.126	0.087	41	4.00746212799	0.0810235443572	116.183083913
taurine	130.0	0.117	0.085	0	3.2209127337	0.188428747936	-60.9514541324
taurine	130.0	0.117	0.085	1	3.22397870406	0.235876955603	249.376636574
taurine	130.0	0.117	0.085	2	3.24336901606	0.315246258912	36.5471634084
taurine	130.0	0.117	0.085	3	3.24589845556	0.454034140346	-7.19333489761
taurine	130.0	0.117	0.085	4	3.24772584198	0.0218866157122	-33.4495933012
taurine	130.0	0.117	0.085	5	3.26532934784	0.308670803068	25.1566108299
taurine	130.0	0.117	0.085	6	3.26768692835	0.272715699748	52.4835454528
taurine	130.0	0.117	0.085	7	3.39881286344	0.274360636265	-68.2284244607
taurine	130.0	0.117	0.085	8	3.40117086037	0.308580685987	-40.7625607262
taurine	130.0	0.117	0.085	9	3.41877394265	0.0218704810684	17.5453570585
taurine	130.0	0.117	0.085	10	3.42060158724	0.454493888118	-8.72681459403
taurine	130.0	0.117	0.085	11	3.42313340427	0.319097017292	-52.608995215
taurine	130.0	0.117	0.085	12	3.44252147965	0.236851052676	95.3486985093
taurine	130.0	0.117	0.085	13	3.4455870826	0.187762969041	45.7616685356
scyllo-inositol	130.0	0.044	0.087	0	3.34	5.98870456495	-7.75554507805
lm1	130.0	1.0	0.945781	L	50.72009	3.550126	-1.138201
lm2	130.0	1.0	1.475781	L	54.12614	2.855701	0.05457026
lm3	130.0	1.0	1.705781	L	68.32043	3.90728	-0.06015777
lm4	130.0	1.0	2.115781	L	96.4358	4.719139	-0.09620739
lm5	130.0	1.0	2.315781	L	69.70896	2.784562	-0.5775946
lm6	130.0	1.0	3.015781	L	42.72932	1.01768	-0.6582785
lm7	130.0	1.0	3.9854041	L	29.64625	1.209407	0.2889715
lm8	130.0	1.0	7.125781	L	274.476	4.046641	0.3027004
lm9	130.0	1.0	7.855781	L	37.37627	1.313574	0.02022181
lm10	130.0	1.0	2.655781	L	121.4557	2.349968	-0.5826102
lm11	130.0	1.0	1.235781	L	30.68139	0.7444791	-1.138201
lm12	130.0	1.0	-0.62824	L	1789.202	21.51878	-3.652967
lm13	130.0	1.0	3.295781	L	109.4958	1.665539	0.1635756
lm14	130.0	1.0	3.705781	L	169.6304	4.873533	-1.354319
