;PINTS for FITMAN Simulation Output
;Experiment Information
;---------------------------------------------------------------------------
;Name: semi-LASER
;Created: 2017_10_30
;Comment: Density-matrix simulations of metabolites using PyGAMMA and metabolite parameters from V. Govindaraju et. al, NMR Biomed. 2000;13:129-153
;PI: bartha-olemew
;b0: 297.2
;49 Metabolites: alanine, aspartate, choline_1-CH2_2-CH2, choline_N(CH3)3_a, choline_N(CH3)3_b, creatine_N(CH3), creatine_X, d-glucose-alpha, d-glucose-beta, gaba, glutamate, glutamine, glutathione_cysteine, glutathione_glutamate, glutathione_glycine, glycine, gpc_7-CH2_8-CH2, gpc_glycerol, gpc_N(CH3)3_a, gpc_N(CH3)3_b, lactate, myoinositol, naa_acetyl, naa_aspartate, naag_acetyl, naag_aspartyl, naag_glutamate, pcho_N(CH3)3_a, pcho_N(CH3)3_b, pcho_X, pcr_N(CH3), pcr_X, peth, scyllo-inositol, taurine, lm1, lm2, lm3, lm4, lm5, lm6, lm7, lm8, lm9, lm10, lm11, lm12, lm13, lm14
;Simulation Results
;---------------------------------------------------------------------------
alanine	185.0	0.078	0.087	0	1.45447649408	0.50748624855	-34.1773987745
alanine	185.0	0.078	0.087	1	1.47880000291	0.397824409413	159.382008206
alanine	185.0	0.078	0.087	2	3.7382838008	0.134102692576	-24.5952499119
alanine	185.0	0.078	0.087	3	3.76261455314	0.349996658867	228.377140231
alanine	185.0	0.078	0.087	4	3.78695692131	0.358871281914	117.895749472
alanine	185.0	0.078	0.087	5	3.81130127456	0.107212139961	3.45650632281
choline_1-CH2_2-CH2	185.0	0.165	0.087	0	3.40528755443	0.00147667222155	183.065025109
choline_1-CH2_2-CH2	185.0	0.165	0.087	1	3.48361798541	0.327415634745	-21.3915113239
choline_1-CH2_2-CH2	185.0	0.165	0.087	2	3.48340724382	0.00990950887779	53.3248786306
choline_1-CH2_2-CH2	185.0	0.165	0.087	3	3.4838750549	0.0203780689961	176.366542456
choline_1-CH2_2-CH2	185.0	0.165	0.087	4	3.4944647785	0.214447732133	122.526698043
choline_1-CH2_2-CH2	185.0	0.165	0.087	5	3.50049260585	0.288652504225	-19.0018790595
choline_1-CH2_2-CH2	185.0	0.165	0.087	6	3.5005438849	0.019675113293	206.035336136
choline_1-CH2_2-CH2	185.0	0.165	0.087	7	3.50738543003	0.163399475	216.972090599
choline_1-CH2_2-CH2	185.0	0.165	0.087	8	3.50734198018	0.010387718063	-13.4724947113
choline_1-CH2_2-CH2	185.0	0.165	0.087	9	3.50743404668	0.0238822017681	142.911748779
choline_1-CH2_2-CH2	185.0	0.165	0.087	10	3.51776921378	0.329895119121	11.7835509043
choline_1-CH2_2-CH2	185.0	0.165	0.087	11	3.51755593319	0.0217629154638	263.346966811
choline_1-CH2_2-CH2	185.0	0.165	0.087	12	3.51797091101	0.0253335155932	-50.5283428767
choline_1-CH2_2-CH2	185.0	0.165	0.087	13	3.96815265095	0.00270287934076	-25.8560529171
choline_1-CH2_2-CH2	185.0	0.165	0.087	14	4.02839024245	0.168684248247	-29.3856501098
choline_1-CH2_2-CH2	185.0	0.165	0.087	15	4.03721897215	0.160522119692	-25.2350291586
choline_1-CH2_2-CH2	185.0	0.165	0.087	16	4.03877240598	0.0818271587332	126.29438726
choline_1-CH2_2-CH2	185.0	0.165	0.087	17	4.04566731649	0.142273137205	3.63048515601
choline_1-CH2_2-CH2	185.0	0.165	0.087	18	4.04614386809	0.0604589734948	235.245106494
choline_1-CH2_2-CH2	185.0	0.165	0.087	19	4.04760325235	0.0807488550946	128.225163231
choline_1-CH2_2-CH2	185.0	0.165	0.087	20	4.05169572191	0.0837092615742	219.367819897
choline_1-CH2_2-CH2	185.0	0.165	0.087	21	4.05404460124	0.0768132356112	-21.1202593187
choline_1-CH2_2-CH2	185.0	0.165	0.087	22	4.05498804836	0.0693866607772	29.0350620375
choline_1-CH2_2-CH2	185.0	0.165	0.087	23	4.05645008103	0.0314439427541	228.205241717
choline_1-CH2_2-CH2	185.0	0.165	0.087	24	4.06052700737	0.0847206406707	217.717465325
choline_1-CH2_2-CH2	185.0	0.165	0.087	25	4.06275999698	0.195979457754	15.0321114216
choline_1-CH2_2-CH2	185.0	0.165	0.087	26	4.06288441363	0.0194767588341	-63.6350464487
choline_1-CH2_2-CH2	185.0	0.165	0.087	27	4.06933245925	0.035676049331	29.8379513046
choline_1-CH2_2-CH2	185.0	0.165	0.087	28	4.07137091132	0.164643660981	4.04454276926
choline_1-CH2_2-CH2	185.0	0.165	0.087	29	4.07996127587	0.0457603063028	-7.38354308721
choline_1-CH2_2-CH2	185.0	0.165	0.087	30	4.08042102971	0.00824978622971	196.432162849
choline_1-CH2_2-CH2	185.0	0.165	0.087	31	4.15854877634	0.0014887809536	-22.5668575657
aspartate	185.0	0.117	0.087	0	2.60315461543	0.104710103212	189.578035983
aspartate	185.0	0.117	0.087	1	2.63321004478	0.143656630463	23.9766791598
aspartate	185.0	0.117	0.087	2	2.66178300881	0.394415368111	90.1231667641
aspartate	185.0	0.117	0.087	3	2.69183843816	0.312938952602	242.550053978
aspartate	185.0	0.117	0.087	4	2.77093866344	0.35330953779	-8.49368560187
aspartate	185.0	0.117	0.087	5	2.78379157363	0.366034744709	73.3484270819
aspartate	185.0	0.117	0.087	6	2.82956705682	0.119923607003	261.842136397
aspartate	185.0	0.117	0.087	7	2.84241996702	0.134203198422	-71.4162391249
aspartate	185.0	0.117	0.087	8	3.8701699882	0.210642201178	54.6606897141
aspartate	185.0	0.117	0.087	9	3.8830228984	0.234740657057	129.354111717
aspartate	185.0	0.117	0.087	10	3.90022541756	0.270629783489	216.049902327
aspartate	185.0	0.117	0.087	11	3.91307832775	0.227661200202	-73.6668255352
choline_N(CH3)3_a	185.0	0.165	0.121	0	3.18308188091	1.33030757442	-5.55261690806
choline_N(CH3)3_a	185.0	0.165	0.121	1	3.18499956204	0.205100464452	70.7522408375
choline_N(CH3)3_a	185.0	0.165	0.121	2	3.18499956198	0.148251462368	226.45950735
choline_N(CH3)3_a	185.0	0.165	0.121	3	3.18499956243	0.100346710631	-48.835854052
choline_N(CH3)3_a	185.0	0.165	0.121	4	3.18499956229	0.0837535235311	104.844264152
choline_N(CH3)3_a	185.0	0.165	0.121	5	3.18499956198	0.0827811264069	247.167897
choline_N(CH3)3_a	185.0	0.165	0.121	6	3.18691748021	0.251168364006	30.7462637891
choline_N(CH3)3_a	185.0	0.165	0.121	7	3.18691779351	0.00579741414135	237.908415278
choline_N(CH3)3_a	185.0	0.165	0.121	8	3.18691776333	0.129983821814	-60.4816252441
choline_N(CH3)3_a	185.0	0.165	0.121	9	3.1869180777	0.0510756034558	138.673932613
creatine_X	185.0	0.296	0.081	0	3.913	1.98982080426	-7.83511839779
creatine_N(CH3)	185.0	0.296	0.09	0	3.027	2.98345557592	-1.9854818337
d-glucose-alpha	185.0	0.049	0.087	0	3.31825103188	0.00122426313224	-8.30572527809
d-glucose-alpha	185.0	0.049	0.087	1	3.34965171479	0.00491444710996	84.2413643361
d-glucose-alpha	185.0	0.049	0.087	2	3.3521096716	0.00778758021473	215.996286202
d-glucose-alpha	185.0	0.049	0.087	3	3.36182713764	0.0949535993853	-46.5401661242
d-glucose-alpha	185.0	0.049	0.087	4	3.36137485348	0.00524141147354	221.257436272
d-glucose-alpha	185.0	0.049	0.087	5	3.36373521262	0.0426651173679	241.272574774
d-glucose-alpha	185.0	0.049	0.087	6	3.38339511403	0.0126896837919	2.25015185548
d-glucose-alpha	185.0	0.049	0.087	7	3.39339101964	0.118518166318	-12.0532741434
d-glucose-alpha	185.0	0.049	0.087	8	3.39331542756	0.119862683473	-0.988625685013
d-glucose-alpha	185.0	0.049	0.087	9	3.39319210738	0.0194518451753	195.416993976
d-glucose-alpha	185.0	0.049	0.087	10	3.3934933258	0.00151307627082	108.830373981
d-glucose-alpha	185.0	0.049	0.087	11	3.39483119354	0.0607014325979	-55.0612669656
d-glucose-alpha	185.0	0.049	0.087	12	3.40385043151	0.0106322093656	-55.1959523468
d-glucose-alpha	185.0	0.049	0.087	13	3.42374588249	0.0683146524263	88.984876089
d-glucose-alpha	185.0	0.049	0.087	14	3.42569738812	0.0422019157271	45.54694822
d-glucose-alpha	185.0	0.049	0.087	15	3.42562578688	0.1076751248	101.220837372
d-glucose-alpha	185.0	0.049	0.087	16	3.4353249186	0.0144306159062	36.6992001578
d-glucose-alpha	185.0	0.049	0.087	17	3.43721010285	0.0034564389684	261.570032026
d-glucose-alpha	185.0	0.049	0.087	18	3.43747755741	0.00146403058975	-78.2059059956
d-glucose-alpha	185.0	0.049	0.087	19	3.46874294965	0.00535314758658	8.60797704654
d-glucose-alpha	185.0	0.049	0.087	20	3.49492881057	0.019219851308	142.477006687
d-glucose-alpha	185.0	0.049	0.087	21	3.49524600396	0.110833496705	85.2102400623
d-glucose-alpha	185.0	0.049	0.087	22	3.50771813496	0.194603855342	165.00795319
d-glucose-alpha	185.0	0.049	0.087	23	3.52724794693	0.277614044248	162.877319133
d-glucose-alpha	185.0	0.049	0.087	24	3.53980415522	0.0815409620606	-73.4647567661
d-glucose-alpha	185.0	0.049	0.087	25	3.54015867221	0.165841242635	254.878518126
d-glucose-alpha	185.0	0.049	0.087	26	3.58665673365	0.000469864923307	31.8725489971
d-glucose-alpha	185.0	0.049	0.087	27	3.5989420446	0.000466418518228	-74.2478458883
d-glucose-alpha	185.0	0.049	0.087	28	3.59923526209	0.000469178524333	252.725703535
d-glucose-alpha	185.0	0.049	0.087	29	3.66848678338	0.322930922913	254.124171248
d-glucose-alpha	185.0	0.049	0.087	30	3.70022675816	0.342191600272	10.9505497417
d-glucose-alpha	185.0	0.049	0.087	31	3.70078649789	0.0694730343041	-2.25374692428
d-glucose-alpha	185.0	0.049	0.087	32	3.71005567654	0.0747517925244	256.907941216
d-glucose-alpha	185.0	0.049	0.087	33	3.71259394311	0.0636355297742	239.516616551
d-glucose-alpha	185.0	0.049	0.087	34	3.72174165287	0.00800502562549	-29.2295423918
d-glucose-alpha	185.0	0.049	0.087	35	3.73203239548	0.185341115607	58.0394412775
d-glucose-alpha	185.0	0.049	0.087	36	3.73239618711	0.00366108567127	-38.604513131
d-glucose-alpha	185.0	0.049	0.087	37	3.7322253037	0.00101501260975	217.669475276
d-glucose-alpha	185.0	0.049	0.087	38	3.7325228665	0.0453982864422	130.98790747
d-glucose-alpha	185.0	0.049	0.087	39	3.75204433582	0.172534588146	101.346960889
d-glucose-alpha	185.0	0.049	0.087	40	3.75284766524	0.0257898588418	13.1188354433
d-glucose-alpha	185.0	0.049	0.087	41	3.75318246004	0.00921219984056	151.460695237
d-glucose-alpha	185.0	0.049	0.087	42	3.7624772806	0.0190269664111	252.949360171
d-glucose-alpha	185.0	0.049	0.087	43	3.77352918181	0.367201193131	96.8079353552
d-glucose-alpha	185.0	0.049	0.087	44	3.79605120011	0.118390417414	199.859334978
d-glucose-alpha	185.0	0.049	0.087	45	3.80031470699	0.0871142565354	136.489208413
d-glucose-alpha	185.0	0.049	0.087	46	3.80652401722	0.0728161240121	95.749527215
d-glucose-alpha	185.0	0.049	0.087	47	3.80790495718	0.080009043223	-11.9316504867
d-glucose-alpha	185.0	0.049	0.087	48	3.8107945699	0.243383968943	-2.72507605094
d-glucose-alpha	185.0	0.049	0.087	49	3.81304821231	0.266405835259	-28.8294271376
d-glucose-alpha	185.0	0.049	0.087	50	3.81822667514	0.178020677167	212.60047345
d-glucose-alpha	185.0	0.049	0.087	51	3.82249615914	0.0242955515579	98.3654717689
d-glucose-alpha	185.0	0.049	0.087	52	3.82813682391	0.117988265921	-56.1384775921
d-glucose-alpha	185.0	0.049	0.087	53	3.83320686416	0.0373649270495	-79.6376599196
d-glucose-alpha	185.0	0.049	0.087	54	3.83333891053	0.0350278433172	259.154072609
d-glucose-alpha	185.0	0.049	0.087	55	3.84803866788	0.0345828361628	188.024363609
d-glucose-alpha	185.0	0.049	0.087	56	3.84848546355	0.176224651029	-21.471458384
d-glucose-alpha	185.0	0.049	0.087	57	3.85301016628	0.0900350644668	214.480232757
d-glucose-alpha	185.0	0.049	0.087	58	3.85320120431	0.0425371241607	131.271827839
d-glucose-alpha	185.0	0.049	0.087	59	3.8968462216	0.000816720195276	-45.4036605868
d-glucose-alpha	185.0	0.049	0.087	60	3.92859946176	0.0033938693484	9.36316389199
choline_N(CH3)3_b	185.0	0.165	0.121	0	3.18308188064	1.66176569691	-5.55260516787
choline_N(CH3)3_b	185.0	0.165	0.121	1	3.18499956215	0.410332818003	-1.59304453618
choline_N(CH3)3_b	185.0	0.165	0.121	2	3.18499956215	0.0878328342193	150.897094497
choline_N(CH3)3_b	185.0	0.165	0.121	3	3.18499956234	0.117937220177	234.349866345
choline_N(CH3)3_b	185.0	0.165	0.121	4	3.18499956231	0.283542810898	-11.1183628237
choline_N(CH3)3_b	185.0	0.165	0.121	5	3.18499956211	0.0427039588899	108.268463636
choline_N(CH3)3_b	185.0	0.165	0.121	6	3.18499956256	0.115650214456	3.49656333062
choline_N(CH3)3_b	185.0	0.165	0.121	7	3.18691759857	0.0158113385747	114.292127471
choline_N(CH3)3_b	185.0	0.165	0.121	8	3.18691769795	0.0627462920975	169.226934713
choline_N(CH3)3_b	185.0	0.165	0.121	9	3.18691778023	0.542105290609	-9.73636283032
choline_N(CH3)3_b	185.0	0.165	0.121	10	3.18691768945	0.661564760056	-3.57077848881
choline_N(CH3)3_b	185.0	0.165	0.121	11	3.18691778625	0.1068973928	-72.6486830836
choline_N(CH3)3_b	185.0	0.165	0.121	12	3.18691794699	0.294484182444	-3.7231763665
glutamate	185.0	0.898	0.088	0	1.96706804127	0.023462716048	257.908160277
glutamate	185.0	0.898	0.088	1	1.99094252965	0.0457437548368	44.6735693931
glutamate	185.0	0.898	0.088	2	1.9909810453	0.0258335114466	116.417369956
glutamate	185.0	0.898	0.088	3	1.99400006985	0.0449265436945	94.5157175192
glutamate	185.0	0.898	0.088	4	2.01485536067	0.0201999551616	134.004440305
glutamate	185.0	0.898	0.088	5	2.01680099928	0.0429387735456	185.302389296
glutamate	185.0	0.898	0.088	6	2.01798041034	0.0445205620929	-19.9109123012
glutamate	185.0	0.898	0.088	7	2.04018765675	0.0207324101332	-31.8388751314
glutamate	185.0	0.898	0.088	8	2.04068039556	0.0629343911751	138.311849695
glutamate	185.0	0.898	0.088	9	2.04202460837	0.0334681537186	216.17571402
glutamate	185.0	0.898	0.088	10	2.04412977497	0.00860492855514	14.945974253
glutamate	185.0	0.898	0.088	11	2.06405000071	0.0643900062189	-8.63961529002
glutamate	185.0	0.898	0.088	12	2.06745024183	0.00678493704853	-49.470918528
glutamate	185.0	0.898	0.088	13	2.06757806156	0.0548259938375	250.034214869
glutamate	185.0	0.898	0.088	14	2.06815184861	0.0664949336112	0.607157788564
glutamate	185.0	0.898	0.088	15	2.08373400035	0.0388903359703	199.117362155
glutamate	185.0	0.898	0.088	16	2.0916096957	0.061468831755	227.57861942
glutamate	185.0	0.898	0.088	17	2.0921638647	0.0327973438619	121.566085011
glutamate	185.0	0.898	0.088	18	2.0931028643	0.00721158735437	32.9880913317
glutamate	185.0	0.898	0.088	19	2.10878176017	0.143988094656	36.7590590987
glutamate	185.0	0.898	0.088	20	2.11751842765	0.0812068244877	247.33292376
glutamate	185.0	0.898	0.088	21	2.13369495119	0.0676409491563	251.672571852
glutamate	185.0	0.898	0.088	22	2.1414089918	0.0327931545669	8.31905236006
glutamate	185.0	0.898	0.088	23	2.14323256942	0.0435994911529	11.4902812017
glutamate	185.0	0.898	0.088	24	2.15745696313	0.0343935908514	17.8054585304
glutamate	185.0	0.898	0.088	25	2.15947305764	0.0116296002504	36.0826135434
glutamate	185.0	0.898	0.088	26	2.16730562707	0.0441054866567	252.147696523
glutamate	185.0	0.898	0.088	27	2.18329414391	0.0297501230087	-35.5087981798
glutamate	185.0	0.898	0.088	28	2.19615384033	0.00245007413086	142.125294888
glutamate	185.0	0.898	0.088	29	2.25493269956	0.00172515621648	167.980970407
glutamate	185.0	0.898	0.088	30	2.2677995574	0.00467193288876	48.3529283063
glutamate	185.0	0.898	0.088	31	2.26803452349	0.00207463994126	101.322070438
glutamate	185.0	0.898	0.088	32	2.29124784399	0.00328169250403	253.482362936
glutamate	185.0	0.898	0.088	33	2.29162900978	0.00446888154028	-43.5909850878
glutamate	185.0	0.898	0.088	34	2.29187261505	0.00194305994282	42.6365921567
glutamate	185.0	0.898	0.088	35	2.31581342155	0.00850424630083	167.961601991
glutamate	185.0	0.898	0.088	36	2.32074408637	0.210758676613	135.968087626
glutamate	185.0	0.898	0.088	37	2.32114513528	0.235466312586	209.431298878
glutamate	185.0	0.898	0.088	38	2.34481609493	0.347265146577	62.0481706855
glutamate	185.0	0.898	0.088	39	2.34773969633	0.260721615911	7.91368138179
glutamate	185.0	0.898	0.088	40	2.34661746358	0.0445436570458	-68.3094986096
glutamate	185.0	0.898	0.088	41	2.36914071207	0.109880177156	261.989464083
glutamate	185.0	0.898	0.088	42	2.37371081156	0.166282601704	214.388872124
glutamate	185.0	0.898	0.088	43	2.40052273314	0.00724243911231	67.7038893774
glutamate	185.0	0.898	0.088	44	2.40130127065	0.0025949720995	147.957819167
glutamate	185.0	0.898	0.088	45	2.42703669076	0.00439403650071	-48.1004442782
glutamate	185.0	0.898	0.088	46	3.72334851896	0.197406905297	27.5386703409
glutamate	185.0	0.898	0.088	47	3.73950863643	0.12369105158	7.49852365485
glutamate	185.0	0.898	0.088	48	3.74733419806	0.156996044905	-29.6352418682
glutamate	185.0	0.898	0.088	49	3.76350923087	0.212074152569	-46.824893441
gaba	185.0	0.155	0.082	0	1.83609170247	0.042713873235	-18.0818077736
gaba	185.0	0.155	0.082	1	1.83815637494	0.0352181925915	4.46645644639
gaba	185.0	0.155	0.082	2	1.85696880793	0.00898088442365	-72.5041495852
gaba	185.0	0.155	0.082	3	1.85912134827	0.00362554774037	252.977218132
gaba	185.0	0.155	0.082	4	1.86218102414	0.162128508357	185.13991103
gaba	185.0	0.155	0.082	5	1.86111941663	0.0191537428106	76.2036792436
gaba	185.0	0.155	0.082	6	1.8653056092	0.0269919279602	135.739011006
gaba	185.0	0.155	0.082	7	1.86824473535	0.00877857836342	71.1542908798
gaba	185.0	0.155	0.082	8	1.87964134091	0.00129542922774	-20.3978614553
gaba	185.0	0.155	0.082	9	1.88182286863	0.00410398579647	-15.9685173008
gaba	185.0	0.155	0.082	10	1.88262015302	0.00304051310795	106.874460915
gaba	185.0	0.155	0.082	11	1.88598253794	0.210214418822	9.07262218345
gaba	185.0	0.155	0.082	12	1.88720900847	0.181438739624	-46.3931398945
gaba	185.0	0.155	0.082	13	1.88907819725	0.0507571790204	-45.4438142294
gaba	185.0	0.155	0.082	14	1.89132710051	0.0209957577395	-62.1733001304
gaba	185.0	0.155	0.082	15	1.89327876399	0.00232470209312	254.501308175
gaba	185.0	0.155	0.082	16	1.89335261366	0.0113641640075	-74.8277706898
gaba	185.0	0.155	0.082	17	1.90683793964	0.0168024441576	-6.15462542969
gaba	185.0	0.155	0.082	18	1.90981313509	0.0367472133215	-16.0079771449
gaba	185.0	0.155	0.082	19	1.91142163183	0.14592119171	244.606835947
gaba	185.0	0.155	0.082	20	1.91155300402	0.0709717487163	-64.4851323914
gaba	185.0	0.155	0.082	21	1.9136586861	0.079554294103	246.0995775
gaba	185.0	0.155	0.082	22	1.91673973267	0.00358752558946	182.001019009
gaba	185.0	0.155	0.082	23	1.91682328557	0.00618288506503	255.965695061
gaba	185.0	0.155	0.082	24	1.93570839362	0.0430878490687	174.236150509
gaba	185.0	0.155	0.082	25	1.93776531495	0.0454144188234	169.645341993
gaba	185.0	0.155	0.082	26	2.26016231881	0.39339670097	143.744050281
gaba	185.0	0.155	0.082	27	2.28054152828	0.0106365313005	86.2050929048
gaba	185.0	0.155	0.082	28	2.28470085658	0.762232929752	26.095840463
gaba	185.0	0.155	0.082	29	2.28747454296	0.0114800199067	-39.4500638842
gaba	185.0	0.155	0.082	30	2.29192918372	0.00138779338331	46.9418136368
gaba	185.0	0.155	0.082	31	2.30857189487	0.134406863764	251.817223535
gaba	185.0	0.155	0.082	32	2.30856581903	0.0385644598237	-70.8530842781
gaba	185.0	0.155	0.082	33	2.31008651759	0.0426031700909	262.345244159
gaba	185.0	0.155	0.082	34	2.31022553491	0.124775360472	-79.3158015149
gaba	185.0	0.155	0.082	35	2.98808389816	0.483744959692	133.749380265
gaba	185.0	0.155	0.082	36	3.00783887343	0.0717544234196	96.2585526955
gaba	185.0	0.155	0.082	37	3.01089374567	0.167804955343	38.8057177179
gaba	185.0	0.155	0.082	38	3.01144002939	0.00318380379656	90.2994813326
gaba	185.0	0.155	0.082	39	3.01390513159	0.485877225788	-5.85091413811
gaba	185.0	0.155	0.082	40	3.01565512143	0.0468044914822	-44.3788152213
gaba	185.0	0.155	0.082	41	3.01769494759	0.0487321652516	263.708839891
gaba	185.0	0.155	0.082	42	3.01951802433	0.0206511489331	247.272516315
gaba	185.0	0.155	0.082	43	3.03849937219	0.391223754611	217.04248636
glutamine	185.0	0.427	0.087	0	2.02959843313	0.00831681934228	264.249832951
glutamine	185.0	0.427	0.087	1	2.05078450944	0.00418734793169	186.150238737
glutamine	185.0	0.427	0.087	2	2.05789178012	0.00483972535883	113.208965187
glutamine	185.0	0.427	0.087	3	2.06949146946	0.00311639702057	206.33429599
glutamine	185.0	0.427	0.087	4	2.07835095947	0.0842123272095	91.4281437339
glutamine	185.0	0.427	0.087	5	2.0845293928	0.0815206354084	-69.4133281271
glutamine	185.0	0.427	0.087	6	2.0994120015	0.045302751812	103.39568085
glutamine	185.0	0.427	0.087	7	2.10110091148	0.0185692501551	41.6738493296
glutamine	185.0	0.427	0.087	8	2.10307683112	0.102195180593	73.1124656633
glutamine	185.0	0.427	0.087	9	2.10479853377	0.00458111447883	183.901795458
glutamine	185.0	0.427	0.087	10	2.10493473898	0.0636697168555	-87.4396757063
glutamine	185.0	0.427	0.087	11	2.10705943378	0.0419064110581	244.046322123
glutamine	185.0	0.427	0.087	12	2.10978222351	0.048588244556	237.081071239
glutamine	185.0	0.427	0.087	13	2.11007205827	0.0570092718895	110.563806806
glutamine	185.0	0.427	0.087	14	2.11574074582	0.0266749526781	108.106913672
glutamine	185.0	0.427	0.087	15	2.12154007131	0.0141578662961	-28.9960602994
glutamine	185.0	0.427	0.087	16	2.12427844833	0.0578086982635	-34.9037839556
glutamine	185.0	0.427	0.087	17	2.12762581022	0.0395641116197	171.827744535
glutamine	185.0	0.427	0.087	18	2.13015833943	0.00925024253728	-36.5235129291
glutamine	185.0	0.427	0.087	19	2.13073843569	0.0360885173059	179.044831508
glutamine	185.0	0.427	0.087	20	2.13208219483	0.07762845662	97.2702774813
glutamine	185.0	0.427	0.087	21	2.1333228175	0.0142160011993	180.164476629
glutamine	185.0	0.427	0.087	22	2.13493755571	0.0652663746184	41.8156171873
glutamine	185.0	0.427	0.087	23	2.1368241746	0.0238581113277	50.7823296978
glutamine	185.0	0.427	0.087	24	2.15336972574	0.114412088444	107.477573234
glutamine	185.0	0.427	0.087	25	2.15502822922	0.136667033111	-57.4328372747
glutamine	185.0	0.427	0.087	26	2.15542925651	0.00611556934573	236.400956858
glutamine	185.0	0.427	0.087	27	2.15894987717	0.00390206538097	10.6746964888
glutamine	185.0	0.427	0.087	28	2.16411056855	0.00277498648806	134.107247999
glutamine	185.0	0.427	0.087	29	2.17574695392	0.00906902424405	267.264770843
glutamine	185.0	0.427	0.087	30	2.17923162819	0.00393951798682	-54.3821264659
glutamine	185.0	0.427	0.087	31	2.18353662329	0.0109820616948	176.133722312
glutamine	185.0	0.427	0.087	32	2.20359517008	0.00630910010874	170.869547897
glutamine	185.0	0.427	0.087	33	2.36516004221	0.0078213266233	129.766329468
glutamine	185.0	0.427	0.087	34	2.38760663497	0.0109462944774	59.1364609651
glutamine	185.0	0.427	0.087	35	2.3896411896	0.00255463164268	-83.9781697194
glutamine	185.0	0.427	0.087	36	2.38970191648	0.00197733113185	265.169834794
glutamine	185.0	0.427	0.087	37	2.39609645372	0.0026347519699	44.0777497863
glutamine	185.0	0.427	0.087	38	2.39710305104	0.00456211001359	-50.2412222692
glutamine	185.0	0.427	0.087	39	2.41529682544	0.00670149282433	115.146612848
glutamine	185.0	0.427	0.087	40	2.41671220799	0.221549853001	250.012310756
glutamine	185.0	0.427	0.087	41	2.41947016451	0.206514755437	121.715589072
glutamine	185.0	0.427	0.087	42	2.43875550864	0.200736425703	93.6532140818
glutamine	185.0	0.427	0.087	43	2.44153076447	0.0925128787221	128.257887833
glutamine	185.0	0.427	0.087	44	2.44755406031	0.176003933316	-42.6340711797
glutamine	185.0	0.427	0.087	45	2.44851000462	0.154997982218	241.903305686
glutamine	185.0	0.427	0.087	46	2.46685591619	0.158032043811	-59.3713068221
glutamine	185.0	0.427	0.087	47	2.47095923671	0.00645965372476	232.792986323
glutamine	185.0	0.427	0.087	48	2.47096975941	0.00426580131941	136.665331886
glutamine	185.0	0.427	0.087	49	2.473365595	0.159022426568	154.302059305
glutamine	185.0	0.427	0.087	50	2.49309782922	0.00271155071582	102.627925311
glutamine	185.0	0.427	0.087	51	2.49661628183	0.00573305353054	137.788771848
glutamine	185.0	0.427	0.087	52	2.5022961936	0.00797686210519	16.6160799036
glutamine	185.0	0.427	0.087	53	2.52487964337	0.00474658507988	-65.6111265007
glutamine	185.0	0.427	0.087	54	2.52498726484	0.00183425767538	10.7050323792
glutamine	185.0	0.427	0.087	55	3.73243411449	0.219910642126	38.1293075028
glutamine	185.0	0.427	0.087	56	3.75310043689	0.427469467329	-5.82798574545
glutamine	185.0	0.427	0.087	57	3.77384762927	0.2002919411	-61.6974137743
d-glucose-beta	185.0	0.049	0.087	0	3.1326636738	0.00281813876968	35.2908952007
d-glucose-beta	185.0	0.049	0.087	1	3.15846848924	0.000495628874901	267.781536599
d-glucose-beta	185.0	0.049	0.087	2	3.18004933106	0.00182549222484	215.189333612
d-glucose-beta	185.0	0.049	0.087	3	3.18505030401	0.00186081905064	167.398567485
d-glucose-beta	185.0	0.049	0.087	4	3.19507767206	0.00243041877286	110.408171166
d-glucose-beta	185.0	0.049	0.087	5	3.1961011039	0.00266186449288	212.08379924
d-glucose-beta	185.0	0.049	0.087	6	3.19817436453	0.00391996743867	109.107122918
d-glucose-beta	185.0	0.049	0.087	7	3.19858675256	0.0087277341755	182.569045861
d-glucose-beta	185.0	0.049	0.087	8	3.20050144072	0.130051294027	182.043337285
d-glucose-beta	185.0	0.049	0.087	9	3.20251898471	0.0300826332678	93.9805951659
d-glucose-beta	185.0	0.049	0.087	10	3.2045948496	0.00126468054891	-61.8386588528
d-glucose-beta	185.0	0.049	0.087	11	3.20574619607	0.00536840946999	73.8960921759
d-glucose-beta	185.0	0.049	0.087	12	3.20674380763	0.000595027436554	-58.6039883104
d-glucose-beta	185.0	0.049	0.087	13	3.2115885965	0.000430124845908	-54.8549135154
d-glucose-beta	185.0	0.049	0.087	14	3.21199939533	0.00106467043196	25.2953123565
d-glucose-beta	185.0	0.049	0.087	15	3.22183773397	0.00106106212992	-87.5531095103
d-glucose-beta	185.0	0.049	0.087	16	3.22281796337	0.00566896644392	-7.53348755687
d-glucose-beta	185.0	0.049	0.087	17	3.22496277572	0.00145701258475	29.2799254705
d-glucose-beta	185.0	0.049	0.087	18	3.22585703035	0.0217457946321	-42.4863802347
d-glucose-beta	185.0	0.049	0.087	19	3.22729596946	0.121971422786	21.083718043
d-glucose-beta	185.0	0.049	0.087	20	3.2293367655	0.038787921602	-54.3796038195
d-glucose-beta	185.0	0.049	0.087	21	3.22967333419	0.0577090769015	41.0041988947
d-glucose-beta	185.0	0.049	0.087	22	3.23100633078	0.0502300992862	-47.4353071633
d-glucose-beta	185.0	0.049	0.087	23	3.23153789735	0.0152804956933	54.0353765536
d-glucose-beta	185.0	0.049	0.087	24	3.23407886432	0.00543203257038	-53.5534813867
d-glucose-beta	185.0	0.049	0.087	25	3.23412946254	0.00672376532924	6.79214349236
d-glucose-beta	185.0	0.049	0.087	26	3.23715619294	0.00206630543916	-28.965875388
d-glucose-beta	185.0	0.049	0.087	27	3.24492635208	0.00103758463751	-64.8521781719
d-glucose-beta	185.0	0.049	0.087	28	3.24732303237	0.000985693712997	-15.713457115
d-glucose-beta	185.0	0.049	0.087	29	3.25013935444	0.00043601235475	-59.2004812476
d-glucose-beta	185.0	0.049	0.087	30	3.25212820118	0.00105361053264	-30.7287404371
d-glucose-beta	185.0	0.049	0.087	31	3.25252085919	0.00581938950807	120.27608497
d-glucose-beta	185.0	0.049	0.087	32	3.25353451008	0.00932850114243	177.608692528
d-glucose-beta	185.0	0.049	0.087	33	3.2570315238	0.242122750217	170.643318624
d-glucose-beta	185.0	0.049	0.087	34	3.26096189446	0.0164849820718	175.481032814
d-glucose-beta	185.0	0.049	0.087	35	3.26403259453	0.00440730049699	179.202202773
d-glucose-beta	185.0	0.049	0.087	36	3.27183568905	0.000869025454876	123.754093724
d-glucose-beta	185.0	0.049	0.087	37	3.27422061941	0.00216350708442	177.301682074
d-glucose-beta	185.0	0.049	0.087	38	3.27902799907	0.00237043601989	155.528800797
d-glucose-beta	185.0	0.049	0.087	39	3.29449292134	0.000620625515275	173.083733895
d-glucose-beta	185.0	0.049	0.087	40	3.29991681675	0.00241364288665	151.900515591
d-glucose-beta	185.0	0.049	0.087	41	3.30191391454	0.000654661369002	170.065460879
d-glucose-beta	185.0	0.049	0.087	42	3.31850375481	0.000512333916617	-38.2719324893
d-glucose-beta	185.0	0.049	0.087	43	3.32136533538	0.00126692102556	-18.4634319431
d-glucose-beta	185.0	0.049	0.087	44	3.32523744622	0.00128015723458	101.133568222
d-glucose-beta	185.0	0.049	0.087	45	3.32680036515	0.0038788313255	-35.442449582
d-glucose-beta	185.0	0.049	0.087	46	3.32875786796	0.000879397518904	-26.8984683266
d-glucose-beta	185.0	0.049	0.087	47	3.33062168752	0.00129712195469	194.772274622
d-glucose-beta	185.0	0.049	0.087	48	3.33613376928	0.0017820276621	96.7789479659
d-glucose-beta	185.0	0.049	0.087	49	3.34851294528	0.00126553478271	260.626352223
d-glucose-beta	185.0	0.049	0.087	50	3.35080616558	0.0493782894182	-66.3857652353
d-glucose-beta	185.0	0.049	0.087	51	3.35171743445	0.0684803295929	225.184259912
d-glucose-beta	185.0	0.049	0.087	52	3.35164583454	0.0785709386488	238.611519181
d-glucose-beta	185.0	0.049	0.087	53	3.35400254416	0.00122716815551	93.7921917662
d-glucose-beta	185.0	0.049	0.087	54	3.35836212801	0.0058149371056	94.445079762
d-glucose-beta	185.0	0.049	0.087	55	3.36359901463	0.00721634317222	2.78389132538
d-glucose-beta	185.0	0.049	0.087	56	3.37352934251	0.00746734149356	149.354662657
d-glucose-beta	185.0	0.049	0.087	57	3.37410235749	0.0159383238806	-41.6049610535
d-glucose-beta	185.0	0.049	0.087	58	3.37880768853	0.0247986932691	202.72976418
d-glucose-beta	185.0	0.049	0.087	59	3.37888650353	0.0187778375321	172.944876016
d-glucose-beta	185.0	0.049	0.087	60	3.37918182328	0.00798705204552	255.133513696
d-glucose-beta	185.0	0.049	0.087	61	3.38092850394	0.152354415464	26.6248754884
d-glucose-beta	185.0	0.049	0.087	62	3.38096518124	0.00764832383223	154.290233575
d-glucose-beta	185.0	0.049	0.087	63	3.38089592097	0.028315087953	107.840908876
d-glucose-beta	185.0	0.049	0.087	64	3.38228595514	0.0251623641036	-27.5939336542
d-glucose-beta	185.0	0.049	0.087	65	3.38748243753	0.0222513026731	195.696150829
d-glucose-beta	185.0	0.049	0.087	66	3.38762168632	0.014397899737	34.6955401386
d-glucose-beta	185.0	0.049	0.087	67	3.39629399247	0.0145132495444	64.6675515575
d-glucose-beta	185.0	0.049	0.087	68	3.40084027704	0.0182720349858	51.4593584925
d-glucose-beta	185.0	0.049	0.087	69	3.40893505275	0.0595807246707	181.284020591
d-glucose-beta	185.0	0.049	0.087	70	3.41047728373	0.307836948307	107.647730904
d-glucose-beta	185.0	0.049	0.087	71	3.40964204359	0.00582983597402	-36.6906581906
d-glucose-beta	185.0	0.049	0.087	72	3.41467353666	0.0052316773833	-71.6163391183
d-glucose-beta	185.0	0.049	0.087	73	3.4257703006	0.0707231671687	149.405007298
d-glucose-beta	185.0	0.049	0.087	74	3.42570883699	0.00543021741941	264.180714626
d-glucose-beta	185.0	0.049	0.087	75	3.42868061823	0.0451739295101	78.6460768441
d-glucose-beta	185.0	0.049	0.087	76	3.4304805212	0.0059119175874	232.169934684
d-glucose-beta	185.0	0.049	0.087	77	3.43104108904	0.0755195658616	50.6909856162
d-glucose-beta	185.0	0.049	0.087	78	3.43362748855	0.0218796564105	-4.94854914425
d-glucose-beta	185.0	0.049	0.087	79	3.43364513055	0.00143651710486	64.1076819463
d-glucose-beta	185.0	0.049	0.087	80	3.44167040509	0.00088167641622	41.1355653991
d-glucose-beta	185.0	0.049	0.087	81	3.44170895941	0.00128824987952	109.563343162
d-glucose-beta	185.0	0.049	0.087	82	3.44358872903	0.0486865221672	234.061465253
d-glucose-beta	185.0	0.049	0.087	83	3.44433223469	0.0733557666629	101.513114163
d-glucose-beta	185.0	0.049	0.087	84	3.44643133644	0.0603748427583	243.215191612
d-glucose-beta	185.0	0.049	0.087	85	3.44696740657	0.0401923410044	-81.0858921858
d-glucose-beta	185.0	0.049	0.087	86	3.44645448217	0.0195291650542	30.5048914721
d-glucose-beta	185.0	0.049	0.087	87	3.44897527977	0.106626406599	147.17520934
d-glucose-beta	185.0	0.049	0.087	88	3.4501920129	0.00690248734516	262.174001338
d-glucose-beta	185.0	0.049	0.087	89	3.45021711608	0.0124860698118	-77.4533185014
d-glucose-beta	185.0	0.049	0.087	90	3.45036200582	0.0347701621571	-9.47608655896
d-glucose-beta	185.0	0.049	0.087	91	3.4524214823	0.0120962893142	2.23655903908
d-glucose-beta	185.0	0.049	0.087	92	3.45434286527	0.0305032670639	28.4215060818
d-glucose-beta	185.0	0.049	0.087	93	3.45735498492	0.0262950413734	103.594006475
d-glucose-beta	185.0	0.049	0.087	94	3.45908501886	0.00937156499145	234.42690316
d-glucose-beta	185.0	0.049	0.087	95	3.46211030131	0.0256807987918	63.088262681
d-glucose-beta	185.0	0.049	0.087	96	3.46981657063	0.0315318436603	59.9215230505
d-glucose-beta	185.0	0.049	0.087	97	3.47263759073	0.0626036845263	-31.0844796566
d-glucose-beta	185.0	0.049	0.087	98	3.4742924263	0.0129964024131	-70.7814581147
d-glucose-beta	185.0	0.049	0.087	99	3.47582502593	0.124112624158	28.0248056132
d-glucose-beta	185.0	0.049	0.087	100	3.47601118085	0.0143611864603	104.630361589
d-glucose-beta	185.0	0.049	0.087	101	3.47757810336	0.0552817547882	-30.2281169338
d-glucose-beta	185.0	0.049	0.087	102	3.47778591256	0.0379937703193	232.504568595
d-glucose-beta	185.0	0.049	0.087	103	3.4780548191	0.0184418395866	31.2021920801
d-glucose-beta	185.0	0.049	0.087	104	3.47827860678	0.00299919115237	-54.9373153622
d-glucose-beta	185.0	0.049	0.087	105	3.47953369996	0.0618344070614	135.953241119
d-glucose-beta	185.0	0.049	0.087	106	3.47964623138	0.0656970506366	148.905953696
d-glucose-beta	185.0	0.049	0.087	107	3.48049634109	0.000467923995978	-50.2946417812
d-glucose-beta	185.0	0.049	0.087	108	3.48272940413	0.0349838166074	130.82067973
d-glucose-beta	185.0	0.049	0.087	109	3.50590380765	0.0368633868251	194.292812001
d-glucose-beta	185.0	0.049	0.087	110	3.50583652418	0.022692008174	223.43736645
d-glucose-beta	185.0	0.049	0.087	111	3.50795573179	0.1060268343	55.9352766137
d-glucose-beta	185.0	0.049	0.087	112	3.52429306268	0.00171708728874	156.070228149
d-glucose-beta	185.0	0.049	0.087	113	3.52913241933	0.00131356962992	156.942565438
d-glucose-beta	185.0	0.049	0.087	114	3.54033203432	0.00270349627342	114.618076184
d-glucose-beta	185.0	0.049	0.087	115	3.54544833215	0.00305957856253	50.889737764
d-glucose-beta	185.0	0.049	0.087	116	3.55312292266	0.00211699270365	-12.2818935637
d-glucose-beta	185.0	0.049	0.087	117	3.55792032996	0.00115333182035	-60.6445023531
d-glucose-beta	185.0	0.049	0.087	118	3.56900677068	0.000435689065556	-49.3877383379
d-glucose-beta	185.0	0.049	0.087	119	3.57414258485	0.0012396898283	255.064202341
d-glucose-beta	185.0	0.049	0.087	120	3.59576061789	0.00282767031217	53.4881942533
d-glucose-beta	185.0	0.049	0.087	121	3.64223378409	0.00298003051192	243.384404407
d-glucose-beta	185.0	0.049	0.087	122	3.66271972292	0.00132229130764	264.059014005
d-glucose-beta	185.0	0.049	0.087	123	3.67053235747	0.00342890216411	-44.6238265537
d-glucose-beta	185.0	0.049	0.087	124	3.67265558677	0.0150270689179	168.042549606
d-glucose-beta	185.0	0.049	0.087	125	3.67588743549	0.0662883316635	171.666175001
d-glucose-beta	185.0	0.049	0.087	126	3.67959725473	0.0176343617797	171.638891737
d-glucose-beta	185.0	0.049	0.087	127	3.68861466835	0.00975901835005	-34.6292610691
d-glucose-beta	185.0	0.049	0.087	128	3.68980288435	0.0076597959423	-88.5262856202
d-glucose-beta	185.0	0.049	0.087	129	3.69269727909	0.0839246451559	-48.3441386754
d-glucose-beta	185.0	0.049	0.087	130	3.69261485302	0.00979828634064	2.72169154816
d-glucose-beta	185.0	0.049	0.087	131	3.69458812767	0.00705080050064	86.114940246
d-glucose-beta	185.0	0.049	0.087	132	3.69721041033	0.0110117183896	-37.1339147017
d-glucose-beta	185.0	0.049	0.087	133	3.711421908	0.00875898534996	63.0651866092
d-glucose-beta	185.0	0.049	0.087	134	3.7169379863	0.22128821634	114.956362274
d-glucose-beta	185.0	0.049	0.087	135	3.71840875833	0.0375172210107	41.3814619801
d-glucose-beta	185.0	0.049	0.087	136	3.73387391995	0.218586466701	133.282643521
d-glucose-beta	185.0	0.049	0.087	137	3.73829046686	0.00481137103398	-85.6989769582
d-glucose-beta	185.0	0.049	0.087	138	3.74151097938	0.0131519466935	162.157092988
d-glucose-beta	185.0	0.049	0.087	139	3.78126039043	0.00456044226833	-58.1616348389
d-glucose-beta	185.0	0.049	0.087	140	3.80823200652	0.00175482731931	11.8290503754
d-glucose-beta	185.0	0.049	0.087	141	3.85598398501	0.00788163258078	118.651490981
d-glucose-beta	185.0	0.049	0.087	142	3.85788334852	0.0114420528493	109.182359953
d-glucose-beta	185.0	0.049	0.087	143	3.86109656598	0.234932103789	83.6268656871
d-glucose-beta	185.0	0.049	0.087	144	3.86385114477	0.114639258738	45.4514172761
d-glucose-beta	185.0	0.049	0.087	145	3.86641209284	0.242926893819	-1.65798974118
d-glucose-beta	185.0	0.049	0.087	146	3.8695047385	0.0117222755289	-18.1100669378
d-glucose-beta	185.0	0.049	0.087	147	3.87183246594	0.00706282208527	-35.9066864702
d-glucose-beta	185.0	0.049	0.087	148	3.90249116396	0.119351691985	-9.57473700869
d-glucose-beta	185.0	0.049	0.087	149	3.90301647878	0.013205717096	-62.1068292715
d-glucose-beta	185.0	0.049	0.087	150	3.90766739409	0.111114403317	204.349409647
d-glucose-beta	185.0	0.049	0.087	151	4.61671999982	0.36208100862	263.000587006
d-glucose-beta	185.0	0.049	0.087	152	4.61673890541	0.160944711202	-88.3467451634
d-glucose-beta	185.0	0.049	0.087	153	4.64353027412	0.401913708465	93.3161140914
glutathione_glycine	185.0	0.194	0.087	0	3.769	1.98987573024	-8.41078813908
glutathione_glutamate	185.0	0.194	0.087	0	2.06336829863	0.00265900240461	249.571766351
glutathione_glutamate	185.0	0.194	0.087	1	2.08480357034	0.0017926290125	194.974839499
glutathione_glutamate	185.0	0.194	0.087	2	2.08809423186	0.00704160543208	141.839249846
glutathione_glutamate	185.0	0.194	0.087	3	2.10960002534	0.00662791495122	74.8352899364
glutathione_glutamate	185.0	0.194	0.087	4	2.11281857509	0.00393583715147	26.7006998858
glutathione_glutamate	185.0	0.194	0.087	5	2.11536997153	0.0402515327554	36.5968830933
glutathione_glutamate	185.0	0.194	0.087	6	2.11861561635	0.0552072693487	-33.0808357718
glutathione_glutamate	185.0	0.194	0.087	7	2.13432941101	0.00564407167803	-30.9944182394
glutathione_glutamate	185.0	0.194	0.087	8	2.13679450303	0.043785829878	-35.1865564538
glutathione_glutamate	185.0	0.194	0.087	9	2.1400293413	0.180147396283	-80.9907797184
glutathione_glutamate	185.0	0.194	0.087	10	2.14073882167	0.139163177304	224.756938067
glutathione_glutamate	185.0	0.194	0.087	11	2.14268703687	0.0759095110271	198.430679344
glutathione_glutamate	185.0	0.194	0.087	12	2.1614407791	0.155824768808	210.821028909
glutathione_glutamate	185.0	0.194	0.087	13	2.16240310417	0.0824617378664	141.139455289
glutathione_glutamate	185.0	0.194	0.087	14	2.16438864586	0.164874124613	145.901220122
glutathione_glutamate	185.0	0.194	0.087	15	2.16522518522	0.100893033946	94.4784172698
glutathione_glutamate	185.0	0.194	0.087	16	2.17061728925	0.00256497351696	91.8602149659
glutathione_glutamate	185.0	0.194	0.087	17	2.18629914611	0.133206554314	141.150035384
glutathione_glutamate	185.0	0.194	0.087	18	2.18636019105	0.094762061254	47.6932198428
glutathione_glutamate	185.0	0.194	0.087	19	2.19224707726	0.00663201761101	10.7072810318
glutathione_glutamate	185.0	0.194	0.087	20	2.19480388619	0.00340375946675	-8.70545618342
glutathione_glutamate	185.0	0.194	0.087	21	2.21425298712	0.00317649212054	-62.3832440577
glutathione_glutamate	185.0	0.194	0.087	22	2.21660300274	0.0113644355678	237.243875205
glutathione_glutamate	185.0	0.194	0.087	23	2.23832992615	0.00180372233025	226.964776377
glutathione_glutamate	185.0	0.194	0.087	24	2.44896494995	0.0355166800075	-30.8567067659
glutathione_glutamate	185.0	0.194	0.087	25	2.47132755466	0.0344280157937	214.168253698
glutathione_glutamate	185.0	0.194	0.087	26	2.47337933107	0.0312715147881	180.019244122
glutathione_glutamate	185.0	0.194	0.087	27	2.49587963738	0.029394206072	61.939157877
glutathione_glutamate	185.0	0.194	0.087	28	2.50242490745	0.259484264753	-48.8046290957
glutathione_glutamate	185.0	0.194	0.087	29	2.52108967927	0.215520969924	-71.4909940499
glutathione_glutamate	185.0	0.194	0.087	30	2.52487860926	0.195648331149	216.222952304
glutathione_glutamate	185.0	0.194	0.087	31	2.5267631863	0.167408068072	211.500796337
glutathione_glutamate	185.0	0.194	0.087	32	2.54566320404	0.374173806183	190.043705267
glutathione_glutamate	185.0	0.194	0.087	33	2.54935530015	0.15019796391	104.879061077
glutathione_glutamate	185.0	0.194	0.087	34	2.57018894782	0.148529416596	71.4440113939
glutathione_glutamate	185.0	0.194	0.087	35	2.57454699418	0.0316058829609	-41.4566299498
glutathione_glutamate	185.0	0.194	0.087	36	2.5991465977	0.0675960335458	189.21975684
glutathione_glutamate	185.0	0.194	0.087	37	2.62366402412	0.0311170600847	86.9100067724
glutathione_glutamate	185.0	0.194	0.087	38	3.74782100574	0.246200145034	45.0582729764
glutathione_glutamate	185.0	0.194	0.087	39	3.76913017859	0.464030241911	-5.33679909125
glutathione_glutamate	185.0	0.194	0.087	40	3.79046651159	0.244323808342	-69.1634420166
glutathione_cysteine	185.0	0.194	0.087	0	2.88158786835	0.114689952204	246.263801929
glutathione_cysteine	185.0	0.194	0.087	1	2.90438113802	0.0787524177554	224.613111488
glutathione_cysteine	185.0	0.194	0.087	2	2.92889438817	0.356016914075	82.81902478
glutathione_cysteine	185.0	0.194	0.087	3	2.95168765785	0.426017404357	19.3739886929
glutathione_cysteine	185.0	0.194	0.087	4	2.95222786887	0.358300225898	-50.189791131
glutathione_cysteine	185.0	0.194	0.087	5	2.96913681216	0.427107444511	-49.3882319595
glutathione_cysteine	185.0	0.194	0.087	6	2.9995343887	0.120550305132	142.882187261
glutathione_cysteine	185.0	0.194	0.087	7	3.01644333198	0.0718825159931	106.561949721
glutathione_cysteine	185.0	0.194	0.087	8	4.54107552999	0.253333218948	28.3126678048
glutathione_cysteine	185.0	0.194	0.087	9	4.55798447328	0.23905817089	20.8067627312
glutathione_cysteine	185.0	0.194	0.087	10	4.56386879967	0.229849094744	-25.5456666337
glutathione_cysteine	185.0	0.194	0.087	11	4.58077774296	0.235482968265	-32.0108996282
glycine	185.0	0.068	0.087	0	3.548	1.99268689155	-8.59302292891
gpc_N(CH3)3_b	185.0	0.097	0.121	0	3.21008187989	1.65383568837	-6.62169829789
gpc_N(CH3)3_b	185.0	0.097	0.121	1	3.21199956081	0.213326789393	-34.2177001947
gpc_N(CH3)3_b	185.0	0.097	0.121	2	3.21199956074	0.330682893215	-4.73929516596
gpc_N(CH3)3_b	185.0	0.097	0.121	3	3.21199956071	0.111057034721	199.309826996
gpc_N(CH3)3_b	185.0	0.097	0.121	4	3.2119995607	0.069721877506	101.476675775
gpc_N(CH3)3_b	185.0	0.097	0.121	5	3.21199956116	0.0288028760768	177.015655722
gpc_N(CH3)3_b	185.0	0.097	0.121	6	3.21391769601	0.592955640455	-9.48855600721
gpc_N(CH3)3_b	185.0	0.097	0.121	7	3.21391736911	0.058760962621	117.657833663
gpc_N(CH3)3_b	185.0	0.097	0.121	8	3.21391752612	0.0231459381106	183.817804627
gpc_N(CH3)3_b	185.0	0.097	0.121	9	3.21391786799	0.50172090879	-1.34058639191
gpc_N(CH3)3_b	185.0	0.097	0.121	10	3.21391808969	0.0149445830434	253.80438832
gpc_N(CH3)3_a	185.0	0.097	0.121	0	3.2100818801	1.32303643494	-6.62169977759
gpc_N(CH3)3_a	185.0	0.097	0.121	1	3.21199956058	0.179987339244	133.503093807
gpc_N(CH3)3_a	185.0	0.097	0.121	2	3.21199956074	0.0186457917641	-46.7711810419
gpc_N(CH3)3_a	185.0	0.097	0.121	3	3.21199956083	0.0550195027825	72.3602380146
gpc_N(CH3)3_a	185.0	0.097	0.121	4	3.21199956116	0.0742308356056	233.133781193
gpc_N(CH3)3_a	185.0	0.097	0.121	5	3.21199956071	0.023189767933	-80.2746207865
gpc_N(CH3)3_a	185.0	0.097	0.121	6	3.21199956119	0.0696646144717	228.957080647
gpc_N(CH3)3_a	185.0	0.097	0.121	7	3.21391722271	0.148193266775	-61.2122631854
gpc_N(CH3)3_a	185.0	0.097	0.121	8	3.21391757323	0.0729267293188	10.147420962
gpc_N(CH3)3_a	185.0	0.097	0.121	9	3.21391787124	0.0773138460467	193.224774028
gpc_N(CH3)3_a	185.0	0.097	0.121	10	3.21391801492	0.201379728857	124.336647152
gpc_N(CH3)3_a	185.0	0.097	0.121	11	3.21391746116	0.0390139186245	264.379810413
gpc_7-CH2_8-CH2	185.0	0.097	0.087	0	3.59557808424	0.00099592356055	265.967099538
gpc_7-CH2_8-CH2	185.0	0.097	0.087	1	3.64349974442	0.0727048658222	266.521629351
gpc_7-CH2_8-CH2	185.0	0.097	0.087	2	3.64370742735	0.288210804733	-63.0266807064
gpc_7-CH2_8-CH2	185.0	0.097	0.087	3	3.64350840162	0.0169659034242	145.010659608
gpc_7-CH2_8-CH2	185.0	0.097	0.087	4	3.65425515302	0.21736555796	79.5773419021
gpc_7-CH2_8-CH2	185.0	0.097	0.087	5	3.65426141523	0.0696832811695	86.9502355974
gpc_7-CH2_8-CH2	185.0	0.097	0.087	6	3.65841314942	0.247906734377	2.78405271814
gpc_7-CH2_8-CH2	185.0	0.097	0.087	7	3.65828141363	0.00761749156522	72.3522186698
gpc_7-CH2_8-CH2	185.0	0.097	0.087	8	3.65901741713	0.216776447437	-41.5250525831
gpc_7-CH2_8-CH2	185.0	0.097	0.087	9	3.65901798398	0.0117755145054	186.326028029
gpc_7-CH2_8-CH2	185.0	0.097	0.087	10	3.6636766645	0.218325020931	261.335793119
gpc_7-CH2_8-CH2	185.0	0.097	0.087	11	3.66367526357	0.0152252510611	207.053868484
gpc_7-CH2_8-CH2	185.0	0.097	0.087	12	3.67393458212	0.431449198573	58.212866125
gpc_7-CH2_8-CH2	185.0	0.097	0.087	13	3.67379101706	0.0105908262197	198.916147632
gpc_7-CH2_8-CH2	185.0	0.097	0.087	14	3.6740962265	0.0125389634414	120.704088313
gpc_7-CH2_8-CH2	185.0	0.097	0.087	15	3.72172131336	0.00127920694572	-66.2136676519
gpc_7-CH2_8-CH2	185.0	0.097	0.087	16	4.25043423145	0.00131938802375	95.0206124214
gpc_7-CH2_8-CH2	185.0	0.097	0.087	17	4.27794154693	0.0839382382506	-73.7938764755
gpc_7-CH2_8-CH2	185.0	0.097	0.087	18	4.28691318326	0.0855440902915	-73.6768999907
gpc_7-CH2_8-CH2	185.0	0.097	0.087	19	4.28818766407	0.0431507092251	82.6378984143
gpc_7-CH2_8-CH2	185.0	0.097	0.087	20	4.29284729798	0.0409253863046	30.2233580751
gpc_7-CH2_8-CH2	185.0	0.097	0.087	21	4.29360224964	0.0438506387055	-29.6995026298
gpc_7-CH2_8-CH2	185.0	0.097	0.087	22	4.29589581525	0.0869816138493	-72.256576999
gpc_7-CH2_8-CH2	185.0	0.097	0.087	23	4.29737081511	0.0520658928979	81.0519285865
gpc_7-CH2_8-CH2	185.0	0.097	0.087	24	4.29760893564	0.0396420562316	269.095003096
gpc_7-CH2_8-CH2	185.0	0.097	0.087	25	4.29805931831	0.0245036760572	-12.2090962391
gpc_7-CH2_8-CH2	185.0	0.097	0.087	26	4.30182649246	0.0429397516642	32.2535229517
gpc_7-CH2_8-CH2	185.0	0.097	0.087	27	4.30256957258	0.0407659108771	-27.8960955991
gpc_7-CH2_8-CH2	185.0	0.097	0.087	28	4.30615438911	0.0429291224395	84.1224606814
gpc_7-CH2_8-CH2	185.0	0.097	0.087	29	4.30658673879	0.0397048042805	269.096606912
gpc_7-CH2_8-CH2	185.0	0.097	0.087	30	4.30718875193	0.0873947549674	-69.2142485677
gpc_7-CH2_8-CH2	185.0	0.097	0.087	31	4.30822601991	0.07340098958	64.4858514289
gpc_7-CH2_8-CH2	185.0	0.097	0.087	32	4.30847594366	0.00501403207749	4.66859522914
gpc_7-CH2_8-CH2	185.0	0.097	0.087	33	4.3108169205	0.0441534516673	31.7442057157
gpc_7-CH2_8-CH2	185.0	0.097	0.087	34	4.3115480879	0.0388352122353	-24.6584529396
gpc_7-CH2_8-CH2	185.0	0.097	0.087	35	4.31313171859	0.00325327780796	-74.649091561
gpc_7-CH2_8-CH2	185.0	0.097	0.087	36	4.31387413118	0.00685368826157	110.557178307
gpc_7-CH2_8-CH2	185.0	0.097	0.087	37	4.31557564822	0.0399174861696	268.164883195
gpc_7-CH2_8-CH2	185.0	0.097	0.087	38	4.31617469029	0.0860348932543	-66.1615993843
gpc_7-CH2_8-CH2	185.0	0.097	0.087	39	4.31729047575	0.109905197227	70.7010982246
gpc_7-CH2_8-CH2	185.0	0.097	0.087	40	4.31789718603	0.00853270303783	-19.4458260214
gpc_7-CH2_8-CH2	185.0	0.097	0.087	41	4.31789720277	0.0160064822169	234.60020715
gpc_7-CH2_8-CH2	185.0	0.097	0.087	42	4.3224531215	0.0836735736313	5.28125333083
gpc_7-CH2_8-CH2	185.0	0.097	0.087	43	4.32627653679	0.110479818281	69.0293248695
gpc_7-CH2_8-CH2	185.0	0.097	0.087	44	4.32687501785	0.0403237416997	266.057146889
gpc_7-CH2_8-CH2	185.0	0.097	0.087	45	4.32852191049	0.0251184659921	132.533758638
gpc_7-CH2_8-CH2	185.0	0.097	0.087	46	4.33144810085	0.0851176290997	2.72485558459
gpc_7-CH2_8-CH2	185.0	0.097	0.087	47	4.33586397748	0.0406859650799	264.109665693
gpc_7-CH2_8-CH2	185.0	0.097	0.087	48	4.3374669208	0.0713323830309	53.0299012985
gpc_7-CH2_8-CH2	185.0	0.097	0.087	49	4.34645053741	0.0746270327813	51.27216791
gpc_7-CH2_8-CH2	185.0	0.097	0.087	50	4.37657161832	0.00133024028777	227.998062536
gpc_glycerol	185.0	0.097	0.087	0	3.53712165309	0.00269685159298	158.803640649
gpc_glycerol	185.0	0.097	0.087	1	3.54410022421	0.00182228083441	63.7457587133
gpc_glycerol	185.0	0.097	0.087	2	3.54638811193	0.001985465766	161.655765791
gpc_glycerol	185.0	0.097	0.087	3	3.54917396702	0.00504891602842	-58.2606224258
gpc_glycerol	185.0	0.097	0.087	4	3.56198547251	0.0423757927233	-22.977228011
gpc_glycerol	185.0	0.097	0.087	5	3.56195680384	0.018436241954	115.480395439
gpc_glycerol	185.0	0.097	0.087	6	3.56463347212	0.0165015735152	-35.064059379
gpc_glycerol	185.0	0.097	0.087	7	3.56574445655	0.0093340624201	20.8287083259
gpc_glycerol	185.0	0.097	0.087	8	3.57022110941	0.0243725645507	129.69007259
gpc_glycerol	185.0	0.097	0.087	9	3.57306069317	0.0199231752873	153.440502084
gpc_glycerol	185.0	0.097	0.087	10	3.57771069694	0.0084302927178	-46.9538979007
gpc_glycerol	185.0	0.097	0.087	11	3.57849802279	0.0178526425749	116.897973501
gpc_glycerol	185.0	0.097	0.087	12	3.58107823257	0.0110707413636	229.55823145
gpc_glycerol	185.0	0.097	0.087	13	3.58115717219	0.012836675812	142.935295219
gpc_glycerol	185.0	0.097	0.087	14	3.58128350017	0.0190536857121	17.4130517185
gpc_glycerol	185.0	0.097	0.087	15	3.58128351126	0.00961623179554	-42.9043926252
gpc_glycerol	185.0	0.097	0.087	16	3.59420207348	0.00396524436194	-87.4666337183
gpc_glycerol	185.0	0.097	0.087	17	3.59467422935	0.0065286109691	176.086373332
gpc_glycerol	185.0	0.097	0.087	18	3.59651531052	0.00923357644241	85.647095518
gpc_glycerol	185.0	0.097	0.087	19	3.59935492928	0.00177077080242	79.760685623
gpc_glycerol	185.0	0.097	0.087	20	3.60600984182	0.00309625073591	265.427358466
gpc_glycerol	185.0	0.097	0.087	21	3.6116156128	0.0304541912506	48.957920791
gpc_glycerol	185.0	0.097	0.087	22	3.61161569591	0.00284577738696	98.9947480607
gpc_glycerol	185.0	0.097	0.087	23	3.6116943004	0.0271542640524	-28.8582198443
gpc_glycerol	185.0	0.097	0.087	24	3.61351022951	0.0145785505719	178.152754854
gpc_glycerol	185.0	0.097	0.087	25	3.61716702625	0.0490405015831	-54.3126315113
gpc_glycerol	185.0	0.097	0.087	26	3.61942412374	0.00146183934836	22.659620396
gpc_glycerol	185.0	0.097	0.087	27	3.62479239281	0.025985007358	235.69164078
gpc_glycerol	185.0	0.097	0.087	28	3.6251028457	0.0110769732388	-34.6081144744
gpc_glycerol	185.0	0.097	0.087	29	3.62612395938	0.031035460165	90.5977754094
gpc_glycerol	185.0	0.097	0.087	30	3.62946196858	0.00656298178011	257.657266825
gpc_glycerol	185.0	0.097	0.087	31	3.63015909823	0.00395848315887	-45.781986791
gpc_glycerol	185.0	0.097	0.087	32	3.63083540295	0.0441963618434	69.3371662518
gpc_glycerol	185.0	0.097	0.087	33	3.63098156722	0.0507923872332	26.0744514093
gpc_glycerol	185.0	0.097	0.087	34	3.63312277017	0.00227329276765	214.394212063
gpc_glycerol	185.0	0.097	0.087	35	3.64733118077	0.0502142348716	-64.9638294222
gpc_glycerol	185.0	0.097	0.087	36	3.64752665268	0.0322706992414	228.044292253
gpc_glycerol	185.0	0.097	0.087	37	3.64766382201	0.00797050893002	124.575898458
gpc_glycerol	185.0	0.097	0.087	38	3.64798114374	0.00922009525202	29.7921347117
gpc_glycerol	185.0	0.097	0.087	39	3.64970037396	0.0383861876965	203.205485986
gpc_glycerol	185.0	0.097	0.087	40	3.65340951016	0.0391455822966	83.6198327629
gpc_glycerol	185.0	0.097	0.087	41	3.6568299803	0.0240048085031	42.521965366
gpc_glycerol	185.0	0.097	0.087	42	3.65713142765	0.0143125230268	130.260345167
gpc_glycerol	185.0	0.097	0.087	43	3.65974614565	0.00914242255031	-47.3329878689
gpc_glycerol	185.0	0.097	0.087	44	3.66080049344	0.0272068159015	42.1367310656
gpc_glycerol	185.0	0.097	0.087	45	3.66272244629	0.074197735154	-13.964484721
gpc_glycerol	185.0	0.097	0.087	46	3.66273748531	0.0470958103547	72.492433805
gpc_glycerol	185.0	0.097	0.087	47	3.67721533164	0.0072176898226	259.849008147
gpc_glycerol	185.0	0.097	0.087	48	3.67781424085	0.000859252462736	60.4844491721
gpc_glycerol	185.0	0.097	0.087	49	3.67981377829	0.0121113886407	99.2613861578
gpc_glycerol	185.0	0.097	0.087	50	3.68128719493	0.00322079172837	47.4006610217
gpc_glycerol	185.0	0.097	0.087	51	3.69071041699	0.00270958089836	191.295200618
gpc_glycerol	185.0	0.097	0.087	52	3.69715682445	0.0210161032282	-44.216266754
gpc_glycerol	185.0	0.097	0.087	53	3.6971879322	0.0208810587954	198.124761054
gpc_glycerol	185.0	0.097	0.087	54	3.69794456266	0.0134876865574	85.0238566053
gpc_glycerol	185.0	0.097	0.087	55	3.70064618949	0.0170759486339	229.456158737
gpc_glycerol	185.0	0.097	0.087	56	3.70227544833	0.0134739724972	201.916383799
gpc_glycerol	185.0	0.097	0.087	57	3.70709486346	0.0140217197523	175.557524281
gpc_glycerol	185.0	0.097	0.087	58	3.7090044704	0.0244010320375	34.739034731
gpc_glycerol	185.0	0.097	0.087	59	3.71234784752	0.0458685350454	8.8939927427
gpc_glycerol	185.0	0.097	0.087	60	3.71219148913	0.00304936943609	222.657906521
gpc_glycerol	185.0	0.097	0.087	61	3.71249515818	0.0100818314039	89.4575894585
gpc_glycerol	185.0	0.097	0.087	62	3.72996629265	0.00388479175302	46.6650296972
gpc_glycerol	185.0	0.097	0.087	63	3.73045811385	0.00216555007684	193.46816567
gpc_glycerol	185.0	0.097	0.087	64	3.73175213004	0.00211235864096	88.3991652076
gpc_glycerol	185.0	0.097	0.087	65	3.74500470696	0.00140342266696	-34.0620480637
gpc_glycerol	185.0	0.097	0.087	66	3.79209022585	0.00507676413028	214.203284592
gpc_glycerol	185.0	0.097	0.087	67	3.80401456621	0.00676745311875	12.2326666974
gpc_glycerol	185.0	0.097	0.087	68	3.80650602466	0.00675390900448	-38.1870146816
gpc_glycerol	185.0	0.097	0.087	69	3.81232143238	0.0154981080171	186.988895629
gpc_glycerol	185.0	0.097	0.087	70	3.8219021502	0.0149707544284	90.4917310506
gpc_glycerol	185.0	0.097	0.087	71	3.8236775389	0.00427405071347	242.29927918
gpc_glycerol	185.0	0.097	0.087	72	3.82533546253	0.0104282412929	189.603070472
gpc_glycerol	185.0	0.097	0.087	73	3.826891376	0.0110303449101	213.037658837
gpc_glycerol	185.0	0.097	0.087	74	3.83616839228	0.00302476588341	6.26822210245
gpc_glycerol	185.0	0.097	0.087	75	3.8372244624	0.0118540153012	265.103439117
gpc_glycerol	185.0	0.097	0.087	76	3.83749911417	0.0347873643572	98.0958936893
gpc_glycerol	185.0	0.097	0.087	77	3.84026356605	0.00922728900854	61.1419941634
gpc_glycerol	185.0	0.097	0.087	78	3.84158553945	0.00610476573991	-30.3252783753
gpc_glycerol	185.0	0.097	0.087	79	3.84208833958	0.0109862948968	214.720302859
gpc_glycerol	185.0	0.097	0.087	80	3.84532177124	0.00778234666767	57.0561416127
gpc_glycerol	185.0	0.097	0.087	81	3.85718276851	0.00477119563719	76.1780653831
gpc_glycerol	185.0	0.097	0.087	82	3.85727787833	0.00236810353743	-13.9895757309
gpc_glycerol	185.0	0.097	0.087	83	3.85757206956	0.0316791481124	239.719164982
gpc_glycerol	185.0	0.097	0.087	84	3.86300425293	0.0355125985522	-17.6972389448
gpc_glycerol	185.0	0.097	0.087	85	3.86362325475	0.00276669860661	202.086955113
gpc_glycerol	185.0	0.097	0.087	86	3.86528117596	0.0308145121023	-13.1787307371
gpc_glycerol	185.0	0.097	0.087	87	3.86663394259	0.00140790409717	237.557881589
gpc_glycerol	185.0	0.097	0.087	88	3.87259474796	0.0376393897141	-16.2491435966
gpc_glycerol	185.0	0.097	0.087	89	3.87428733466	0.0555218017999	154.142948163
gpc_glycerol	185.0	0.097	0.087	90	3.87711040454	0.00100996717829	13.5474933687
gpc_glycerol	185.0	0.097	0.087	91	3.88014930752	0.0590274760577	-11.0718948297
gpc_glycerol	185.0	0.097	0.087	92	3.88053700844	0.0181494264157	255.817965346
gpc_glycerol	185.0	0.097	0.087	93	3.88267873654	0.00507714480855	174.061788497
gpc_glycerol	185.0	0.097	0.087	94	3.88504855277	0.028531668729	165.05824684
gpc_glycerol	185.0	0.097	0.087	95	3.88542453394	0.00194924245369	58.0337928407
gpc_glycerol	185.0	0.097	0.087	96	3.89008734653	0.0624813255296	233.424977658
gpc_glycerol	185.0	0.097	0.087	97	3.89034115273	0.0441729045195	2.77913918378
gpc_glycerol	185.0	0.097	0.087	98	3.89069404916	0.00932436043515	151.907913044
gpc_glycerol	185.0	0.097	0.087	99	3.89318642604	0.0747095963087	215.597610705
gpc_glycerol	185.0	0.097	0.087	100	3.89413819128	0.0232673063822	108.345601771
gpc_glycerol	185.0	0.097	0.087	101	3.89508942285	0.126955421993	-6.13122347785
gpc_glycerol	185.0	0.097	0.087	102	3.89546617716	0.0103797418436	171.160206059
gpc_glycerol	185.0	0.097	0.087	103	3.89821850678	0.0221014745659	56.124458368
gpc_glycerol	185.0	0.097	0.087	104	3.90022003679	0.0237997175537	90.1930849437
gpc_glycerol	185.0	0.097	0.087	105	3.90015599439	0.00959670895858	254.984635051
gpc_glycerol	185.0	0.097	0.087	106	3.90037086496	0.0504436473285	1.59175587273
gpc_glycerol	185.0	0.097	0.087	107	3.90214892106	0.0018017023312	211.704023155
gpc_glycerol	185.0	0.097	0.087	108	3.90248450543	0.0184132984156	99.1883112236
gpc_glycerol	185.0	0.097	0.087	109	3.90240667232	0.0508103321192	-43.864411708
gpc_glycerol	185.0	0.097	0.087	110	3.90413724061	0.0116069304863	222.628421307
gpc_glycerol	185.0	0.097	0.087	111	3.90438530917	0.00203263633277	103.644449297
gpc_glycerol	185.0	0.097	0.087	112	3.90665754566	0.0430822657912	-7.09282884685
gpc_glycerol	185.0	0.097	0.087	113	3.90801031229	0.00540684437142	236.132355413
gpc_glycerol	185.0	0.097	0.087	114	3.90965106595	0.00543024239508	-79.6780395409
gpc_glycerol	185.0	0.097	0.087	115	3.91105194497	0.00916757302484	62.8952278933
gpc_glycerol	185.0	0.097	0.087	116	3.91221973518	0.0518916748903	128.754269389
gpc_glycerol	185.0	0.097	0.087	117	3.91411700182	0.00686705908733	240.175831177
gpc_glycerol	185.0	0.097	0.087	118	3.91465503985	0.0718687561832	101.818778884
gpc_glycerol	185.0	0.097	0.087	119	3.91541106785	0.00287281525351	28.7615663105
gpc_glycerol	185.0	0.097	0.087	120	3.91632072121	0.0329048813828	266.203724246
gpc_glycerol	185.0	0.097	0.087	121	3.91668853709	0.00744126302839	156.44988813
gpc_glycerol	185.0	0.097	0.087	122	3.91926491916	0.0069253012969	193.126150642
gpc_glycerol	185.0	0.097	0.087	123	3.91948983091	0.0068793709002	249.051857194
gpc_glycerol	185.0	0.097	0.087	124	3.91981509692	0.00893884182881	-76.2271484253
gpc_glycerol	185.0	0.097	0.087	125	3.92062205819	0.0573238040216	20.8835861898
gpc_glycerol	185.0	0.097	0.087	126	3.92289474656	0.0217791482616	-82.6967025255
gpc_glycerol	185.0	0.097	0.087	127	3.92402181406	0.0656183589198	248.777848858
gpc_glycerol	185.0	0.097	0.087	128	3.92430452189	0.0127468304931	142.820022281
gpc_glycerol	185.0	0.097	0.087	129	3.92702354205	0.00448677348346	-1.38389517826
gpc_glycerol	185.0	0.097	0.087	130	3.93018278932	0.0306342713562	3.31574742636
gpc_glycerol	185.0	0.097	0.087	131	3.9317433281	0.04443655166	-33.1101218773
gpc_glycerol	185.0	0.097	0.087	132	3.93403957493	0.0211315232781	-28.0979510575
gpc_glycerol	185.0	0.097	0.087	133	3.9436993067	0.0237685220076	167.485564849
gpc_glycerol	185.0	0.097	0.087	134	3.94594586238	0.00891812580578	-21.4668749254
gpc_glycerol	185.0	0.097	0.087	135	3.94772747455	0.0086318164073	96.5062217009
gpc_glycerol	185.0	0.097	0.087	136	3.94883026999	0.0101429053845	181.705262964
gpc_glycerol	185.0	0.097	0.087	137	3.94993119394	0.00375028674559	-70.1713942104
gpc_glycerol	185.0	0.097	0.087	138	3.95034989145	0.00585825732351	256.69241535
gpc_glycerol	185.0	0.097	0.087	139	3.95350400826	0.00766790630135	-0.382628220705
gpc_glycerol	185.0	0.097	0.087	140	3.95753847857	0.00342746506832	152.07915621
gpc_glycerol	185.0	0.097	0.087	141	3.96065382964	0.0276678549367	252.231454138
gpc_glycerol	185.0	0.097	0.087	142	3.96078955527	0.0193002519658	-0.134339596328
gpc_glycerol	185.0	0.097	0.087	143	3.96555307488	0.00517326190276	217.136255778
gpc_glycerol	185.0	0.097	0.087	144	3.97116904405	0.016748104549	111.954724979
gpc_glycerol	185.0	0.097	0.087	145	3.97308864282	0.0292552068666	232.104167692
gpc_glycerol	185.0	0.097	0.087	146	3.9809075168	0.0125886130278	-55.3174129249
gpc_glycerol	185.0	0.097	0.087	147	3.98098165793	0.00694323974859	59.0151593517
gpc_glycerol	185.0	0.097	0.087	148	3.98313880554	0.00336697491066	111.206349156
gpc_glycerol	185.0	0.097	0.087	149	3.98536453393	0.0116452811676	0.306700901799
gpc_glycerol	185.0	0.097	0.087	150	3.98842450408	0.0057244515577	176.416897424
gpc_glycerol	185.0	0.097	0.087	151	3.99085659676	0.0104668027909	31.8315597896
gpc_glycerol	185.0	0.097	0.087	152	3.99829034924	0.00424830853337	14.3860847473
gpc_glycerol	185.0	0.097	0.087	153	4.00215909148	0.0102425383358	-6.41823723902
gpc_glycerol	185.0	0.097	0.087	154	4.0065617582	0.00638797594031	245.345872767
gpc_glycerol	185.0	0.097	0.087	155	4.00824283197	0.00455084834433	76.922933316
gpc_glycerol	185.0	0.097	0.087	156	4.0148140493	0.00304676363883	125.659685988
gpc_glycerol	185.0	0.097	0.087	157	4.01782892618	0.00268003370329	136.977111573
naa_aspartate	185.0	1.0	0.069	0	2.42994703579	0.09665955427	134.830079385
naa_aspartate	185.0	1.0	0.069	1	2.46264915995	0.0729414617307	-27.0514437631
naa_aspartate	185.0	1.0	0.069	2	2.48240741902	0.331852788533	165.456493572
naa_aspartate	185.0	1.0	0.069	3	2.51510945486	0.380562527574	247.887420509
naa_aspartate	185.0	1.0	0.069	4	2.63340731798	0.325888741758	-39.6990309491
naa_aspartate	185.0	1.0	0.069	5	2.64673837994	0.389395279837	53.1887371638
naa_aspartate	185.0	1.0	0.069	6	2.68586756145	0.115584984129	-13.5910460776
naa_aspartate	185.0	1.0	0.069	7	2.69919858722	0.0498791793127	-30.6729151485
naa_aspartate	185.0	1.0	0.069	8	4.33805226897	0.133980201806	-65.6055956168
naa_aspartate	185.0	1.0	0.069	9	4.3513830937	0.104373447843	21.7161470321
naa_aspartate	185.0	1.0	0.069	10	4.35958461114	0.123192032367	243.868613474
naa_aspartate	185.0	1.0	0.069	11	4.3707545707	0.0973988087908	25.8458115849
naa_aspartate	185.0	1.0	0.069	12	4.37291590033	0.109798272063	-33.7063018295
naa_aspartate	185.0	1.0	0.069	13	4.38408539298	0.110957625456	115.473171027
naa_aspartate	185.0	1.0	0.069	14	4.39228650928	0.121886502249	-39.5112755451
naa_aspartate	185.0	1.0	0.069	15	4.40561779602	0.105352985898	56.7608335598
naa_acetyl	185.0	1.0	0.13	0	2.008	1.80542219717	38.8106040083
lactate	185.0	0.039	0.087	0	1.30248887148	1.22240965759	156.6315716
lactate	185.0	0.039	0.087	1	1.32582228864	0.222473747544	182.214051987
lactate	185.0	0.039	0.087	2	4.06255628652	0.0620498794981	-50.1749595005
lactate	185.0	0.039	0.087	3	4.08582594789	0.250465875016	213.272345125
lactate	185.0	0.039	0.087	4	4.10915132872	0.247602898805	122.178419747
lactate	185.0	0.039	0.087	5	4.13253700483	0.0843857457585	25.6914280303
myoinositol	185.0	0.578	0.087	0	3.14666717957	0.000838635031063	268.485568302
myoinositol	185.0	0.578	0.087	1	3.15673462251	0.00181888190575	166.40929587
myoinositol	185.0	0.578	0.087	2	3.15781210593	0.000962374750109	98.6388158796
myoinositol	185.0	0.578	0.087	3	3.18741791926	0.00191509405248	28.7547459137
myoinositol	185.0	0.578	0.087	4	3.23561467961	0.0583497612412	-63.716047891
myoinositol	185.0	0.578	0.087	5	3.23692318999	0.077848004742	219.157584687
myoinositol	185.0	0.578	0.087	6	3.23674987826	0.034126764804	117.217125419
myoinositol	185.0	0.578	0.087	7	3.23786812094	0.0199309774607	54.549756634
myoinositol	185.0	0.578	0.087	8	3.26490684787	0.0235244756813	83.30804035
myoinositol	185.0	0.578	0.087	9	3.26508807032	0.022150284204	-5.3407816337
myoinositol	185.0	0.578	0.087	10	3.26752094308	0.269473380248	5.46993631595
myoinositol	185.0	0.578	0.087	11	3.26730767956	0.0107721409753	268.1029134
myoinositol	185.0	0.578	0.087	12	3.26786885792	0.0240119068852	109.270726757
myoinositol	185.0	0.578	0.087	13	3.26981074605	0.0233739549042	-29.658979296
myoinositol	185.0	0.578	0.087	14	3.26999263665	0.0136143982158	236.135959174
myoinositol	185.0	0.578	0.087	15	3.29716919191	0.0202604766099	-63.1644416659
myoinositol	185.0	0.578	0.087	16	3.2981739827	0.0594880020517	106.201840171
myoinositol	185.0	0.578	0.087	17	3.29829054055	0.0296445753681	221.41943027
myoinositol	185.0	0.578	0.087	18	3.2994404083	0.0750962385672	38.9804153083
myoinositol	185.0	0.578	0.087	19	3.34544819022	0.00132219082302	111.469493731
myoinositol	185.0	0.578	0.087	20	3.34727025946	0.00143535382264	84.620279198
myoinositol	185.0	0.578	0.087	21	3.34749330193	0.00178923870222	-65.1666676477
myoinositol	185.0	0.578	0.087	22	3.37718666334	0.00086289080002	264.15824102
myoinositol	185.0	0.578	0.087	23	3.37829231454	0.0053470158643	145.276016907
myoinositol	185.0	0.578	0.087	24	3.38681773264	0.00390247654342	61.530645695
myoinositol	185.0	0.578	0.087	25	3.38843798204	0.00111219877026	54.8562647265
myoinositol	185.0	0.578	0.087	26	3.49661887734	0.205542153152	81.7844978379
myoinositol	185.0	0.578	0.087	27	3.49736164884	0.174825835619	51.6864616126
myoinositol	185.0	0.578	0.087	28	3.49755955914	0.108229477008	20.6246726569
myoinositol	185.0	0.578	0.087	29	3.50612447554	0.200780548456	-38.0396132127
myoinositol	185.0	0.578	0.087	30	3.5072326003	0.276328221991	205.871258211
myoinositol	185.0	0.578	0.087	31	3.53072982157	0.567594871365	129.555579114
myoinositol	185.0	0.578	0.087	32	3.53929071932	0.0840701436158	252.611394735
myoinositol	185.0	0.578	0.087	33	3.53978935039	0.141959896167	-76.422399191
myoinositol	185.0	0.578	0.087	34	3.54089058983	0.143351038368	-31.847616295
myoinositol	185.0	0.578	0.087	35	3.58550488782	0.175956297607	260.52905383
myoinositol	185.0	0.578	0.087	36	3.58621959756	0.27811400325	-56.5957696922
myoinositol	185.0	0.578	0.087	37	3.61662230274	0.369382859914	-11.1308277085
myoinositol	185.0	0.578	0.087	38	3.61683964918	0.0251331246774	260.965874838
myoinositol	185.0	0.578	0.087	39	3.61886202154	0.262155691644	-48.5906752408
myoinositol	185.0	0.578	0.087	40	3.61970353041	0.221469687896	245.396375314
myoinositol	185.0	0.578	0.087	41	3.61990821194	0.163214823242	244.41297156
myoinositol	185.0	0.578	0.087	42	3.65039228631	0.40021028135	82.2223030366
myoinositol	185.0	0.578	0.087	43	4.04417472558	0.164278910233	159.796426493
myoinositol	185.0	0.578	0.087	44	4.04479662555	0.0141974225082	103.365609408
myoinositol	185.0	0.578	0.087	45	4.0538960241	0.359232982451	-4.01523050079
myoinositol	185.0	0.578	0.087	46	4.05389160662	0.00273600912101	171.862292467
myoinositol	185.0	0.578	0.087	47	4.05440465446	0.047036551651	-31.1750438051
myoinositol	185.0	0.578	0.087	48	4.06355218446	0.139783475935	191.833621903
pcho_N(CH3)3_a	185.0	0.058	0.121	0	3.2060818805	1.32365921233	-6.46275652337
pcho_N(CH3)3_a	185.0	0.058	0.121	1	3.20799956069	0.0660269360361	92.5505320729
pcho_N(CH3)3_a	185.0	0.058	0.121	2	3.20799956118	0.0843943443613	-69.9329217022
pcho_N(CH3)3_a	185.0	0.058	0.121	3	3.20799956096	0.0189027989393	63.7480229005
pcho_N(CH3)3_a	185.0	0.058	0.121	4	3.20799956092	0.106417335708	186.753788797
pcho_N(CH3)3_a	185.0	0.058	0.121	5	3.20799956117	0.0400121649002	232.87179838
pcho_N(CH3)3_a	185.0	0.058	0.121	6	3.20991729465	0.0972882546503	-66.9483708743
pcho_N(CH3)3_a	185.0	0.058	0.121	7	3.20991759462	0.0674338174598	22.8421807347
pcho_N(CH3)3_a	185.0	0.058	0.121	8	3.20991766492	0.128547147329	235.867730132
pcho_N(CH3)3_a	185.0	0.058	0.121	9	3.2099178126	0.048226093434	194.879731044
pcho_N(CH3)3_a	185.0	0.058	0.121	10	3.20991804917	0.162109739293	120.11865137
naag_aspartyl	185.0	0.16	0.087	0	2.46274169543	0.156737736686	133.251902391
naag_aspartyl	185.0	0.16	0.087	1	2.49450147826	0.152058854577	232.440418333
naag_aspartyl	185.0	0.16	0.087	2	2.51627255614	0.293836059477	145.410444713
naag_aspartyl	185.0	0.16	0.087	3	2.54803233898	0.303996434088	255.330995361
naag_aspartyl	185.0	0.16	0.087	4	2.68014621287	0.290045701678	-19.9359496803
naag_aspartyl	185.0	0.16	0.087	5	2.69524501619	0.313901571527	35.6192826703
naag_aspartyl	185.0	0.16	0.087	6	2.73367707359	0.175920376838	-5.19793062301
naag_aspartyl	185.0	0.16	0.087	7	2.7487758769	0.156820334584	49.5458150865
naag_aspartyl	185.0	0.16	0.087	8	4.57372264483	0.238429465128	92.7781147701
naag_aspartyl	185.0	0.16	0.087	9	4.58882144815	0.262341362169	157.023072795
naag_aspartyl	185.0	0.16	0.087	10	4.60548242767	0.263073622969	208.896160885
naag_aspartyl	185.0	0.16	0.087	11	4.62058123099	0.215529656196	256.4215651
naag_acetyl	185.0	0.16	0.13	0	2.032	1.98749059702	21.5478546725
naag_glutamate	185.0	0.16	0.087	0	1.871	0.457552572876	21.8967148058
naag_glutamate	185.0	0.16	0.087	1	2.039	0.675934309645	20.8173173741
naag_glutamate	185.0	0.16	0.087	2	2.17	0.730290223992	33.8645187412
naag_glutamate	185.0	0.16	0.087	3	2.18	0.720382081212	36.3039288472
naag_glutamate	185.0	0.16	0.087	4	4.118	0.994650377326	-6.1425137118
pcho_X	185.0	0.058	0.087	0	3.54205005565	0.0011460323473	1.97933216639
pcho_X	185.0	0.058	0.087	1	3.62470293494	0.35452096502	-56.8796731556
pcho_X	185.0	0.058	0.087	2	3.62455171624	0.0305525435711	29.1868891243
pcho_X	185.0	0.058	0.087	3	3.63118610006	0.0757751791354	172.156903969
pcho_X	185.0	0.058	0.087	4	3.63118171948	0.00914202341273	78.7617803667
pcho_X	185.0	0.058	0.087	5	3.63354007402	0.11746788458	128.207432793
pcho_X	185.0	0.058	0.087	6	3.63354360984	0.00353289057683	48.3018518885
pcho_X	185.0	0.058	0.087	7	3.63994294765	0.22825611698	21.9969162735
pcho_X	185.0	0.058	0.087	8	3.6413419068	0.204076468392	-50.847728248
pcho_X	185.0	0.058	0.087	9	3.64823679044	0.135168408483	212.403423687
pcho_X	185.0	0.058	0.087	10	3.65059084023	0.090414994261	168.818660929
pcho_X	185.0	0.058	0.087	11	3.65059520074	0.00454470756052	113.705989734
pcho_X	185.0	0.058	0.087	12	3.65676441095	0.428748123683	41.9279395465
pcho_X	185.0	0.058	0.087	13	3.65664517235	0.0123995627942	-31.6441013804
pcho_X	185.0	0.058	0.087	14	3.65690731178	0.0128134132864	225.003491253
pcho_X	185.0	0.058	0.087	15	3.73913806562	0.00167895723863	171.777714246
pcho_X	185.0	0.058	0.087	16	3.7391474082	0.00150120314759	9.86054666027
pcho_X	185.0	0.058	0.087	17	4.18372970344	0.000894798966385	166.177053205
pcho_X	185.0	0.058	0.087	18	4.19289614942	0.00074194808291	171.442475348
pcho_X	185.0	0.058	0.087	19	4.20207332867	0.000929357377484	178.262192817
pcho_X	185.0	0.058	0.087	20	4.24501252363	0.0834321509225	-53.1495380142
pcho_X	185.0	0.058	0.087	21	4.25117623034	0.0179673381915	176.561194369
pcho_X	185.0	0.058	0.087	22	4.25353002872	0.0257694393634	135.323816108
pcho_X	185.0	0.058	0.087	23	4.25417476211	0.0841960318801	-55.7457879405
pcho_X	185.0	0.058	0.087	24	4.26034183364	0.0178826054896	175.113896152
pcho_X	185.0	0.058	0.087	25	4.26042599344	0.0370821607932	28.7124048021
pcho_X	185.0	0.058	0.087	26	4.26284290407	0.132491280034	-49.8242699793
pcho_X	185.0	0.058	0.087	27	4.26269565333	0.0262430808068	133.839461959
pcho_X	185.0	0.058	0.087	28	4.26612488824	0.0340222738341	154.783868963
pcho_X	185.0	0.058	0.087	29	4.26878716605	0.0412595664927	199.687195049
pcho_X	185.0	0.058	0.087	30	4.26959295042	0.0389710774452	36.329919582
pcho_X	185.0	0.058	0.087	31	4.27139608223	0.041871120883	147.418383699
pcho_X	185.0	0.058	0.087	32	4.27126988204	0.0529792370427	-40.6242823285
pcho_X	185.0	0.058	0.087	33	4.2746358202	0.0110301490536	79.6985391581
pcho_X	185.0	0.058	0.087	34	4.27526759858	0.0865709595238	-55.6699856298
pcho_X	185.0	0.058	0.087	35	4.27706388971	0.0723096923427	47.0700708274
pcho_X	185.0	0.058	0.087	36	4.27739365253	0.0234665960125	219.785068389
pcho_X	185.0	0.058	0.087	37	4.27877059259	0.0412349099231	40.3771767183
pcho_X	185.0	0.058	0.087	38	4.27974747222	0.0148589439216	174.831083107
pcho_X	185.0	0.058	0.087	39	4.28025460517	0.0414648084383	-36.6720907289
pcho_X	185.0	0.058	0.087	40	4.28148241317	0.0317575423323	182.966106328
pcho_X	185.0	0.058	0.087	41	4.28352953806	0.0401962717028	133.414920925
pcho_X	185.0	0.058	0.087	42	4.28444000235	0.0866793107628	-53.3442175755
pcho_X	185.0	0.058	0.087	43	4.2862325346	0.0691684934011	46.9081517739
pcho_X	185.0	0.058	0.087	44	4.28656905173	0.0234607100691	220.15398733
pcho_X	185.0	0.058	0.087	45	4.28905697485	0.021687274136	163.535879255
pcho_X	185.0	0.058	0.087	46	4.29062489313	0.0180571408348	181.972346427
pcho_X	185.0	0.058	0.087	47	4.290756242	0.045981860665	43.5246664602
pcho_X	185.0	0.058	0.087	48	4.29217633492	0.0382089422542	-32.7692226507
pcho_X	185.0	0.058	0.087	49	4.29297881002	0.0256893632688	136.137631251
pcho_X	185.0	0.058	0.087	50	4.29541197024	0.0675418367597	44.5965436413
pcho_X	185.0	0.058	0.087	51	4.29823144076	0.0242066660108	159.011995467
pcho_X	185.0	0.058	0.087	52	4.29849781429	0.0234040636279	218.370022515
pcho_X	185.0	0.058	0.087	53	4.29987386092	0.0435740322714	38.8576879333
pcho_X	185.0	0.058	0.087	54	4.300851686	0.0148743096823	176.127639889
pcho_X	185.0	0.058	0.087	55	4.30134286757	0.0380725685275	-29.1095728122
pcho_X	185.0	0.058	0.087	56	4.30733903831	0.0684033924392	39.2175444668
pcho_X	185.0	0.058	0.087	57	4.30767344445	0.0232786613481	215.765473258
pcho_X	185.0	0.058	0.087	58	4.31002736134	0.0154609055071	173.176588322
pcho_X	185.0	0.058	0.087	59	4.31651101591	0.0707642048871	35.2239836592
pcho_X	185.0	0.058	0.087	60	4.38082028267	0.000621559623816	100.188635239
pcr_N(CH3)	185.0	0.422	0.09	0	3.029	2.98393486359	-2.04547862453
pcr_X	185.0	0.422	0.081	0	3.93	1.98968628744	-7.70531050268
pcho_N(CH3)3_b	185.0	0.058	0.121	0	3.20608188019	1.65452844829	-6.4627506789
pcho_N(CH3)3_b	185.0	0.058	0.121	1	3.20799956103	0.354110328725	-15.7909390277
pcho_N(CH3)3_b	185.0	0.058	0.121	2	3.20799956105	0.381218984964	1.95912378573
pcho_N(CH3)3_b	185.0	0.058	0.121	3	3.20799956079	0.0722835093204	182.558333191
pcho_N(CH3)3_b	185.0	0.058	0.121	4	3.20799956124	0.198975910166	18.9288071261
pcho_N(CH3)3_b	185.0	0.058	0.121	5	3.20799956118	0.0453521961166	230.04281588
pcho_N(CH3)3_b	185.0	0.058	0.121	6	3.20799956137	0.0155730743481	103.506083872
pcho_N(CH3)3_b	185.0	0.058	0.121	7	3.20799956137	0.0202924919076	-84.6157011566
pcho_N(CH3)3_b	185.0	0.058	0.121	8	3.20991772945	0.6224989571	-8.26921780843
pcho_N(CH3)3_b	185.0	0.058	0.121	9	3.20991756177	0.113208429812	77.5573937279
pcho_N(CH3)3_b	185.0	0.058	0.121	10	3.20991764546	0.0448280088893	191.746820926
pcho_N(CH3)3_b	185.0	0.058	0.121	11	3.20991788021	0.0397724612917	232.129134498
peth	185.0	0.126	0.087	0	3.11672856915	0.00110201307399	-38.0845999295
peth	185.0	0.126	0.087	1	3.1988916863	0.389139581618	-37.5719012459
peth	185.0	0.126	0.087	2	3.19894526297	0.0133029203381	219.021873884
peth	185.0	0.126	0.087	3	3.20942367071	0.203398598492	123.044185212
peth	185.0	0.126	0.087	4	3.2091589816	0.00429065929339	-20.4549870719
peth	185.0	0.126	0.087	5	3.2096625645	0.00584035673551	36.1028293773
peth	185.0	0.126	0.087	6	3.21570025508	0.364364499434	-7.72680220545
peth	185.0	0.126	0.087	7	3.21518723131	0.0119503629617	182.411146584
peth	185.0	0.126	0.087	8	3.22221953199	0.00651773141045	-4.9319097993
peth	185.0	0.126	0.087	9	3.22246569268	0.210207746916	224.072787758
peth	185.0	0.126	0.087	10	3.22272311489	0.0156118263961	119.533688505
peth	185.0	0.126	0.087	11	3.23268024144	0.465027163205	23.5243634349
peth	185.0	0.126	0.087	12	3.23267095294	0.039722934673	119.566858093
peth	185.0	0.126	0.087	13	3.31453774467	0.00165451090642	107.296831353
peth	185.0	0.126	0.087	14	3.88827853336	0.0008219128952	-61.0436819584
peth	185.0	0.126	0.087	15	3.9459611869	0.0903887098441	-35.9135089124
peth	185.0	0.126	0.087	16	3.94772918887	0.0912518635633	-36.442335598
peth	185.0	0.126	0.087	17	3.94949773214	0.0919966372732	-36.9281344449
peth	185.0	0.126	0.087	18	3.95616921459	0.0418837781107	121.742692132
peth	185.0	0.126	0.087	19	3.95793898433	0.0419300766467	121.643352513
peth	185.0	0.126	0.087	20	3.95970951027	0.0419252453074	121.556252858
peth	185.0	0.126	0.087	21	3.96345295494	0.121833133631	-11.9264982649
peth	185.0	0.126	0.087	22	3.96610630562	0.108283742315	-11.0822983203
peth	185.0	0.126	0.087	23	3.96921157928	0.0407712843155	223.419159045
peth	185.0	0.126	0.087	24	3.97000103599	0.0217197468596	125.903822268
peth	185.0	0.126	0.087	25	3.97029284144	0.0104168990531	35.4028009021
peth	185.0	0.126	0.087	26	3.97098067851	0.0407005809045	223.499480973
peth	185.0	0.126	0.087	27	3.97189852993	0.0955937896681	-38.8434773556
peth	185.0	0.126	0.087	28	3.97274987086	0.0405976112515	223.56708085
peth	185.0	0.126	0.087	29	3.97366754451	0.0953079914104	-38.6648195375
peth	185.0	0.126	0.087	30	3.97974875623	0.0753447956794	28.8401753368
peth	185.0	0.126	0.087	31	3.98008497677	0.0127397827283	211.143979904
peth	185.0	0.126	0.087	32	3.98060340712	0.0164278224366	-54.1753235149
peth	185.0	0.126	0.087	33	3.98151718819	0.0754687030151	28.4118331078
peth	185.0	0.126	0.087	34	3.98212356682	0.0417164144995	122.178605402
peth	185.0	0.126	0.087	35	3.98328614528	0.0755598622939	27.8987413421
peth	185.0	0.126	0.087	36	3.98389345798	0.0416661458621	122.321144389
peth	185.0	0.126	0.087	37	3.98674994644	0.0151080626474	102.401751116
peth	185.0	0.126	0.087	38	3.98762904672	0.0254227876704	231.168982783
peth	185.0	0.126	0.087	39	3.98940036757	0.10147633578	1.63825855507
peth	185.0	0.126	0.087	40	3.99116383508	0.0259138012953	7.11583781439
peth	185.0	0.126	0.087	41	3.99314552716	0.00986021396276	33.3040609315
peth	185.0	0.126	0.087	42	3.99366395751	0.00869889446611	-86.7033530854
peth	185.0	0.126	0.087	43	3.99516431262	0.0410622648318	222.858069079
peth	185.0	0.126	0.087	44	3.99693419883	0.0411396908896	222.717501048
peth	185.0	0.126	0.087	45	4.00375726558	0.0128561580165	189.414114316
peth	185.0	0.126	0.087	46	4.00407901361	0.0194811538292	267.644126296
peth	185.0	0.126	0.087	47	4.005689068	0.0803420362338	17.4489064335
peth	185.0	0.126	0.087	48	4.00745832357	0.0809396546361	16.6002835154
scyllo-inositol	185.0	0.044	0.087	0	3.34	5.97549741624	-8.00711821484
taurine	185.0	0.117	0.085	0	3.2209127337	0.212053216972	98.9391989552
taurine	185.0	0.117	0.085	1	3.22397870406	0.23945740706	67.1799733207
taurine	185.0	0.117	0.085	2	3.24241160821	0.310889698307	-38.5630653959
taurine	185.0	0.117	0.085	3	3.24387251142	0.119842190464	49.1770070778
taurine	185.0	0.117	0.085	4	3.24589855958	0.45326088203	-7.16970914065
taurine	185.0	0.117	0.085	5	3.24772584198	0.0219445742165	-45.3378005049
taurine	185.0	0.117	0.085	6	3.26532934784	0.281914681767	-86.1133897334
taurine	185.0	0.117	0.085	7	3.26768692835	0.131993195301	-57.4565659476
taurine	185.0	0.117	0.085	8	3.39881286344	0.131107994424	42.3137804953
taurine	185.0	0.117	0.085	9	3.40117086037	0.282634502999	70.8472812518
taurine	185.0	0.117	0.085	10	3.41877394265	0.0219999501279	29.5063330638
taurine	185.0	0.117	0.085	11	3.42060146839	0.455169459379	-8.50805131485
taurine	185.0	0.117	0.085	12	3.42262788265	0.120948931743	-64.733987264
taurine	185.0	0.117	0.085	13	3.42408818358	0.31189397574	23.0085149716
taurine	185.0	0.117	0.085	14	3.44252147965	0.238506486418	-82.5047775796
taurine	185.0	0.117	0.085	15	3.4455870826	0.210811648222	245.974826521
lm1	185.0	1.0	0.945781	L	50.72009	3.550126	-1.138201
lm2	185.0	1.0	1.475781	L	54.12614	2.855701	0.05457026
lm3	185.0	1.0	1.705781	L	68.32043	3.90728	-0.06015777
lm4	185.0	1.0	2.115781	L	96.4358	4.719139	-0.09620739
lm5	185.0	1.0	2.315781	L	69.70896	2.784562	-0.5775946
lm6	185.0	1.0	3.015781	L	42.72932	1.01768	-0.6582785
lm7	185.0	1.0	3.9854041	L	29.64625	1.209407	0.2889715
lm8	185.0	1.0	7.125781	L	274.476	4.046641	0.3027004
lm9	185.0	1.0	7.855781	L	37.37627	1.313574	0.02022181
lm10	185.0	1.0	2.655781	L	121.4557	2.349968	-0.5826102
lm11	185.0	1.0	1.235781	L	30.68139	0.7444791	-1.138201
lm12	185.0	1.0	-0.62824	L	1789.202	21.51878	-3.652967
lm13	185.0	1.0	3.295781	L	109.4958	1.665539	0.1635756
lm14	185.0	1.0	3.705781	L	169.6304	4.873533	-1.354319
