;PINTS for FITMAN Simulation Output
;Experiment Information
;---------------------------------------------------------------------------
;Name: semi-LASER
;Created: 2017_10_30
;Comment: Density-matrix simulations of metabolites using PyGAMMA and metabolite parameters from V. Govindaraju et. al, NMR Biomed. 2000;13:129-153
;PI: bartha-olemew
;b0: 297.2
;49 Metabolites: alanine, aspartate, choline_1-CH2_2-CH2, choline_N(CH3)3_a, choline_N(CH3)3_b, creatine_N(CH3), creatine_X, d-glucose-alpha, d-glucose-beta, gaba, glutamate, glutamine, glutathione_cysteine, glutathione_glutamate, glutathione_glycine, glycine, gpc_7-CH2_8-CH2, gpc_glycerol, gpc_N(CH3)3_a, gpc_N(CH3)3_b, lactate, myoinositol, naa_acetyl, naa_aspartate, naag_acetyl, naag_aspartyl, naag_glutamate, pcho_N(CH3)3_a, pcho_N(CH3)3_b, pcho_X, pcr_N(CH3), pcr_X, peth, scyllo-inositol, taurine, lm1, lm2, lm3, lm4, lm5, lm6, lm7, lm8, lm9, lm10, lm11, lm12, lm13, lm14
;Simulation Results
;---------------------------------------------------------------------------
alanine	65.0	0.078	0.087	0	1.45446511374	0.38658281775	133.662219099
alanine	65.0	0.078	0.087	1	1.47881728794	0.372476517876	248.065374823
alanine	65.0	0.078	0.087	2	3.7382838008	0.124034693951	239.16641208
alanine	65.0	0.078	0.087	3	3.76260585254	0.335554864973	72.2854918979
alanine	65.0	0.078	0.087	4	3.78695935195	0.363453480205	268.120598605
alanine	65.0	0.078	0.087	5	3.81130127456	0.118657486604	108.332480934
aspartate	65.0	0.117	0.087	0	2.60315461543	0.186923423978	210.581830561
aspartate	65.0	0.117	0.087	1	2.63321004478	0.21337604191	61.3167788592
aspartate	65.0	0.117	0.087	2	2.66178300881	0.249702954316	-82.5211734084
aspartate	65.0	0.117	0.087	3	2.69183843816	0.291786007461	41.3867667537
aspartate	65.0	0.117	0.087	4	2.77093866344	0.255862602627	259.555840771
aspartate	65.0	0.117	0.087	5	2.78379157363	0.280314739017	183.359513494
aspartate	65.0	0.117	0.087	6	2.82956705682	0.180607479413	-40.1381143313
aspartate	65.0	0.117	0.087	7	2.84241996702	0.214660577112	164.55871211
aspartate	65.0	0.117	0.087	8	3.8701699882	0.29361535359	148.649720567
aspartate	65.0	0.117	0.087	9	3.8830228984	0.18659229718	18.6999780617
aspartate	65.0	0.117	0.087	10	3.90022541756	0.172924386319	-46.3925034751
aspartate	65.0	0.117	0.087	11	3.91307832775	0.215783133896	205.430670701
choline_1-CH2_2-CH2	65.0	0.165	0.087	0	3.48364578059	0.347158659373	117.821341456
choline_1-CH2_2-CH2	65.0	0.165	0.087	1	3.48340724382	0.0405157352786	208.040865245
choline_1-CH2_2-CH2	65.0	0.165	0.087	2	3.49446201105	0.16548385457	39.7865849808
choline_1-CH2_2-CH2	65.0	0.165	0.087	3	3.49441809057	0.0318500905615	218.237222173
choline_1-CH2_2-CH2	65.0	0.165	0.087	4	3.49451015708	0.00279743042951	128.615630381
choline_1-CH2_2-CH2	65.0	0.165	0.087	5	3.50061947605	0.317455008675	2.89674241207
choline_1-CH2_2-CH2	65.0	0.165	0.087	6	3.50001051972	0.0107738104701	74.8577609261
choline_1-CH2_2-CH2	65.0	0.165	0.087	7	3.50738536058	0.165842906877	-57.2890407597
choline_1-CH2_2-CH2	65.0	0.165	0.087	8	3.50734198018	0.0137935346113	104.474576723
choline_1-CH2_2-CH2	65.0	0.165	0.087	9	3.50743404668	0.0270367062532	-5.60491671452
choline_1-CH2_2-CH2	65.0	0.165	0.087	10	3.51777991735	0.370869121919	223.849650867
choline_1-CH2_2-CH2	65.0	0.165	0.087	11	3.51780729584	0.0601751545135	107.27594711
choline_1-CH2_2-CH2	65.0	0.165	0.087	12	3.59567488242	0.0024145117829	167.582294613
choline_1-CH2_2-CH2	65.0	0.165	0.087	13	3.96815265095	0.00155645373842	135.788730409
choline_1-CH2_2-CH2	65.0	0.165	0.087	14	4.02838106436	0.185619756894	119.997934782
choline_1-CH2_2-CH2	65.0	0.165	0.087	15	4.0372067186	0.185052975072	120.66890913
choline_1-CH2_2-CH2	65.0	0.165	0.087	16	4.03877244889	0.0829101282608	41.1479438329
choline_1-CH2_2-CH2	65.0	0.165	0.087	17	4.04566157824	0.155912510643	-19.3962340926
choline_1-CH2_2-CH2	65.0	0.165	0.087	18	4.04585662236	0.0118042636921	137.366930928
choline_1-CH2_2-CH2	65.0	0.165	0.087	19	4.04760334026	0.0826909971709	41.5966473873
choline_1-CH2_2-CH2	65.0	0.165	0.087	20	4.0516956748	0.0828426606637	-55.7316723528
choline_1-CH2_2-CH2	65.0	0.165	0.087	21	4.05441172532	0.137982926483	-16.3746226011
choline_1-CH2_2-CH2	65.0	0.165	0.087	22	4.05641281059	0.0342612701552	254.041085952
choline_1-CH2_2-CH2	65.0	0.165	0.087	23	4.06052691643	0.0830514025671	-55.9486441939
choline_1-CH2_2-CH2	65.0	0.165	0.087	24	4.06253592985	0.159207392158	229.285029149
choline_1-CH2_2-CH2	65.0	0.165	0.087	25	4.06288441363	0.0384104303911	148.901423901
choline_1-CH2_2-CH2	65.0	0.165	0.087	26	4.06381701365	0.0216198017433	-53.6162312316
choline_1-CH2_2-CH2	65.0	0.165	0.087	27	4.06936904902	0.0300902137066	147.756271266
choline_1-CH2_2-CH2	65.0	0.165	0.087	28	4.07136248926	0.160812930584	228.957717357
choline_1-CH2_2-CH2	65.0	0.165	0.087	29	4.07996127587	0.0477523077582	110.471415031
choline_1-CH2_2-CH2	65.0	0.165	0.087	30	4.08042102971	0.0492920670312	-35.3027991534
choline_N(CH3)3_a	65.0	0.165	0.121	0	3.18308188091	1.32178567553	-6.18542008512
choline_N(CH3)3_a	65.0	0.165	0.121	1	3.18499956192	0.169143961375	-9.1460100007
choline_N(CH3)3_a	65.0	0.165	0.121	2	3.18499956198	0.0402973595416	242.006695554
choline_N(CH3)3_a	65.0	0.165	0.121	3	3.1849995623	0.107945431533	26.1791246068
choline_N(CH3)3_a	65.0	0.165	0.121	4	3.18499956211	0.0624080557981	184.699174326
choline_N(CH3)3_a	65.0	0.165	0.121	5	3.18499956238	0.172388710169	49.9361290922
choline_N(CH3)3_a	65.0	0.165	0.121	6	3.18499956197	0.0420961727453	-82.4536903536
choline_N(CH3)3_a	65.0	0.165	0.121	7	3.18499956256	0.0879093993319	80.0023051229
choline_N(CH3)3_a	65.0	0.165	0.121	8	3.18691736172	0.129599892009	239.553300885
choline_N(CH3)3_a	65.0	0.165	0.121	9	3.18691770015	0.127407586489	-42.5280005084
choline_N(CH3)3_a	65.0	0.165	0.121	10	3.18691794798	0.211184018096	125.208147179
creatine_X	65.0	0.296	0.081	0	3.913	1.98992987232	-7.86045035666
creatine_N(CH3)	65.0	0.296	0.09	0	3.027	2.99796722721	-1.67709626841
choline_N(CH3)3_b	65.0	0.165	0.121	0	3.18308188064	1.65112050102	-6.18541487081
choline_N(CH3)3_b	65.0	0.165	0.121	1	3.18499956222	0.0786418271151	-57.5409754453
choline_N(CH3)3_b	65.0	0.165	0.121	2	3.1849995622	0.337480454191	-9.84818531645
choline_N(CH3)3_b	65.0	0.165	0.121	3	3.18499956217	0.0907781875192	233.905022738
choline_N(CH3)3_b	65.0	0.165	0.121	4	3.18499956222	0.0686444511744	195.249028854
choline_N(CH3)3_b	65.0	0.165	0.121	5	3.18499956239	0.11425081909	100.512779935
choline_N(CH3)3_b	65.0	0.165	0.121	6	3.18499956234	0.176306295062	-0.0936452566937
choline_N(CH3)3_b	65.0	0.165	0.121	7	3.18691770597	0.619456645425	-0.283074761316
choline_N(CH3)3_b	65.0	0.165	0.121	8	3.1869177439	0.58671813446	-3.85696772439
choline_N(CH3)3_b	65.0	0.165	0.121	9	3.18691790295	0.0402171240486	216.17553331
choline_N(CH3)3_b	65.0	0.165	0.121	10	3.18691793593	0.370121694622	-7.76103817713
choline_N(CH3)3_b	65.0	0.165	0.121	11	3.18691798136	0.0429424801665	77.4143697602
choline_N(CH3)3_b	65.0	0.165	0.121	12	3.1869180664	0.0450639458568	237.240073368
d-glucose-alpha	65.0	0.049	0.087	0	3.31840430874	0.00444107199315	251.328062248
d-glucose-alpha	65.0	0.049	0.087	1	3.34962356156	0.00409563505487	28.8164258294
d-glucose-alpha	65.0	0.049	0.087	2	3.35211228424	0.0135887900969	255.188023061
d-glucose-alpha	65.0	0.049	0.087	3	3.36151282987	0.154754928538	210.204332385
d-glucose-alpha	65.0	0.049	0.087	4	3.36382919063	0.0198494682156	166.490230512
d-glucose-alpha	65.0	0.049	0.087	5	3.38338462609	0.00956590998715	46.3442493873
d-glucose-alpha	65.0	0.049	0.087	6	3.39333717229	0.249021095545	-5.34478369379
d-glucose-alpha	65.0	0.049	0.087	7	3.39507864981	0.0161001060726	262.416571759
d-glucose-alpha	65.0	0.049	0.087	8	3.39494100299	0.00851399943023	-82.4195261014
d-glucose-alpha	65.0	0.049	0.087	9	3.4038521802	0.0174773988202	-53.3300670821
d-glucose-alpha	65.0	0.049	0.087	10	3.42510552428	0.149599411033	134.254131898
d-glucose-alpha	65.0	0.049	0.087	11	3.43532531125	0.0171938692583	84.281548813
d-glucose-alpha	65.0	0.049	0.087	12	3.43727054193	0.00546542546729	-44.3811091507
d-glucose-alpha	65.0	0.049	0.087	13	3.46875098541	0.00494836198534	97.1428347431
d-glucose-alpha	65.0	0.049	0.087	14	3.49498984593	0.126376213592	131.467558613
d-glucose-alpha	65.0	0.049	0.087	15	3.50775117103	0.175401205763	42.1196660568
d-glucose-alpha	65.0	0.049	0.087	16	3.52732492343	0.317186484589	-76.7803348249
d-glucose-alpha	65.0	0.049	0.087	17	3.53999355462	0.313534704364	199.172145051
d-glucose-alpha	65.0	0.049	0.087	18	3.59923526209	0.000413541524259	23.8479162078
d-glucose-alpha	65.0	0.049	0.087	19	3.66849474562	0.276042968837	216.922928751
d-glucose-alpha	65.0	0.049	0.087	20	3.70013207988	0.520508965349	-9.6604954527
d-glucose-alpha	65.0	0.049	0.087	21	3.71005689578	0.0699709912886	66.2090369185
d-glucose-alpha	65.0	0.049	0.087	22	3.71259326161	0.0509821831107	56.2977744009
d-glucose-alpha	65.0	0.049	0.087	23	3.72175215097	0.0442167348794	30.1600586504
d-glucose-alpha	65.0	0.049	0.087	24	3.73203761266	0.124144294374	159.520194657
d-glucose-alpha	65.0	0.049	0.087	25	3.73212693462	0.0401146171213	144.767364226
d-glucose-alpha	65.0	0.049	0.087	26	3.73240792917	0.250363103581	1.64866389229
d-glucose-alpha	65.0	0.049	0.087	27	3.73294338123	0.00583464884775	75.3953367114
d-glucose-alpha	65.0	0.049	0.087	28	3.75204244532	0.106679371857	3.9496361221
d-glucose-alpha	65.0	0.049	0.087	29	3.75317792103	0.0363649274712	-74.9886207468
d-glucose-alpha	65.0	0.049	0.087	30	3.76248327593	0.0168617089131	-43.9513914477
d-glucose-alpha	65.0	0.049	0.087	31	3.77310126936	0.114670148476	-20.697062072
d-glucose-alpha	65.0	0.049	0.087	32	3.774178017	0.091402020394	79.2405204795
d-glucose-alpha	65.0	0.049	0.087	33	3.7960494683	0.0718900675479	232.025149545
d-glucose-alpha	65.0	0.049	0.087	34	3.80032294229	0.116626654994	74.0659830666
d-glucose-alpha	65.0	0.049	0.087	35	3.80702919903	0.134194700997	-9.8741985432
d-glucose-alpha	65.0	0.049	0.087	36	3.81079466476	0.177580660654	62.8227622122
d-glucose-alpha	65.0	0.049	0.087	37	3.81305073712	0.0844424944616	-31.5780377739
d-glucose-alpha	65.0	0.049	0.087	38	3.81822209247	0.104205001192	66.9283866644
d-glucose-alpha	65.0	0.049	0.087	39	3.82249131848	0.0299839148302	66.1165588694
d-glucose-alpha	65.0	0.049	0.087	40	3.8281325133	0.184922374842	-80.405780956
d-glucose-alpha	65.0	0.049	0.087	41	3.83326457834	0.0791020423692	268.649034462
d-glucose-alpha	65.0	0.049	0.087	42	3.83328055156	0.0748930358352	-88.8296403929
d-glucose-alpha	65.0	0.049	0.087	43	3.84805557295	0.0905522787424	234.201401302
d-glucose-alpha	65.0	0.049	0.087	44	3.84848333058	0.224108212341	-28.4125228575
d-glucose-alpha	65.0	0.049	0.087	45	3.85327222099	0.192121758817	-69.3902003251
d-glucose-alpha	65.0	0.049	0.087	46	3.85322136615	0.01630862585	29.4694283953
d-glucose-alpha	65.0	0.049	0.087	47	3.85312120538	0.00351232887827	98.8508399536
d-glucose-alpha	65.0	0.049	0.087	48	3.8967910297	0.00564414487294	-86.0185881492
glutamine	65.0	0.427	0.087	0	2.02959843313	0.00276465824035	-74.4558827069
glutamine	65.0	0.427	0.087	1	2.05078450944	0.00328284863557	156.644666934
glutamine	65.0	0.427	0.087	2	2.05771963287	0.00727343811734	167.133697841
glutamine	65.0	0.427	0.087	3	2.05789178012	0.00265701852455	116.109664538
glutamine	65.0	0.427	0.087	4	2.06949146946	0.00172606403951	24.5069134279
glutamine	65.0	0.427	0.087	5	2.07827485201	0.100125452458	-65.8851600048
glutamine	65.0	0.427	0.087	6	2.07894070683	0.00555619318699	-22.5478026143
glutamine	65.0	0.427	0.087	7	2.08348312725	0.00537035700432	-46.9238957894
glutamine	65.0	0.427	0.087	8	2.08467424299	0.0812234540996	230.909697032
glutamine	65.0	0.427	0.087	9	2.0994120015	0.051092900649	120.01593699
glutamine	65.0	0.427	0.087	10	2.10110091148	0.0183889176061	144.725227621
glutamine	65.0	0.427	0.087	11	2.10307683112	0.00903713584638	44.3887824912
glutamine	65.0	0.427	0.087	12	2.10479853377	0.00735485638551	180.528431408
glutamine	65.0	0.427	0.087	13	2.10493473898	0.090482658386	121.394601814
glutamine	65.0	0.427	0.087	14	2.10705943378	0.0503257784453	124.289293831
glutamine	65.0	0.427	0.087	15	2.10978222351	0.0441388907048	64.875918546
glutamine	65.0	0.427	0.087	16	2.11007205827	0.0820065493169	126.194791666
glutamine	65.0	0.427	0.087	17	2.11574074582	0.0245866777295	60.9485330084
glutamine	65.0	0.427	0.087	18	2.12154007131	0.0313433206602	-10.5868204984
glutamine	65.0	0.427	0.087	19	2.12427844833	0.110768617338	-35.1504597065
glutamine	65.0	0.427	0.087	20	2.12762581022	0.0632924150217	-30.7382750071
glutamine	65.0	0.427	0.087	21	2.1305694046	0.107352832889	-70.5745906543
glutamine	65.0	0.427	0.087	22	2.13208219483	0.0936762132536	-70.9183241282
glutamine	65.0	0.427	0.087	23	2.1333228175	0.00642298337681	263.617849457
glutamine	65.0	0.427	0.087	24	2.13493755571	0.0489610621268	256.222345117
glutamine	65.0	0.427	0.087	25	2.1368241746	0.0276606656199	268.870238783
glutamine	65.0	0.427	0.087	26	2.15336547463	0.0571554323968	166.782529268
glutamine	65.0	0.427	0.087	27	2.15499415009	0.104338105605	134.802819039
glutamine	65.0	0.427	0.087	28	2.15542925651	0.00301949234293	-58.7016186679
glutamine	65.0	0.427	0.087	29	2.15894987717	0.00288177960398	77.6869106775
glutamine	65.0	0.427	0.087	30	2.16411056855	0.00280056607414	8.01342930872
glutamine	65.0	0.427	0.087	31	2.17574695392	0.00897972309362	265.221606184
glutamine	65.0	0.427	0.087	32	2.17923162819	0.00364602613055	-67.6557225703
glutamine	65.0	0.427	0.087	33	2.18383095059	0.0124253726645	238.48391948
glutamine	65.0	0.427	0.087	34	2.20359517008	0.00677448244107	124.485991652
glutamine	65.0	0.427	0.087	35	2.36518975505	0.0166828450032	245.970341219
glutamine	65.0	0.427	0.087	36	2.38771381222	0.0106358671738	116.417910974
glutamine	65.0	0.427	0.087	37	2.38966930219	0.0076814968011	61.3548396429
glutamine	65.0	0.427	0.087	38	2.39609645372	0.00168660978464	194.220870307
glutamine	65.0	0.427	0.087	39	2.39710305104	0.00423288644516	68.753753258
glutamine	65.0	0.427	0.087	40	2.41663250359	0.189104148867	211.503161611
glutamine	65.0	0.427	0.087	41	2.41946050623	0.163881391496	189.875255423
glutamine	65.0	0.427	0.087	42	2.43873493093	0.198304499271	49.8969946601
glutamine	65.0	0.427	0.087	43	2.44146071515	0.0862615407059	6.45698297165
glutamine	65.0	0.427	0.087	44	2.44162932363	0.0384100564289	60.0157967422
glutamine	65.0	0.427	0.087	45	2.4479416693	0.329088639164	0.216632677646
glutamine	65.0	0.427	0.087	46	2.46685532489	0.199768669476	218.463497
glutamine	65.0	0.427	0.087	47	2.47096522424	0.0143889989488	158.046055282
glutamine	65.0	0.427	0.087	48	2.47336848413	0.19532331437	196.497039145
glutamine	65.0	0.427	0.087	49	2.49381314054	0.00409779632494	-37.3906473835
glutamine	65.0	0.427	0.087	50	2.49661348646	0.00900018793747	-4.64294766027
glutamine	65.0	0.427	0.087	51	2.50239691852	0.00804535632635	-51.3976737458
glutamine	65.0	0.427	0.087	52	2.52494795656	0.00924286184152	176.488101354
glutamine	65.0	0.427	0.087	53	3.73243508232	0.238581001516	131.364895621
glutamine	65.0	0.427	0.087	54	3.7530659311	0.428651440248	-9.05582049974
glutamine	65.0	0.427	0.087	55	3.77384407097	0.215092428786	213.21945935
gaba	65.0	0.155	0.082	0	1.83609170247	0.03909334707	-51.5121171037
gaba	65.0	0.155	0.082	1	1.83815637494	0.0304298575921	249.736583975
gaba	65.0	0.155	0.082	2	1.85696880793	0.0115248821615	212.430322006
gaba	65.0	0.155	0.082	3	1.860996969	0.202107936864	204.704074096
gaba	65.0	0.155	0.082	4	1.86284605648	0.107625959084	177.615382017
gaba	65.0	0.155	0.082	5	1.86522565153	0.0488355588482	180.014804091
gaba	65.0	0.155	0.082	6	1.86824473535	0.0106921683728	171.884834649
gaba	65.0	0.155	0.082	7	1.87964134091	0.00233410226271	122.523614765
gaba	65.0	0.155	0.082	8	1.88226682324	0.023003252968	100.996003346
gaba	65.0	0.155	0.082	9	1.88611340434	0.292001237225	71.4283645844
gaba	65.0	0.155	0.082	10	1.88849675364	0.132531616348	63.9452427222
gaba	65.0	0.155	0.082	11	1.89140064839	0.0157158809711	40.0417660118
gaba	65.0	0.155	0.082	12	1.89334295432	0.0112635285953	30.4377251404
gaba	65.0	0.155	0.082	13	1.90683793964	0.00993733162337	255.201288389
gaba	65.0	0.155	0.082	14	1.91125760196	0.15875189486	238.382031612
gaba	65.0	0.155	0.082	15	1.91365994036	0.0525865383913	217.970862767
gaba	65.0	0.155	0.082	16	1.91680996956	0.0146382435364	204.842542467
gaba	65.0	0.155	0.082	17	1.93570839362	0.0420803154324	74.0038356251
gaba	65.0	0.155	0.082	18	1.93776531495	0.0479761986131	73.8262903457
gaba	65.0	0.155	0.082	19	2.26013516676	0.422394287958	199.819786397
gaba	65.0	0.155	0.082	20	2.27675169847	0.000850048184393	53.2846315508
gaba	65.0	0.155	0.082	21	2.28056565688	0.0103535732465	52.7400930304
gaba	65.0	0.155	0.082	22	2.28470604361	0.67767287869	30.3741057784
gaba	65.0	0.155	0.082	23	2.28743269657	0.0104340678916	7.64875688206
gaba	65.0	0.155	0.082	24	2.30856881256	0.15882491394	233.901472048
gaba	65.0	0.155	0.082	25	2.30857382844	0.0380519311436	-85.2881961942
gaba	65.0	0.155	0.082	26	2.3101834651	0.198044438983	227.859412175
gaba	65.0	0.155	0.082	27	2.98809099658	0.477905359396	166.645085104
gaba	65.0	0.155	0.082	28	3.00446935579	0.000819932635643	47.0564979519
gaba	65.0	0.155	0.082	29	3.00795533564	0.0763680808094	31.256655945
gaba	65.0	0.155	0.082	30	3.01092815456	0.177288422763	12.0708375273
gaba	65.0	0.155	0.082	31	3.01388802996	0.576166148858	-7.72140236788
gaba	65.0	0.155	0.082	32	3.01569441502	0.045567834598	-19.7139303373
gaba	65.0	0.155	0.082	33	3.01768313075	0.0540383493358	-31.7724095458
gaba	65.0	0.155	0.082	34	3.01953646327	0.0166966374145	-40.8607827304
gaba	65.0	0.155	0.082	35	3.03855464502	0.356823521775	194.537978614
glutamate	65.0	0.898	0.088	0	1.96706804127	0.0339878538546	-6.83720383631
glutamate	65.0	0.898	0.088	1	1.99096172253	0.0466586505453	200.543203178
glutamate	65.0	0.898	0.088	2	1.99400006985	0.0308878243149	162.543342753
glutamate	65.0	0.898	0.088	3	2.01485536067	0.0200471035527	-1.20720572468
glutamate	65.0	0.898	0.088	4	2.0175007507	0.0754142507885	-34.4028532106
glutamate	65.0	0.898	0.088	5	2.01806205099	0.0360768043079	17.5547549479
glutamate	65.0	0.898	0.088	6	2.04018765675	0.0160201688444	-1.7029258132
glutamate	65.0	0.898	0.088	7	2.04185488713	0.0628874342483	202.423053824
glutamate	65.0	0.898	0.088	8	2.04412977497	0.0242508571256	42.8700654937
glutamate	65.0	0.898	0.088	9	2.06405000071	0.0450005846979	-20.7921961915
glutamate	65.0	0.898	0.088	10	2.06745024183	0.0217045162629	209.560090008
glutamate	65.0	0.898	0.088	11	2.06757806156	0.0241526402793	261.251505146
glutamate	65.0	0.898	0.088	12	2.06815184861	0.0279839311691	-28.675469764
glutamate	65.0	0.898	0.088	13	2.08373400035	0.0592552549528	102.150655416
glutamate	65.0	0.898	0.088	14	2.09230714578	0.0903642852483	87.5237109477
glutamate	65.0	0.898	0.088	15	2.10826232309	0.0329995600735	39.3756042328
glutamate	65.0	0.898	0.088	16	2.10938326002	0.0302917588641	-61.4535649592
glutamate	65.0	0.898	0.088	17	2.11718319984	0.0340039085029	232.09476547
glutamate	65.0	0.898	0.088	18	2.11766375294	0.0139844324441	74.9090878514
glutamate	65.0	0.898	0.088	19	2.1336229117	0.0671666070226	57.8184115465
glutamate	65.0	0.898	0.088	20	2.1414089918	0.024175758339	24.0649772348
glutamate	65.0	0.898	0.088	21	2.14323256942	0.0371317905046	36.7070725064
glutamate	65.0	0.898	0.088	22	2.15745696313	0.0443400223603	265.459992713
glutamate	65.0	0.898	0.088	23	2.15947305764	0.0396259904649	262.519395
glutamate	65.0	0.898	0.088	24	2.16730562707	0.0611253237067	232.72700785
glutamate	65.0	0.898	0.088	25	2.18329414391	0.0357154310351	107.984280137
glutamate	65.0	0.898	0.088	26	2.26790662332	0.00663345727515	239.658751878
glutamate	65.0	0.898	0.088	27	2.29139447005	0.00747102498271	125.14825248
glutamate	65.0	0.898	0.088	28	2.31580873263	0.00164728315622	241.969788394
glutamate	65.0	0.898	0.088	29	2.32095026804	0.432358588596	200.132870715
glutamate	65.0	0.898	0.088	30	2.34490068916	0.321594967285	29.6863661452
glutamate	65.0	0.898	0.088	31	2.34734805864	0.318881813917	24.0686896502
glutamate	65.0	0.898	0.088	32	2.36914114296	0.157187320963	214.745737889
glutamate	65.0	0.898	0.088	33	2.37368497749	0.157179417454	187.854457176
glutamate	65.0	0.898	0.088	34	2.37397900307	0.00368333607432	135.554731782
glutamate	65.0	0.898	0.088	35	2.4000200917	0.00403327046114	30.213015507
glutamate	65.0	0.898	0.088	36	2.40137853784	0.00606707278013	-50.764911301
glutamate	65.0	0.898	0.088	37	3.72337316161	0.238204330113	126.153612437
glutamate	65.0	0.898	0.088	38	3.73950718653	0.239402527647	-12.1991119955
glutamate	65.0	0.898	0.088	39	3.7473178571	0.220401310514	-6.42739450367
glutamate	65.0	0.898	0.088	40	3.76350871595	0.224878136787	218.405865962
d-glucose-beta	65.0	0.049	0.087	0	3.13262930019	0.00279648249732	224.741492873
d-glucose-beta	65.0	0.049	0.087	1	3.15930096294	0.00218309339214	42.5682401197
d-glucose-beta	65.0	0.049	0.087	2	3.18004523451	0.0020709969005	175.890615465
d-glucose-beta	65.0	0.049	0.087	3	3.1850265648	0.00276332260954	165.95251485
d-glucose-beta	65.0	0.049	0.087	4	3.19559533112	0.00940111530617	152.806471088
d-glucose-beta	65.0	0.049	0.087	5	3.19817436453	0.00713181200132	120.606160454
d-glucose-beta	65.0	0.049	0.087	6	3.19858675256	0.00892179050268	179.200798329
d-glucose-beta	65.0	0.049	0.087	7	3.20037320564	0.0884844580631	187.138888371
d-glucose-beta	65.0	0.049	0.087	8	3.20142448874	0.0199174928642	124.97336468
d-glucose-beta	65.0	0.049	0.087	9	3.20350559813	0.00143709059782	112.649101861
d-glucose-beta	65.0	0.049	0.087	10	3.2045948496	0.000802833153472	242.686093875
d-glucose-beta	65.0	0.049	0.087	11	3.20626291395	0.00215761807505	-41.4010372149
d-glucose-beta	65.0	0.049	0.087	12	3.20679107353	0.000622600877183	36.8944529686
d-glucose-beta	65.0	0.049	0.087	13	3.2115885965	0.00155431450424	-32.8886094037
d-glucose-beta	65.0	0.049	0.087	14	3.21199939533	0.000888965390359	26.2469228046
d-glucose-beta	65.0	0.049	0.087	15	3.22183773397	0.00351128579532	-51.5043256795
d-glucose-beta	65.0	0.049	0.087	16	3.22281796337	0.00429704066119	6.00989108548
d-glucose-beta	65.0	0.049	0.087	17	3.22496277572	0.00470138838498	-57.223807672
d-glucose-beta	65.0	0.049	0.087	18	3.22535769294	0.00855275324134	3.53235279121
d-glucose-beta	65.0	0.049	0.087	19	3.22563167541	0.00514606995086	161.717638723
d-glucose-beta	65.0	0.049	0.087	20	3.22772692923	0.0404087715207	-22.1233856197
d-glucose-beta	65.0	0.049	0.087	21	3.2271425864	0.0883829431346	8.06568958201
d-glucose-beta	65.0	0.049	0.087	22	3.22937946644	0.0254046990105	127.682161171
d-glucose-beta	65.0	0.049	0.087	23	3.2303982554	0.10416616542	-18.7287271327
d-glucose-beta	65.0	0.049	0.087	24	3.23189547981	0.00832022893196	81.9789901424
d-glucose-beta	65.0	0.049	0.087	25	3.23409399328	0.0108134146883	22.4363032654
d-glucose-beta	65.0	0.049	0.087	26	3.23715619294	0.00508153907744	30.2952525872
d-glucose-beta	65.0	0.049	0.087	27	3.24492635208	0.00116971964381	-30.6412214422
d-glucose-beta	65.0	0.049	0.087	28	3.24732303237	0.00224726791238	19.0787194081
d-glucose-beta	65.0	0.049	0.087	29	3.25013935444	0.000870998472501	-45.3067537094
d-glucose-beta	65.0	0.049	0.087	30	3.25241080182	0.00664916476613	-21.5437603858
d-glucose-beta	65.0	0.049	0.087	31	3.25353451008	0.00672959009569	130.480069095
d-glucose-beta	65.0	0.049	0.087	32	3.25533801598	0.00748041483371	-65.0132321884
d-glucose-beta	65.0	0.049	0.087	33	3.25708693217	0.14460633995	157.362832669
d-glucose-beta	65.0	0.049	0.087	34	3.25654792656	0.0169807036494	265.602101443
d-glucose-beta	65.0	0.049	0.087	35	3.25846159829	0.00624708191574	224.053614062
d-glucose-beta	65.0	0.049	0.087	36	3.26095038572	0.0136335700515	186.817166521
d-glucose-beta	65.0	0.049	0.087	37	3.26403259453	0.00596149194459	197.252882322
d-glucose-beta	65.0	0.049	0.087	38	3.27183568905	0.00128117009363	140.924879074
d-glucose-beta	65.0	0.049	0.087	39	3.27422061941	0.00249017738397	190.783091794
d-glucose-beta	65.0	0.049	0.087	40	3.27705057309	0.000938580984701	126.701178741
d-glucose-beta	65.0	0.049	0.087	41	3.27902799907	0.00204751514694	181.251141801
d-glucose-beta	65.0	0.049	0.087	42	3.29165931783	0.000576757701845	255.75316217
d-glucose-beta	65.0	0.049	0.087	43	3.29449292134	0.000859933857439	268.449345061
d-glucose-beta	65.0	0.049	0.087	44	3.29991838868	0.00253623422279	-50.9566697059
d-glucose-beta	65.0	0.049	0.087	45	3.30191391454	0.000594583518043	-31.0507412381
d-glucose-beta	65.0	0.049	0.087	46	3.31850375481	0.000590742143184	70.8042832874
d-glucose-beta	65.0	0.049	0.087	47	3.32136533538	0.000888291810343	84.4167581411
d-glucose-beta	65.0	0.049	0.087	48	3.32495538206	0.00294263644287	217.521577527
d-glucose-beta	65.0	0.049	0.087	49	3.32680548499	0.00282010681692	122.460126203
d-glucose-beta	65.0	0.049	0.087	50	3.32875786796	0.000660980905815	136.771869896
d-glucose-beta	65.0	0.049	0.087	51	3.3306201254	0.000899637114485	166.86919768
d-glucose-beta	65.0	0.049	0.087	52	3.35078714442	0.0905687696924	82.9851691797
d-glucose-beta	65.0	0.049	0.087	53	3.35163306965	0.107727159874	11.4020884129
d-glucose-beta	65.0	0.049	0.087	54	3.3539596434	0.000414929690067	-49.4826757418
d-glucose-beta	65.0	0.049	0.087	55	3.35836417	0.00149636122399	81.6697114117
d-glucose-beta	65.0	0.049	0.087	56	3.36360051479	0.00137708146929	34.6258404031
d-glucose-beta	65.0	0.049	0.087	57	3.37353435351	0.00338278530205	-12.4475082412
d-glucose-beta	65.0	0.049	0.087	58	3.37410454209	0.00120041703664	138.323971456
d-glucose-beta	65.0	0.049	0.087	59	3.37888901759	0.0577820985414	37.8488174237
d-glucose-beta	65.0	0.049	0.087	60	3.3801401368	0.0112585241739	195.400060623
d-glucose-beta	65.0	0.049	0.087	61	3.38036436963	0.00654909619722	158.509254837
d-glucose-beta	65.0	0.049	0.087	62	3.38135584378	0.2088819	-19.738805961
d-glucose-beta	65.0	0.049	0.087	63	3.38156827715	0.155532076029	-14.7894342081
d-glucose-beta	65.0	0.049	0.087	64	3.38197588007	0.0088750617866	212.992019016
d-glucose-beta	65.0	0.049	0.087	65	3.38756070979	0.0654358763864	-19.277175962
d-glucose-beta	65.0	0.049	0.087	66	3.3962940813	0.0139539204923	-19.0115752334
d-glucose-beta	65.0	0.049	0.087	67	3.40083764132	0.00929687268332	-26.6639179267
d-glucose-beta	65.0	0.049	0.087	68	3.40941161157	0.166716213776	75.3606405625
d-glucose-beta	65.0	0.049	0.087	69	3.41044488419	0.0183798663196	17.6931881178
d-glucose-beta	65.0	0.049	0.087	70	3.41136343874	0.0149546140015	-68.5847640698
d-glucose-beta	65.0	0.049	0.087	71	3.41166275594	0.0265048486552	265.740454596
d-glucose-beta	65.0	0.049	0.087	72	3.4146726607	0.00439419434108	4.12223226574
d-glucose-beta	65.0	0.049	0.087	73	3.42562037181	0.0212679748958	50.1613544119
d-glucose-beta	65.0	0.049	0.087	74	3.42571421339	0.00551883105687	-17.0498585818
d-glucose-beta	65.0	0.049	0.087	75	3.42594172654	0.0168484926158	180.000215204
d-glucose-beta	65.0	0.049	0.087	76	3.42861989737	0.0292050953121	-59.8988991693
d-glucose-beta	65.0	0.049	0.087	77	3.42871001978	0.034954705136	88.0642478015
d-glucose-beta	65.0	0.049	0.087	78	3.43048924726	0.00581065271552	-27.4790399246
d-glucose-beta	65.0	0.049	0.087	79	3.43084353886	0.0247648437459	34.1174455114
d-glucose-beta	65.0	0.049	0.087	80	3.43126463366	0.0107857648075	150.50916608
d-glucose-beta	65.0	0.049	0.087	81	3.43362374402	0.0320587164283	-70.2401350537
d-glucose-beta	65.0	0.049	0.087	82	3.43364488665	0.0363004895158	63.5598328341
d-glucose-beta	65.0	0.049	0.087	83	3.44169049308	0.0112666292817	8.33019678593
d-glucose-beta	65.0	0.049	0.087	84	3.44391706418	0.0579455006977	16.8730675913
d-glucose-beta	65.0	0.049	0.087	85	3.44423207682	0.0157808179078	180.722202801
d-glucose-beta	65.0	0.049	0.087	86	3.44632934322	0.110213571914	-46.7457365467
d-glucose-beta	65.0	0.049	0.087	87	3.44665788737	0.0965357962962	-26.5684527885
d-glucose-beta	65.0	0.049	0.087	88	3.44865240527	0.0233278127667	-49.9909865948
d-glucose-beta	65.0	0.049	0.087	89	3.44904954216	0.0300104641277	78.2348574951
d-glucose-beta	65.0	0.049	0.087	90	3.45030586815	0.0404518393403	258.099561651
d-glucose-beta	65.0	0.049	0.087	91	3.4502040647	0.0675284807248	-46.8108599936
d-glucose-beta	65.0	0.049	0.087	92	3.4524209277	0.00977140866051	-7.49937141724
d-glucose-beta	65.0	0.049	0.087	93	3.45393790658	0.0303844420343	62.1270907013
d-glucose-beta	65.0	0.049	0.087	94	3.45512304302	0.0257338213733	1.73290832785
d-glucose-beta	65.0	0.049	0.087	95	3.45757331425	0.0325603846987	-4.04880008278
d-glucose-beta	65.0	0.049	0.087	96	3.45908418554	0.0258228584342	45.9570112651
d-glucose-beta	65.0	0.049	0.087	97	3.46086200813	0.0354924685392	-35.7435250159
d-glucose-beta	65.0	0.049	0.087	98	3.46279102907	0.023207837335	-29.7320682206
d-glucose-beta	65.0	0.049	0.087	99	3.46981923339	0.035766301094	19.8100049417
d-glucose-beta	65.0	0.049	0.087	100	3.47217642404	0.008557186083	244.853856174
d-glucose-beta	65.0	0.049	0.087	101	3.47242690513	0.030938714944	-65.1128170291
d-glucose-beta	65.0	0.049	0.087	102	3.47310716575	0.03306230448	5.08153318671
d-glucose-beta	65.0	0.049	0.087	103	3.47551555465	0.187961353489	-62.4035525552
d-glucose-beta	65.0	0.049	0.087	104	3.47615015625	0.0442445803711	63.6410256564
d-glucose-beta	65.0	0.049	0.087	105	3.47767146767	0.054323956637	263.772836493
d-glucose-beta	65.0	0.049	0.087	106	3.4780644993	0.069113712532	-35.647227415
d-glucose-beta	65.0	0.049	0.087	107	3.47961991412	0.093194509296	14.3498745672
d-glucose-beta	65.0	0.049	0.087	108	3.47957635422	0.0304541034529	254.732803567
d-glucose-beta	65.0	0.049	0.087	109	3.4827295168	0.022316387685	-50.3318032884
d-glucose-beta	65.0	0.049	0.087	110	3.5054213104	0.0390071657009	-81.5079452793
d-glucose-beta	65.0	0.049	0.087	111	3.5062180727	0.0511523192809	257.301378104
d-glucose-beta	65.0	0.049	0.087	112	3.50797099216	0.0848519213001	237.349923472
d-glucose-beta	65.0	0.049	0.087	113	3.52428468028	0.00337229333481	-21.0748955377
d-glucose-beta	65.0	0.049	0.087	114	3.52912716932	0.00238123870812	-34.1563497212
d-glucose-beta	65.0	0.049	0.087	115	3.54032557842	0.00136665439143	-46.0769917461
d-glucose-beta	65.0	0.049	0.087	116	3.5454428475	0.00101142369322	-31.2836093351
d-glucose-beta	65.0	0.049	0.087	117	3.57419036251	0.000420017513563	-51.8376315545
d-glucose-beta	65.0	0.049	0.087	118	3.6241887524	0.00156038119045	238.955784484
d-glucose-beta	65.0	0.049	0.087	119	3.62716411519	0.000958914794196	227.221367171
d-glucose-beta	65.0	0.049	0.087	120	3.64221318002	0.00226248038596	72.2445535802
d-glucose-beta	65.0	0.049	0.087	121	3.67064051746	0.00436265395399	-27.1693758532
d-glucose-beta	65.0	0.049	0.087	122	3.67286739776	0.02367044038	122.256309445
d-glucose-beta	65.0	0.049	0.087	123	3.67567316627	0.14433082471	128.131924769
d-glucose-beta	65.0	0.049	0.087	124	3.67956975532	0.0256405814576	118.771734668
d-glucose-beta	65.0	0.049	0.087	125	3.68937175573	0.0252861331204	70.2788518059
d-glucose-beta	65.0	0.049	0.087	126	3.69278004942	0.12142512125	65.7894591699
d-glucose-beta	65.0	0.049	0.087	127	3.69458814654	0.00688894596241	90.0312647864
d-glucose-beta	65.0	0.049	0.087	128	3.69721047284	0.00740126976789	55.2020293875
d-glucose-beta	65.0	0.049	0.087	129	3.71098682166	0.00494292448642	203.148031156
d-glucose-beta	65.0	0.049	0.087	130	3.71224982865	0.00332063196175	-55.0720258356
d-glucose-beta	65.0	0.049	0.087	131	3.71657496221	0.0833417062664	-81.7731160025
d-glucose-beta	65.0	0.049	0.087	132	3.71734110511	0.142300088792	249.341544096
d-glucose-beta	65.0	0.049	0.087	133	3.7194282942	0.0217546935901	243.219059205
d-glucose-beta	65.0	0.049	0.087	134	3.73388872662	0.21154425726	175.366638934
d-glucose-beta	65.0	0.049	0.087	135	3.73393971169	0.212509813351	168.319681427
d-glucose-beta	65.0	0.049	0.087	136	3.73829043473	0.00428627839742	227.425697342
d-glucose-beta	65.0	0.049	0.087	137	3.74151062041	0.00476798873265	177.328754054
d-glucose-beta	65.0	0.049	0.087	138	3.78125040508	0.00378842532944	77.4996678156
d-glucose-beta	65.0	0.049	0.087	139	3.85598398537	0.00305122122683	155.240885842
d-glucose-beta	65.0	0.049	0.087	140	3.85788328149	0.00804559119269	167.293622552
d-glucose-beta	65.0	0.049	0.087	141	3.86109202943	0.230627398592	143.886979718
d-glucose-beta	65.0	0.049	0.087	142	3.86378265985	0.123556573104	129.13078909
d-glucose-beta	65.0	0.049	0.087	143	3.86640176224	0.209707551742	119.647318309
d-glucose-beta	65.0	0.049	0.087	144	3.86950481839	0.00776988728356	118.06921029
d-glucose-beta	65.0	0.049	0.087	145	3.8718324655	0.00370257041242	100.500225711
d-glucose-beta	65.0	0.049	0.087	146	3.90233780132	0.0416982381598	-86.425998328
d-glucose-beta	65.0	0.049	0.087	147	3.90263529223	0.136080117253	253.640724903
d-glucose-beta	65.0	0.049	0.087	148	3.90767141137	0.193191557543	221.21914028
d-glucose-beta	65.0	0.049	0.087	149	4.6167248304	0.495637179273	91.4659580196
d-glucose-beta	65.0	0.049	0.087	150	4.64346265126	0.0595079991182	-89.9361002278
d-glucose-beta	65.0	0.049	0.087	151	4.64354391962	0.423850131855	266.072698437
glycine	65.0	0.068	0.087	0	3.548	1.99023247746	-9.24251689264
glutathione_cysteine	65.0	0.194	0.087	0	2.88158786835	0.132906034622	115.12068985
glutathione_cysteine	65.0	0.194	0.087	1	2.90438113802	0.140439051042	-23.4637471292
glutathione_cysteine	65.0	0.194	0.087	2	2.92889438817	0.293807391377	62.2016691967
glutathione_cysteine	65.0	0.194	0.087	3	2.95168765785	0.348729020042	-52.8341188367
glutathione_cysteine	65.0	0.194	0.087	4	2.95222786887	0.275266010831	66.9922359893
glutathione_cysteine	65.0	0.194	0.087	5	2.96913681216	0.358940990289	-74.9759196827
glutathione_cysteine	65.0	0.194	0.087	6	2.9995343887	0.139693899857	21.9263048434
glutathione_cysteine	65.0	0.194	0.087	7	3.01644333198	0.132532350424	249.459830428
glutathione_cysteine	65.0	0.194	0.087	8	4.54107552999	0.276604181457	126.339237937
glutathione_cysteine	65.0	0.194	0.087	9	4.55798447328	0.25663067993	-0.459272194917
glutathione_cysteine	65.0	0.194	0.087	10	4.56386879967	0.253735452033	9.83656110422
glutathione_cysteine	65.0	0.194	0.087	11	4.58077774296	0.195590206019	218.446986244
glutathione_glutamate	65.0	0.194	0.087	0	2.08827591874	0.00303874138433	165.787282313
glutathione_glutamate	65.0	0.194	0.087	1	2.10977037051	0.00269038930507	19.120951694
glutathione_glutamate	65.0	0.194	0.087	2	2.11281857509	0.00172098025865	-23.5745947466
glutathione_glutamate	65.0	0.194	0.087	3	2.11536997153	0.0909466091485	-85.0762579847
glutathione_glutamate	65.0	0.194	0.087	4	2.11861561635	0.0859167901753	225.108713496
glutathione_glutamate	65.0	0.194	0.087	5	2.13432941101	0.00271936931679	193.990815741
glutathione_glutamate	65.0	0.194	0.087	6	2.13679450303	0.0708554230128	95.8198434092
glutathione_glutamate	65.0	0.194	0.087	7	2.14030771194	0.260114961771	104.302961738
glutathione_glutamate	65.0	0.194	0.087	8	2.14268703687	0.0911848584964	114.093684045
glutathione_glutamate	65.0	0.194	0.087	9	2.1617216037	0.32520815748	-53.9630786319
glutathione_glutamate	65.0	0.194	0.087	10	2.16468547617	0.286171518621	-59.846627612
glutathione_glutamate	65.0	0.194	0.087	11	2.17061728925	0.00239518980227	233.599285594
glutathione_glutamate	65.0	0.194	0.087	12	2.18633335713	0.227592076927	164.590407266
glutathione_glutamate	65.0	0.194	0.087	13	2.21425298712	0.00211437901214	-69.2537006985
glutathione_glutamate	65.0	0.194	0.087	14	2.21658773003	0.00694975829154	250.985548908
glutathione_glutamate	65.0	0.194	0.087	15	2.23832992615	0.00255614139318	141.936063251
glutathione_glutamate	65.0	0.194	0.087	16	2.44896625708	0.0631895157834	243.699518977
glutathione_glutamate	65.0	0.194	0.087	17	2.47132756919	0.0519317278308	83.7545177867
glutathione_glutamate	65.0	0.194	0.087	18	2.47340341373	0.0314086532354	95.3324148398
glutathione_glutamate	65.0	0.194	0.087	19	2.49587624793	0.0430597278492	261.669206565
glutathione_glutamate	65.0	0.194	0.087	20	2.50242768982	0.173205676498	190.362289594
glutathione_glutamate	65.0	0.194	0.087	21	2.52108914971	0.154562086391	171.705941032
glutathione_glutamate	65.0	0.194	0.087	22	2.52487857779	0.167627759524	22.5305853272
glutathione_glutamate	65.0	0.194	0.087	23	2.52676042294	0.136699190881	22.1142525357
glutathione_glutamate	65.0	0.194	0.087	24	2.54568283155	0.323832404912	11.0227272084
glutathione_glutamate	65.0	0.194	0.087	25	2.54935553278	0.169884023522	228.107152918
glutathione_glutamate	65.0	0.194	0.087	26	2.57018871407	0.149965416328	218.525923393
glutathione_glutamate	65.0	0.194	0.087	27	2.57454799937	0.0470749225858	127.124451775
glutathione_glutamate	65.0	0.194	0.087	28	2.5991260745	0.0983051188688	-45.4745742775
glutathione_glutamate	65.0	0.194	0.087	29	2.62367411816	0.0430723347846	175.071259009
glutathione_glutamate	65.0	0.194	0.087	30	3.74782255368	0.258643347385	137.341040398
glutathione_glutamate	65.0	0.194	0.087	31	3.76912222012	0.438463671387	-8.45874324244
glutathione_glutamate	65.0	0.194	0.087	32	3.79046567473	0.218309681877	203.853261671
glutathione_glycine	65.0	0.194	0.087	0	3.769	1.98963542021	-8.24254588883
gpc_N(CH3)3_a	65.0	0.097	0.121	0	3.2100818801	1.32165302233	-6.6293263365
gpc_N(CH3)3_a	65.0	0.097	0.121	1	3.21199956067	0.313320638149	198.885310724
gpc_N(CH3)3_a	65.0	0.097	0.121	2	3.21199956075	0.0405597402891	-71.5298184577
gpc_N(CH3)3_a	65.0	0.097	0.121	3	3.21199956079	0.291594992054	182.887822106
gpc_N(CH3)3_a	65.0	0.097	0.121	4	3.21199956077	0.0707288474911	40.9582134507
gpc_N(CH3)3_a	65.0	0.097	0.121	5	3.21199956074	0.105429923682	100.131723818
gpc_N(CH3)3_a	65.0	0.097	0.121	6	3.21391750035	0.227275555623	184.319171604
gpc_N(CH3)3_a	65.0	0.097	0.121	7	3.21391774025	0.128660473314	259.729471967
gpc_N(CH3)3_a	65.0	0.097	0.121	8	3.21391805674	0.105274695508	112.915595996
gpc_N(CH3)3_a	65.0	0.097	0.121	9	3.21391763482	0.0582626766673	14.0672703435
gpc_7-CH2_8-CH2	65.0	0.097	0.087	0	3.59557808424	0.000705200457871	-49.1459327507
gpc_7-CH2_8-CH2	65.0	0.097	0.087	1	3.64366480129	0.444269126496	97.2734829294
gpc_7-CH2_8-CH2	65.0	0.097	0.087	2	3.6438348234	0.0263641643398	165.847756166
gpc_7-CH2_8-CH2	65.0	0.097	0.087	3	3.65425536553	0.206545689562	25.7780991451
gpc_7-CH2_8-CH2	65.0	0.097	0.087	4	3.654252535	0.0101473878701	90.2584943121
gpc_7-CH2_8-CH2	65.0	0.097	0.087	5	3.65425836579	0.00730839363507	261.744565487
gpc_7-CH2_8-CH2	65.0	0.097	0.087	6	3.65865546959	0.383565437495	-8.5081341866
gpc_7-CH2_8-CH2	65.0	0.097	0.087	7	3.65828141363	0.0136280886685	223.518969671
gpc_7-CH2_8-CH2	65.0	0.097	0.087	8	3.66367661953	0.208240476553	-43.5612946618
gpc_7-CH2_8-CH2	65.0	0.097	0.087	9	3.6636737941	0.014029023274	33.3131114839
gpc_7-CH2_8-CH2	65.0	0.097	0.087	10	3.6636796249	0.00655494014752	151.301820009
gpc_7-CH2_8-CH2	65.0	0.097	0.087	11	3.67395257512	0.448692868475	241.823204934
gpc_7-CH2_8-CH2	65.0	0.097	0.087	12	3.67379101706	0.00472017112395	56.6480658518
gpc_7-CH2_8-CH2	65.0	0.097	0.087	13	3.72172131336	0.00126520637913	44.0044053551
gpc_7-CH2_8-CH2	65.0	0.097	0.087	14	4.25043423145	0.00100438541259	68.7275536462
gpc_7-CH2_8-CH2	65.0	0.097	0.087	15	4.27791684626	0.0887480808702	107.986689329
gpc_7-CH2_8-CH2	65.0	0.097	0.087	16	4.2868938338	0.0880869050686	106.988991644
gpc_7-CH2_8-CH2	65.0	0.097	0.087	17	4.28818766407	0.0414908138739	31.1671227288
gpc_7-CH2_8-CH2	65.0	0.097	0.087	18	4.29320435308	0.0732684106166	-6.60832059858
gpc_7-CH2_8-CH2	65.0	0.097	0.087	19	4.29588224531	0.0873850876598	105.772757737
gpc_7-CH2_8-CH2	65.0	0.097	0.087	20	4.2971654871	0.0415491358594	30.9409288038
gpc_7-CH2_8-CH2	65.0	0.097	0.087	21	4.29769406773	0.0510354522979	-46.0238204729
gpc_7-CH2_8-CH2	65.0	0.097	0.087	22	4.29835870659	0.0114950283663	177.864969886
gpc_7-CH2_8-CH2	65.0	0.097	0.087	23	4.30218560514	0.0746059273324	-5.61215380781
gpc_7-CH2_8-CH2	65.0	0.097	0.087	24	4.30615438911	0.0416209892088	30.6502144463
gpc_7-CH2_8-CH2	65.0	0.097	0.087	25	4.30658673879	0.0413320622987	-39.384726679
gpc_7-CH2_8-CH2	65.0	0.097	0.087	26	4.30734839209	0.0992598729318	99.9202664107
gpc_7-CH2_8-CH2	65.0	0.097	0.087	27	4.3082383143	0.0996117568107	237.997521922
gpc_7-CH2_8-CH2	65.0	0.097	0.087	28	4.31117744661	0.07607246974	-4.64990336687
gpc_7-CH2_8-CH2	65.0	0.097	0.087	29	4.31313171859	0.0218449857551	207.471171019
gpc_7-CH2_8-CH2	65.0	0.097	0.087	30	4.31387413118	0.0176544063707	52.655461172
gpc_7-CH2_8-CH2	65.0	0.097	0.087	31	4.31557564822	0.041262915851	-38.8769160999
gpc_7-CH2_8-CH2	65.0	0.097	0.087	32	4.31617070917	0.0857513443073	102.280002794
gpc_7-CH2_8-CH2	65.0	0.097	0.087	33	4.31730303909	0.10267775107	241.826139257
gpc_7-CH2_8-CH2	65.0	0.097	0.087	34	4.3174537663	0.0417264676749	30.2003502992
gpc_7-CH2_8-CH2	65.0	0.097	0.087	35	4.32247954651	0.0780333139917	-3.51680538834
gpc_7-CH2_8-CH2	65.0	0.097	0.087	36	4.32615637577	0.0835291404059	246.968297188
gpc_7-CH2_8-CH2	65.0	0.097	0.087	37	4.32644270595	0.0418222278417	29.7870836626
gpc_7-CH2_8-CH2	65.0	0.097	0.087	38	4.32687501785	0.0411575123189	-38.1686935663
gpc_7-CH2_8-CH2	65.0	0.097	0.087	39	4.32831487917	0.00566811895689	50.3487803302
gpc_7-CH2_8-CH2	65.0	0.097	0.087	40	4.32864716427	0.0209148368498	216.104211746
gpc_7-CH2_8-CH2	65.0	0.097	0.087	41	4.33146974749	0.0796440046932	-2.69036820284
gpc_7-CH2_8-CH2	65.0	0.097	0.087	42	4.33586397748	0.0410618300762	-37.5551306147
gpc_7-CH2_8-CH2	65.0	0.097	0.087	43	4.33745323901	0.0828988220858	248.092043004
gpc_7-CH2_8-CH2	65.0	0.097	0.087	44	4.34644060416	0.0822085734745	249.091592049
gpc_7-CH2_8-CH2	65.0	0.097	0.087	45	4.37657161832	0.00185672123897	263.057440283
gpc_N(CH3)3_b	65.0	0.097	0.121	0	3.21008187989	1.65210591355	-6.62931765104
gpc_N(CH3)3_b	65.0	0.097	0.121	1	3.21199956076	0.354666634754	-4.88535549656
gpc_N(CH3)3_b	65.0	0.097	0.121	2	3.21199956069	0.0575739232318	206.328953297
gpc_N(CH3)3_b	65.0	0.097	0.121	3	3.21199956082	0.329847582703	5.34407207064
gpc_N(CH3)3_b	65.0	0.097	0.121	4	3.21199956094	0.0979118578316	140.974442893
gpc_N(CH3)3_b	65.0	0.097	0.121	5	3.21199956096	0.166167209744	-13.2308130821
gpc_N(CH3)3_b	65.0	0.097	0.121	6	3.21199956079	0.0224444552215	228.31594343
gpc_N(CH3)3_b	65.0	0.097	0.121	7	3.21199956099	0.189931987753	8.89247256086
gpc_N(CH3)3_b	65.0	0.097	0.121	8	3.21199956116	0.0293432586702	35.9655860157
gpc_N(CH3)3_b	65.0	0.097	0.121	9	3.21391764099	0.649484439343	-12.7123688439
gpc_N(CH3)3_b	65.0	0.097	0.121	10	3.21391793471	0.0232654787817	234.149742741
gpc_N(CH3)3_b	65.0	0.097	0.121	11	3.21391785016	0.0833128497497	144.967710222
gpc_N(CH3)3_b	65.0	0.097	0.121	12	3.21391839198	0.0436474331745	9.10005933462
gpc_glycerol	65.0	0.097	0.087	0	3.53712165309	0.002355093152	203.496952399
gpc_glycerol	65.0	0.097	0.087	1	3.54410022421	0.00205474612159	-23.8216064012
gpc_glycerol	65.0	0.097	0.087	2	3.54917396702	0.00350224559228	136.440616532
gpc_glycerol	65.0	0.097	0.087	3	3.56198243693	0.0393066118624	107.186510419
gpc_glycerol	65.0	0.097	0.087	4	3.5619868291	0.0172785253368	241.922890487
gpc_glycerol	65.0	0.097	0.087	5	3.56463347212	0.0174146224193	75.016932789
gpc_glycerol	65.0	0.097	0.087	6	3.56574445655	0.00717372396782	17.2366465842
gpc_glycerol	65.0	0.097	0.087	7	3.57032529606	0.0200489448339	71.5203714186
gpc_glycerol	65.0	0.097	0.087	8	3.57288117716	0.0181038487306	15.719987729
gpc_glycerol	65.0	0.097	0.087	9	3.57336044135	0.00310789405154	252.144565468
gpc_glycerol	65.0	0.097	0.087	10	3.57771069694	0.00593220138369	237.190919211
gpc_glycerol	65.0	0.097	0.087	11	3.57849802279	0.0173584187046	44.5040329554
gpc_glycerol	65.0	0.097	0.087	12	3.58116706376	0.0189323314538	86.8427840584
gpc_glycerol	65.0	0.097	0.087	13	3.58122508023	0.0460157246941	-4.3190470113
gpc_glycerol	65.0	0.097	0.087	14	3.58297543498	0.00184134039604	114.749003191
gpc_glycerol	65.0	0.097	0.087	15	3.59420207348	0.00540143800066	-50.5595985859
gpc_glycerol	65.0	0.097	0.087	16	3.59458790918	0.0019196584612	181.751119038
gpc_glycerol	65.0	0.097	0.087	17	3.59526973177	0.00827461808209	112.255190144
gpc_glycerol	65.0	0.097	0.087	18	3.59678339401	0.00237846490388	5.18144660771
gpc_glycerol	65.0	0.097	0.087	19	3.60600984182	0.00221377907638	269.075899478
gpc_glycerol	65.0	0.097	0.087	20	3.61164450205	0.0698693010132	61.4677018427
gpc_glycerol	65.0	0.097	0.087	21	3.61168545599	0.00780601078822	-29.9144623601
gpc_glycerol	65.0	0.097	0.087	22	3.61351022951	0.0109376000134	217.741818385
gpc_glycerol	65.0	0.097	0.087	23	3.61718721334	0.0406751220931	-8.50112943501
gpc_glycerol	65.0	0.097	0.087	24	3.61746620722	0.00925700986589	129.973718854
gpc_glycerol	65.0	0.097	0.087	25	3.61942412374	0.00271182143333	125.593808573
gpc_glycerol	65.0	0.097	0.087	26	3.62545584624	0.0482803170215	3.65417019061
gpc_glycerol	65.0	0.097	0.087	27	3.62910816806	0.00414608028251	171.571737354
gpc_glycerol	65.0	0.097	0.087	28	3.62946196858	0.00567518136352	262.929250397
gpc_glycerol	65.0	0.097	0.087	29	3.63015909823	0.00352657743594	111.026795329
gpc_glycerol	65.0	0.097	0.087	30	3.63064623122	0.0253331955884	194.139272389
gpc_glycerol	65.0	0.097	0.087	31	3.6308973401	0.0624134542362	-54.5975702179
gpc_glycerol	65.0	0.097	0.087	32	3.63098159004	0.015196919994	44.1966992121
gpc_glycerol	65.0	0.097	0.087	33	3.63312277017	0.00337560867192	91.220552901
gpc_glycerol	65.0	0.097	0.087	34	3.64713535374	0.0113042471599	252.519582816
gpc_glycerol	65.0	0.097	0.087	35	3.64750707733	0.0620029235195	48.0540131129
gpc_glycerol	65.0	0.097	0.087	36	3.64746906428	0.026040526084	-24.9921106125
gpc_glycerol	65.0	0.097	0.087	37	3.6477408176	0.0205577615979	176.105073882
gpc_glycerol	65.0	0.097	0.087	38	3.64933404729	0.0193636560241	20.0778121373
gpc_glycerol	65.0	0.097	0.087	39	3.6507524004	0.0211446393917	-66.2936191264
gpc_glycerol	65.0	0.097	0.087	40	3.65328892757	0.0398232242104	23.0202224009
gpc_glycerol	65.0	0.097	0.087	41	3.6568299803	0.0209760456834	-63.5790912601
gpc_glycerol	65.0	0.097	0.087	42	3.65713142765	0.0119183002812	87.6163863205
gpc_glycerol	65.0	0.097	0.087	43	3.65968194427	0.0277362390554	94.413402188
gpc_glycerol	65.0	0.097	0.087	44	3.66080049344	0.0184512353937	1.80252644233
gpc_glycerol	65.0	0.097	0.087	45	3.66262349048	0.0222711512208	213.269248549
gpc_glycerol	65.0	0.097	0.087	46	3.6627514865	0.0508946967109	-79.9774613941
gpc_glycerol	65.0	0.097	0.087	47	3.6627970794	0.0196342197538	142.565230221
gpc_glycerol	65.0	0.097	0.087	48	3.66490770063	0.000951567318306	259.617484306
gpc_glycerol	65.0	0.097	0.087	49	3.67721533164	0.00439725752106	216.460555306
gpc_glycerol	65.0	0.097	0.087	50	3.67781424085	0.00167079508465	63.7801533382
gpc_glycerol	65.0	0.097	0.087	51	3.67950128573	0.0053435625674	53.7150089811
gpc_glycerol	65.0	0.097	0.087	52	3.68000972569	0.00390537545631	217.873159838
gpc_glycerol	65.0	0.097	0.087	53	3.68128719493	0.00265307593296	-72.0301788162
gpc_glycerol	65.0	0.097	0.087	54	3.69071041699	0.00272080265623	176.335078339
gpc_glycerol	65.0	0.097	0.087	55	3.69718372715	0.0499150304562	-14.2290589891
gpc_glycerol	65.0	0.097	0.087	56	3.69715687801	0.00694657291641	108.964313041
gpc_glycerol	65.0	0.097	0.087	57	3.69851817336	0.00586127064893	53.9863685816
gpc_glycerol	65.0	0.097	0.087	58	3.70064618949	0.0173595454408	-78.3226459488
gpc_glycerol	65.0	0.097	0.087	59	3.70123719352	0.0104069600787	8.56613373187
gpc_glycerol	65.0	0.097	0.087	60	3.70245447363	0.0149643973799	-72.9259967187
gpc_glycerol	65.0	0.097	0.087	61	3.70709486346	0.0177946771621	-42.0655526555
gpc_glycerol	65.0	0.097	0.087	62	3.70889923784	0.0258664014264	257.424506121
gpc_glycerol	65.0	0.097	0.087	63	3.71139423424	0.00425116723988	-81.6953291536
gpc_glycerol	65.0	0.097	0.087	64	3.71237072002	0.0556342836734	236.636065012
gpc_glycerol	65.0	0.097	0.087	65	3.71249515818	0.00447524488976	48.8753479463
gpc_glycerol	65.0	0.097	0.087	66	3.73016975666	0.00688608982755	177.087468823
gpc_glycerol	65.0	0.097	0.087	67	3.73175213004	0.00134770260179	165.077322722
gpc_glycerol	65.0	0.097	0.087	68	3.74500470696	0.00137726896531	-4.48974171835
gpc_glycerol	65.0	0.097	0.087	69	3.79209022585	0.0012111610106	163.238564664
gpc_glycerol	65.0	0.097	0.087	70	3.80401456621	0.00131309033213	45.1289816928
gpc_glycerol	65.0	0.097	0.087	71	3.80650602466	0.00226071934587	66.0419359211
gpc_glycerol	65.0	0.097	0.087	72	3.80797506672	0.00220068535367	250.253549351
gpc_glycerol	65.0	0.097	0.087	73	3.81218981219	0.00715395278983	160.773769148
gpc_glycerol	65.0	0.097	0.087	74	3.8219021502	0.0200856612785	53.4145981282
gpc_glycerol	65.0	0.097	0.087	75	3.8236775389	0.00434691051125	192.1260015
gpc_glycerol	65.0	0.097	0.087	76	3.82533546253	0.00869257457664	19.6801036024
gpc_glycerol	65.0	0.097	0.087	77	3.826891376	0.00976193455995	23.5364973758
gpc_glycerol	65.0	0.097	0.087	78	3.83736078762	0.127924541992	25.4476981942
gpc_glycerol	65.0	0.097	0.087	79	3.84026356605	0.0028758781227	269.195068919
gpc_glycerol	65.0	0.097	0.087	80	3.84208833958	0.0059059455538	150.254971062
gpc_glycerol	65.0	0.097	0.087	81	3.84532177124	0.00400243983498	220.719713609
gpc_glycerol	65.0	0.097	0.087	82	3.85718276851	0.00530776860095	242.291749289
gpc_glycerol	65.0	0.097	0.087	83	3.85748879611	0.00779123284247	70.2831168031
gpc_glycerol	65.0	0.097	0.087	84	3.85748643756	0.00303691075131	191.416968724
gpc_glycerol	65.0	0.097	0.087	85	3.86304847175	0.0189837706646	-14.7948714053
gpc_glycerol	65.0	0.097	0.087	86	3.86362325475	0.00436488749712	170.788774366
gpc_glycerol	65.0	0.097	0.087	87	3.86528117596	0.00905044240103	152.362856258
gpc_glycerol	65.0	0.097	0.087	88	3.86663394259	0.00861767438174	56.463647983
gpc_glycerol	65.0	0.097	0.087	89	3.8742342375	0.0461827011485	12.354150407
gpc_glycerol	65.0	0.097	0.087	90	3.87711040454	0.00378908010559	108.280509357
gpc_glycerol	65.0	0.097	0.087	91	3.88014930752	0.0351329690116	-10.4410034844
gpc_glycerol	65.0	0.097	0.087	92	3.88053700844	0.0196199395386	108.338585302
gpc_glycerol	65.0	0.097	0.087	93	3.88267873654	0.0100486879075	233.869653185
gpc_glycerol	65.0	0.097	0.087	94	3.88504855277	0.0493176291259	74.7130765057
gpc_glycerol	65.0	0.097	0.087	95	3.88542453394	0.00425464156976	190.318648602
gpc_glycerol	65.0	0.097	0.087	96	3.89008734653	0.0337781992706	-11.2220743824
gpc_glycerol	65.0	0.097	0.087	97	3.89034115273	0.0506503703586	-62.883234949
gpc_glycerol	65.0	0.097	0.087	98	3.89069404916	0.019923885289	120.955889721
gpc_glycerol	65.0	0.097	0.087	99	3.89342294118	0.0838642544977	-3.40914397898
gpc_glycerol	65.0	0.097	0.087	100	3.89439056518	0.0235899134844	212.916274205
gpc_glycerol	65.0	0.097	0.087	101	3.89580616793	0.0483623693022	-15.1628690962
gpc_glycerol	65.0	0.097	0.087	102	3.89821850678	0.0289495352173	-0.535225295068
gpc_glycerol	65.0	0.097	0.087	103	3.90016536911	0.0295198016426	230.345624347
gpc_glycerol	65.0	0.097	0.087	104	3.90015599439	0.0576843625128	-6.16940732136
gpc_glycerol	65.0	0.097	0.087	105	3.90037086496	0.0633511818894	66.6797176561
gpc_glycerol	65.0	0.097	0.087	106	3.90214892106	0.00695228803516	-15.2588441618
gpc_glycerol	65.0	0.097	0.087	107	3.90234373639	0.0147496772109	125.597495433
gpc_glycerol	65.0	0.097	0.087	108	3.90240667232	0.0500524007858	55.6038440489
gpc_glycerol	65.0	0.097	0.087	109	3.90415925913	0.082452596036	0.279899590549
gpc_glycerol	65.0	0.097	0.087	110	3.90665754566	0.0540273926457	-84.9459215684
gpc_glycerol	65.0	0.097	0.087	111	3.90801031229	0.0251870638197	9.49998206843
gpc_glycerol	65.0	0.097	0.087	112	3.91014650957	0.0119902952117	11.0487884089
gpc_glycerol	65.0	0.097	0.087	113	3.91221973518	0.0389154145568	5.18363080881
gpc_glycerol	65.0	0.097	0.087	114	3.91470378317	0.0533724888865	7.14266067687
gpc_glycerol	65.0	0.097	0.087	115	3.91652213361	0.0183845178513	17.4291236607
gpc_glycerol	65.0	0.097	0.087	116	3.91926491916	0.0425058253591	265.733749066
gpc_glycerol	65.0	0.097	0.087	117	3.92017150905	0.0508949775396	-14.4770409438
gpc_glycerol	65.0	0.097	0.087	118	3.91981509692	0.0222585117964	53.4115295807
gpc_glycerol	65.0	0.097	0.087	119	3.92201663417	0.00502371779262	183.440503028
gpc_glycerol	65.0	0.097	0.087	120	3.9235009275	0.0118762340757	-79.06606061
gpc_glycerol	65.0	0.097	0.087	121	3.92408014419	0.0721758839306	-22.335454367
gpc_glycerol	65.0	0.097	0.087	122	3.92702354205	0.0173137312346	0.246319293051
gpc_glycerol	65.0	0.097	0.087	123	3.93018278932	0.0106896167497	202.488483551
gpc_glycerol	65.0	0.097	0.087	124	3.93171752243	0.0101540564356	191.062470148
gpc_glycerol	65.0	0.097	0.087	125	3.93185977592	0.016141944489	-38.9100028766
gpc_glycerol	65.0	0.097	0.087	126	3.9335406315	0.00293193713353	-49.1055824729
gpc_glycerol	65.0	0.097	0.087	127	3.93504039118	0.0010193007409	259.24096434
gpc_glycerol	65.0	0.097	0.087	128	3.94403223083	0.00602783040787	86.2629581444
gpc_glycerol	65.0	0.097	0.087	129	3.94594586238	0.00546742210665	-23.6288496794
gpc_glycerol	65.0	0.097	0.087	130	3.94806948771	0.0104906406472	259.142909753
gpc_glycerol	65.0	0.097	0.087	131	3.94993119394	0.0224996975053	32.1414269639
gpc_glycerol	65.0	0.097	0.087	132	3.95034989145	0.00232077620977	201.189954946
gpc_glycerol	65.0	0.097	0.087	133	3.95350400826	0.00668900266321	86.4729453411
gpc_glycerol	65.0	0.097	0.087	134	3.95753847857	0.0082619363806	234.382890571
gpc_glycerol	65.0	0.097	0.087	135	3.96072656032	0.125088520092	-42.5110546881
gpc_glycerol	65.0	0.097	0.087	136	3.96555307488	0.00507071299283	-87.7185778097
gpc_glycerol	65.0	0.097	0.087	137	3.97113552376	0.0187373731587	-40.481443595
gpc_glycerol	65.0	0.097	0.087	138	3.97218450993	0.00254198479593	171.136614664
gpc_glycerol	65.0	0.097	0.087	139	3.9734376796	0.0203533173856	-68.3937772308
gpc_glycerol	65.0	0.097	0.087	140	3.98089816727	0.00631305552205	0.564019140217
gpc_glycerol	65.0	0.097	0.087	141	3.98095536001	0.0219191969801	159.287620918
gpc_glycerol	65.0	0.097	0.087	142	3.9810178318	0.0101929005535	262.60367798
gpc_glycerol	65.0	0.097	0.087	143	3.98313880554	0.00298893636415	-2.10425567819
gpc_glycerol	65.0	0.097	0.087	144	3.98536453393	0.00924167802055	57.6912140541
gpc_glycerol	65.0	0.097	0.087	145	3.98842450408	0.00348849220387	169.675041283
gpc_glycerol	65.0	0.097	0.087	146	3.99085659676	0.0074618976659	11.1116746264
gpc_glycerol	65.0	0.097	0.087	147	3.99829034924	0.000946990787108	228.256267248
gpc_glycerol	65.0	0.097	0.087	148	4.00258839329	0.00895729914167	219.511951489
gpc_glycerol	65.0	0.097	0.087	149	4.0065617582	0.00719652353151	-34.3308833602
gpc_glycerol	65.0	0.097	0.087	150	4.00824283197	0.0016041772422	-84.6601620234
gpc_glycerol	65.0	0.097	0.087	151	4.0148140493	0.000990185875749	146.72846099
gpc_glycerol	65.0	0.097	0.087	152	4.01782892618	0.00274600683086	174.972210776
naa_acetyl	65.0	1.0	0.13	0	2.008	1.80545698593	38.6462827427
naa_aspartate	65.0	1.0	0.069	0	2.42994689622	0.0905963782894	255.853686632
naa_aspartate	65.0	1.0	0.069	1	2.46264925906	0.190451694994	88.242600387
naa_aspartate	65.0	1.0	0.069	2	2.48240737202	0.318397924146	-51.2005719947
naa_aspartate	65.0	1.0	0.069	3	2.5151094636	0.310751857674	82.2810267111
naa_aspartate	65.0	1.0	0.069	4	2.63340731909	0.334176623147	244.720729575
naa_aspartate	65.0	1.0	0.069	5	2.64673837437	0.294174192115	151.434208155
naa_aspartate	65.0	1.0	0.069	6	2.6858675775	0.117354570357	-82.6410947492
naa_aspartate	65.0	1.0	0.069	7	2.69919862589	0.176819926117	149.580406796
naa_aspartate	65.0	1.0	0.069	8	4.33805226897	0.127862389013	223.227439976
naa_aspartate	65.0	1.0	0.069	9	4.3513830937	0.111546692262	117.26809176
naa_aspartate	65.0	1.0	0.069	10	4.35958461114	0.12665341901	87.0358406636
naa_aspartate	65.0	1.0	0.069	11	4.3707545707	0.105845353557	10.1449506255
naa_aspartate	65.0	1.0	0.069	12	4.37291590033	0.123851551253	-21.0620967316
naa_aspartate	65.0	1.0	0.069	13	4.38408539298	0.110523117449	-86.2867187425
naa_aspartate	65.0	1.0	0.069	14	4.39228650928	0.108137096469	230.621085239
naa_aspartate	65.0	1.0	0.069	15	4.40561779602	0.102199833457	129.420156071
lactate	65.0	0.039	0.087	0	1.30248792427	1.11275635167	250.336369952
lactate	65.0	0.039	0.087	1	1.32581433637	1.21757557147	183.396602211
lactate	65.0	0.039	0.087	2	4.06255628652	0.0633618018178	186.558940404
lactate	65.0	0.039	0.087	3	4.08580041476	0.226288542222	57.8217478445
lactate	65.0	0.039	0.087	4	4.10911274289	0.18582784053	-77.2624059787
lactate	65.0	0.039	0.087	5	4.1094047898	0.0126287693399	108.157881878
lactate	65.0	0.039	0.087	6	4.13253700483	0.0781285364997	131.257602474
myoinositol	65.0	0.578	0.087	0	3.14666717957	0.000959159150579	-77.6901640385
myoinositol	65.0	0.578	0.087	1	3.1561701155	0.000967722132493	262.778517121
myoinositol	65.0	0.578	0.087	2	3.15736967482	0.000815908892198	-79.7845563476
myoinositol	65.0	0.578	0.087	3	3.18939356493	0.00108726218364	26.9013506011
myoinositol	65.0	0.578	0.087	4	3.23623722608	0.137259450023	203.795453178
myoinositol	65.0	0.578	0.087	5	3.23679093768	0.0166261449155	150.233741032
myoinositol	65.0	0.578	0.087	6	3.23786812094	0.0143777851536	206.218394253
myoinositol	65.0	0.578	0.087	7	3.26499455133	0.00944631662963	99.7177993421
myoinositol	65.0	0.578	0.087	8	3.26728965014	0.0587997502105	205.235975292
myoinositol	65.0	0.578	0.087	9	3.2675195563	0.117318119025	-10.2721616956
myoinositol	65.0	0.578	0.087	10	3.26751299559	0.00413571044755	-76.6430880693
myoinositol	65.0	0.578	0.087	11	3.26797754414	0.031927507992	114.24349912
myoinositol	65.0	0.578	0.087	12	3.26987902853	0.0157590942038	226.904557699
myoinositol	65.0	0.578	0.087	13	3.29742473375	0.0158880350692	-61.4749521659
myoinositol	65.0	0.578	0.087	14	3.29841316834	0.0841831868418	245.976791389
myoinositol	65.0	0.578	0.087	15	3.29944041935	0.0567937624354	138.564116416
myoinositol	65.0	0.578	0.087	16	3.34544819022	0.00187966132907	-78.3457020745
myoinositol	65.0	0.578	0.087	17	3.34727025946	0.00236925913828	-68.014864858
myoinositol	65.0	0.578	0.087	18	3.34749136888	0.0022963247004	215.1713854
myoinositol	65.0	0.578	0.087	19	3.35572543496	0.0045696597928	261.556030507
myoinositol	65.0	0.578	0.087	20	3.37726866397	0.00240320966586	181.429422092
myoinositol	65.0	0.578	0.087	21	3.37842798439	0.00510048142137	85.6498220086
myoinositol	65.0	0.578	0.087	22	3.38674475386	0.00240893214711	165.662435686
myoinositol	65.0	0.578	0.087	23	3.38692235571	0.00144777589744	61.2452193695
myoinositol	65.0	0.578	0.087	24	3.38843798204	0.00158627754353	52.3926722113
myoinositol	65.0	0.578	0.087	25	3.49658602344	0.238668957177	91.3596469905
myoinositol	65.0	0.578	0.087	26	3.49756265989	0.178959461789	-31.5578755055
myoinositol	65.0	0.578	0.087	27	3.50608458901	0.215471592322	44.6325138579
myoinositol	65.0	0.578	0.087	28	3.50724941159	0.220299730943	-53.5697803066
myoinositol	65.0	0.578	0.087	29	3.53089111576	0.423150664152	-66.8647843579
myoinositol	65.0	0.578	0.087	30	3.53055463125	0.028682250033	266.400460194
myoinositol	65.0	0.578	0.087	31	3.53968908287	0.221667813891	170.676847829
myoinositol	65.0	0.578	0.087	32	3.54072589051	0.320493940956	236.197946255
myoinositol	65.0	0.578	0.087	33	3.58607274251	0.202843115876	252.493133517
myoinositol	65.0	0.578	0.087	34	3.58576907591	0.00498619152104	95.4825927682
myoinositol	65.0	0.578	0.087	35	3.58615690049	0.0287788164197	-70.2554179392
myoinositol	65.0	0.578	0.087	36	3.61677290674	0.57978764144	-33.8923027779
myoinositol	65.0	0.578	0.087	37	3.61949280646	0.464899491028	22.9067142487
myoinositol	65.0	0.578	0.087	38	3.65029342901	0.135243739636	-52.2220116411
myoinositol	65.0	0.578	0.087	39	3.65049294663	0.204971707027	248.279693109
myoinositol	65.0	0.578	0.087	40	4.04427679215	0.231729667582	42.3265397643
myoinositol	65.0	0.578	0.087	41	4.05388052005	0.448415295223	-6.27263762009
myoinositol	65.0	0.578	0.087	42	4.06349916341	0.222728856998	-52.4407699819
pcho_N(CH3)3_a	65.0	0.058	0.121	0	3.2060818805	1.32111344608	-6.56967929798
pcho_N(CH3)3_a	65.0	0.058	0.121	1	3.20799956049	0.123546566364	251.062050246
pcho_N(CH3)3_a	65.0	0.058	0.121	2	3.20799956102	0.212250129787	179.80724415
pcho_N(CH3)3_a	65.0	0.058	0.121	3	3.20799956099	0.130873991491	110.043080513
pcho_N(CH3)3_a	65.0	0.058	0.121	4	3.20799956109	0.0177935836803	-39.5587128129
pcho_N(CH3)3_a	65.0	0.058	0.121	5	3.20799956098	0.0408306006689	-6.0700322295
pcho_N(CH3)3_a	65.0	0.058	0.121	6	3.20991750026	0.271178479714	191.517413169
pcho_N(CH3)3_a	65.0	0.058	0.121	7	3.20991748934	0.0620096407972	-2.04689034169
pcho_N(CH3)3_a	65.0	0.058	0.121	8	3.20991778485	0.0943801156287	256.81852397
pcho_N(CH3)3_a	65.0	0.058	0.121	9	3.20991759764	0.0600199391487	37.6580524691
pcho_N(CH3)3_a	65.0	0.058	0.121	10	3.20991833934	0.0611478861383	97.4572666022
naag_acetyl	65.0	0.16	0.13	0	2.032	1.89853751674	30.5600365516
naag_aspartyl	65.0	0.16	0.087	0	2.46274169543	0.175486002927	-49.7420591716
naag_aspartyl	65.0	0.16	0.087	1	2.49450147826	0.136136834175	98.7470354098
naag_aspartyl	65.0	0.16	0.087	2	2.51627255614	0.306326089365	-56.1064071438
naag_aspartyl	65.0	0.16	0.087	3	2.54803233898	0.311256513916	76.6136043303
naag_aspartyl	65.0	0.16	0.087	4	2.68014621287	0.302554990358	246.279404769
naag_aspartyl	65.0	0.16	0.087	5	2.69524501619	0.330741610276	149.722620012
naag_aspartyl	65.0	0.16	0.087	6	2.73367707359	0.153186658551	245.244195811
naag_aspartyl	65.0	0.16	0.087	7	2.7487758769	0.175879722301	127.041462193
naag_aspartyl	65.0	0.16	0.087	8	4.57372264483	0.253037071313	162.501527202
naag_aspartyl	65.0	0.16	0.087	9	4.58882144815	0.217748053487	54.7671047649
naag_aspartyl	65.0	0.16	0.087	10	4.60548242767	0.263944729237	-59.9635058938
naag_aspartyl	65.0	0.16	0.087	11	4.62058123099	0.239869660642	199.151583137
naag_glutamate	65.0	0.16	0.087	0	1.871	0.610638563134	63.6471826593
naag_glutamate	65.0	0.16	0.087	1	2.039	0.644816211331	28.5651434584
naag_glutamate	65.0	0.16	0.087	2	2.17	0.820964828248	22.3466330228
naag_glutamate	65.0	0.16	0.087	3	2.18	0.823550955784	23.1011199435
naag_glutamate	65.0	0.16	0.087	4	4.118	0.994581882918	-6.12336304621
pcho_X	65.0	0.058	0.087	0	3.62471119913	0.422788447365	107.282926064
pcho_X	65.0	0.058	0.087	1	3.62477316269	0.308799293109	103.715678854
pcho_X	65.0	0.058	0.087	2	3.62486445768	0.0189717132036	218.856804349
pcho_X	65.0	0.058	0.087	3	3.63118606637	0.0901939255843	63.1241195368
pcho_X	65.0	0.058	0.087	4	3.63118171948	0.00706951581587	253.927957977
pcho_X	65.0	0.058	0.087	5	3.63354019683	0.120665872003	45.9772304654
pcho_X	65.0	0.058	0.087	6	3.64063432312	0.367248738479	-7.19506265833
pcho_X	65.0	0.058	0.087	7	3.63985464391	0.0233680432623	212.542392107
pcho_X	65.0	0.058	0.087	8	3.64134281994	0.00516687587019	79.7321349314
pcho_X	65.0	0.058	0.087	9	3.64823693257	0.117159725543	-63.6863882018
pcho_X	65.0	0.058	0.087	10	3.64823331038	0.012060325777	70.5110252378
pcho_X	65.0	0.058	0.087	11	3.65059098668	0.0941587083681	-80.5665962238
pcho_X	65.0	0.058	0.087	12	3.65678290103	0.464839466818	234.773804751
pcho_X	65.0	0.058	0.087	13	3.73913769998	0.00379788339904	-8.40041886891
pcho_X	65.0	0.058	0.087	14	3.7391474082	0.00261252205712	124.561232469
pcho_X	65.0	0.058	0.087	15	4.16263165485	0.000720099917228	-5.74978132746
pcho_X	65.0	0.058	0.087	16	4.17179708887	0.00074841219927	-5.21668507366
pcho_X	65.0	0.058	0.087	17	4.18097324255	0.000769207952068	-4.88258641323
pcho_X	65.0	0.058	0.087	18	4.18372970344	0.00128341843233	105.775450569
pcho_X	65.0	0.058	0.087	19	4.19289614942	0.000784244465208	-4.59440116885
pcho_X	65.0	0.058	0.087	20	4.20207332867	0.000785782061535	-4.4611308514
pcho_X	65.0	0.058	0.087	21	4.24498805671	0.0897029804353	115.151380319
pcho_X	65.0	0.058	0.087	22	4.25117623034	0.0181315255977	69.6295852877
pcho_X	65.0	0.058	0.087	23	4.25353002872	0.0232748979372	50.7439997686
pcho_X	65.0	0.058	0.087	24	4.25415137226	0.0890198861641	114.414932134
pcho_X	65.0	0.058	0.087	25	4.26034183364	0.0181526528534	69.1679432627
pcho_X	65.0	0.058	0.087	26	4.26042599344	0.0387373373026	-7.30289941935
pcho_X	65.0	0.058	0.087	27	4.26193398259	0.0316169466875	-9.84142442952
pcho_X	65.0	0.058	0.087	28	4.26269565333	0.0233180046364	50.6290370316
pcho_X	65.0	0.058	0.087	29	4.26332667791	0.0882725636847	113.439353499
pcho_X	65.0	0.058	0.087	30	4.26596979985	0.016785846605	70.3020410787
pcho_X	65.0	0.058	0.087	31	4.26622459071	0.0120280449873	230.376822247
pcho_X	65.0	0.058	0.087	32	4.2682295992	0.0233014514259	-61.1283009039
pcho_X	65.0	0.058	0.087	33	4.26951916315	0.0181787453503	68.5445800145
pcho_X	65.0	0.058	0.087	34	4.27028304934	0.0715817182379	-7.41076080451
pcho_X	65.0	0.058	0.087	35	4.27058339758	0.0181219529963	-77.9230487733
pcho_X	65.0	0.058	0.087	36	4.27187302922	0.0233813100744	50.3920026256
pcho_X	65.0	0.058	0.087	37	4.27228196813	0.00528438331267	157.012603066
pcho_X	65.0	0.058	0.087	38	4.27520275374	0.0952276932839	108.051752321
pcho_X	65.0	0.058	0.087	39	4.27706171342	0.0844736448736	237.968984813
pcho_X	65.0	0.058	0.087	40	4.27739365253	0.0232841849552	-60.4888466685
pcho_X	65.0	0.058	0.087	41	4.27947385644	0.0730073503387	-6.38330332438
pcho_X	65.0	0.058	0.087	42	4.27974747222	0.0180876276699	-77.381236242
pcho_X	65.0	0.058	0.087	43	4.28144755342	0.018212515866	67.5123196364
pcho_X	65.0	0.058	0.087	44	4.28152751838	0.00664337845918	-69.5446747762
pcho_X	65.0	0.058	0.087	45	4.28416852206	0.106187897304	111.101737873
pcho_X	65.0	0.058	0.087	46	4.28380142513	0.0235010087989	49.9093775611
pcho_X	65.0	0.058	0.087	47	4.28622407381	0.0845697519503	238.486496033
pcho_X	65.0	0.058	0.087	48	4.28656905173	0.0232612757263	-59.7520715911
pcho_X	65.0	0.058	0.087	49	4.28892291781	0.018033250223	-76.7262805072
pcho_X	65.0	0.058	0.087	50	4.28933355904	0.00869053422978	216.961926594
pcho_X	65.0	0.058	0.087	51	4.29062489313	0.0182532969	66.5498096014
pcho_X	65.0	0.058	0.087	52	4.29141983911	0.0750877607507	-5.09551136771
pcho_X	65.0	0.058	0.087	53	4.29168741111	0.00891866158327	248.89654221
pcho_X	65.0	0.058	0.087	54	4.29297881002	0.0236047818737	49.4137691167
pcho_X	65.0	0.058	0.087	55	4.29539826151	0.0844978709766	239.109519315
pcho_X	65.0	0.058	0.087	56	4.29800588064	0.0112516154801	131.600376494
pcho_X	65.0	0.058	0.087	57	4.29832482014	0.00490783804683	235.49738162
pcho_X	65.0	0.058	0.087	58	4.29849781429	0.0232340063055	-58.6696076629
pcho_X	65.0	0.058	0.087	59	4.30060823191	0.0768025998044	-4.15844296246
pcho_X	65.0	0.058	0.087	60	4.300851686	0.0179270321303	-75.7252138966
pcho_X	65.0	0.058	0.087	61	4.30732422297	0.0841388578949	240.070673663
pcho_X	65.0	0.058	0.087	62	4.30767344445	0.0231962957179	-57.7611641243
pcho_X	65.0	0.058	0.087	63	4.31002736134	0.0178328626827	-74.8290548153
pcho_X	65.0	0.058	0.087	64	4.31649916366	0.0836361618864	240.925636354
pcho_X	65.0	0.058	0.087	65	4.38082028267	0.000886154517244	263.089253894
pcho_N(CH3)3_b	65.0	0.058	0.121	0	3.20608188019	1.65134596631	-6.56967058097
pcho_N(CH3)3_b	65.0	0.058	0.121	1	3.20799956096	0.378708117876	-6.85757944401
pcho_N(CH3)3_b	65.0	0.058	0.121	2	3.20799956109	0.13258653176	148.239973438
pcho_N(CH3)3_b	65.0	0.058	0.121	3	3.20799956086	0.0323130792113	238.734919937
pcho_N(CH3)3_b	65.0	0.058	0.121	4	3.2079995611	0.281260584502	-10.4456507511
pcho_N(CH3)3_b	65.0	0.058	0.121	5	3.20799956116	0.232175274427	-5.60508186952
pcho_N(CH3)3_b	65.0	0.058	0.121	6	3.20799956144	0.0600764178728	115.227467283
pcho_N(CH3)3_b	65.0	0.058	0.121	7	3.20799956133	0.104755715807	13.5123478777
pcho_N(CH3)3_b	65.0	0.058	0.121	8	3.20991765657	0.619042686841	-9.34072116859
pcho_N(CH3)3_b	65.0	0.058	0.121	9	3.20991774676	0.534109549851	-8.12143870635
pcho_N(CH3)3_b	65.0	0.058	0.121	10	3.2099177569	0.52359133241	-9.05375638752
pcho_N(CH3)3_b	65.0	0.058	0.121	11	3.20991794755	0.051190419123	251.212243959
pcho_N(CH3)3_b	65.0	0.058	0.121	12	3.20991787321	0.319828478454	-16.8433462567
pcho_N(CH3)3_b	65.0	0.058	0.121	13	3.2099178052	0.0601943529949	143.920642103
pcho_N(CH3)3_b	65.0	0.058	0.121	14	3.20991807077	0.0250366828962	186.562770078
pcho_N(CH3)3_b	65.0	0.058	0.121	15	3.20991811979	0.0259524809887	50.4257035283
pcr_X	65.0	0.422	0.081	0	3.93	1.99009488391	-7.78957419695
pcr_N(CH3)	65.0	0.422	0.09	0	3.029	2.99776649964	-1.7407679422
scyllo-inositol	65.0	0.044	0.087	0	3.34	5.9752010268	-8.03586528069
taurine	65.0	0.117	0.085	0	3.2209127337	0.192050746016	111.736587064
taurine	65.0	0.117	0.085	1	3.22397870406	0.0893574713952	51.3087257027
taurine	65.0	0.117	0.085	2	3.24241160821	0.216809651039	23.9327832426
taurine	65.0	0.117	0.085	3	3.24384596343	0.320163679852	-35.048055883
taurine	65.0	0.117	0.085	4	3.2458986755	0.454131883008	-7.0975003837
taurine	65.0	0.117	0.085	5	3.24772584198	0.0219488473647	-17.8170733656
taurine	65.0	0.117	0.085	6	3.26532934784	0.305782503045	203.584080776
taurine	65.0	0.117	0.085	7	3.26768692835	0.288054141966	213.070513389
taurine	65.0	0.117	0.085	8	3.39881286344	0.283766370182	131.010492579
taurine	65.0	0.117	0.085	9	3.40117086037	0.302689489051	140.546019188
taurine	65.0	0.117	0.085	10	3.41877394265	0.021984558258	1.96343842728
taurine	65.0	0.117	0.085	11	3.42060134666	0.455125591709	-8.69505539714
taurine	65.0	0.117	0.085	12	3.42265418585	0.320218540021	19.2029520788
taurine	65.0	0.117	0.085	13	3.42408818358	0.217191385932	-39.6042998462
taurine	65.0	0.117	0.085	14	3.44252147965	0.0903023124506	-66.2745709092
taurine	65.0	0.117	0.085	15	3.4455870826	0.192439036965	233.135932077
peth	65.0	0.126	0.087	0	3.19888736119	0.33931458828	101.224490602
peth	65.0	0.126	0.087	1	3.19907176336	0.00406312485942	10.8847978831
peth	65.0	0.126	0.087	2	3.20941142253	0.199241617722	34.9965522904
peth	65.0	0.126	0.087	3	3.2096625645	0.00875897030365	112.840993743
peth	65.0	0.126	0.087	4	3.21556729439	0.458629758085	-15.3499494279
peth	65.0	0.126	0.087	5	3.2160790825	0.0134800033505	219.218823496
peth	65.0	0.126	0.087	6	3.22245812086	0.231146258022	-48.1637402301
peth	65.0	0.126	0.087	7	3.22272311489	0.00593828135225	28.8385893832
peth	65.0	0.126	0.087	8	3.23266199854	0.475957160253	251.153282802
peth	65.0	0.126	0.087	9	3.2325290494	0.00918369768946	21.9881818109
peth	65.0	0.126	0.087	10	3.31453774467	0.000727845232494	-38.9977126709
peth	65.0	0.126	0.087	11	3.88827853336	0.000585287200048	-35.3196804391
peth	65.0	0.126	0.087	12	3.94598416605	0.0885216417596	92.6788366633
peth	65.0	0.126	0.087	13	3.9477535742	0.0886492168719	92.4210574761
peth	65.0	0.126	0.087	14	3.94952320498	0.0887688520947	92.1741072591
peth	65.0	0.126	0.087	15	3.95616938297	0.0444119955608	33.1615133708
peth	65.0	0.126	0.087	16	3.95793915015	0.044472624553	33.0702417456
peth	65.0	0.126	0.087	17	3.95970982617	0.0445292492621	32.9817034426
peth	65.0	0.126	0.087	18	3.96345752792	0.128068381283	3.00984818469
peth	65.0	0.126	0.087	19	3.9661134915	0.137657308552	-2.2581646459
peth	65.0	0.126	0.087	20	3.96921009824	0.0383177413879	-48.2681896244
peth	65.0	0.126	0.087	21	3.97000103599	0.0125988803007	227.929522406
peth	65.0	0.126	0.087	22	3.9716518459	0.108730794493	85.0987165288
peth	65.0	0.126	0.087	23	3.97097930466	0.0382500496152	-48.134686043
peth	65.0	0.126	0.087	24	3.97274844016	0.0381807328976	-48.0023660373
peth	65.0	0.126	0.087	25	3.97370378243	0.0901233053027	89.9339160168
peth	65.0	0.126	0.087	26	3.97973723437	0.0665669511678	242.181840928
peth	65.0	0.126	0.087	27	3.98008497677	0.00892970616414	-30.6783982435
peth	65.0	0.126	0.087	28	3.98179106181	0.0577336885583	40.8726490134
peth	65.0	0.126	0.087	29	3.98150661737	0.0661247156448	242.433750137
peth	65.0	0.126	0.087	30	3.98327642461	0.0656823348133	242.687568585
peth	65.0	0.126	0.087	31	3.98389273249	0.045170418647	32.1080263655
peth	65.0	0.126	0.087	32	3.98674994644	0.0101596053934	-68.5187321122
peth	65.0	0.126	0.087	33	3.98762904672	0.00898943202837	205.611906033
peth	65.0	0.126	0.087	34	3.98940268122	0.131374028305	5.11576786279
peth	65.0	0.126	0.087	35	3.99116383508	0.049860028387	-7.46765754467
peth	65.0	0.126	0.087	36	3.99314552716	0.00457545031489	51.9663397384
peth	65.0	0.126	0.087	37	3.99366395751	0.0162404896103	154.308780567
peth	65.0	0.126	0.087	38	3.99516303637	0.037505440907	-46.4472515749
peth	65.0	0.126	0.087	39	3.9969329801	0.0374587935837	-46.3438341286
peth	65.0	0.126	0.087	40	4.00385979526	0.0193399699195	45.4825205176
peth	65.0	0.126	0.087	41	4.00569013078	0.0607043266889	245.950740898
peth	65.0	0.126	0.087	42	4.00746012054	0.0603602579836	246.202150188
lm1	65.0	1.0	0.945781	L	50.72009	3.550126	-1.138201
lm2	65.0	1.0	1.475781	L	54.12614	2.855701	0.05457026
lm3	65.0	1.0	1.705781	L	68.32043	3.90728	-0.06015777
lm4	65.0	1.0	2.115781	L	96.4358	4.719139	-0.09620739
lm5	65.0	1.0	2.315781	L	69.70896	2.784562	-0.5775946
lm6	65.0	1.0	3.015781	L	42.72932	1.01768	-0.6582785
lm7	65.0	1.0	3.9854041	L	29.64625	1.209407	0.2889715
lm8	65.0	1.0	7.125781	L	274.476	4.046641	0.3027004
lm9	65.0	1.0	7.855781	L	37.37627	1.313574	0.02022181
lm10	65.0	1.0	2.655781	L	121.4557	2.349968	-0.5826102
lm11	65.0	1.0	1.235781	L	30.68139	0.7444791	-1.138201
lm12	65.0	1.0	-0.62824	L	1789.202	21.51878	-3.652967
lm13	65.0	1.0	3.295781	L	109.4958	1.665539	0.1635756
lm14	65.0	1.0	3.705781	L	169.6304	4.873533	-1.354319
