4096
128
0.00016600
297.2291150
1
Robarts Reserch Institute, 2017_07_04_TOPSY_030
 "Jul 04 2017"
MachS=0 ConvS=1.00e-03 V1=20.000 V2=20.000 V3=20.000 vtheta=0.0
TE=0.100 s TR=7.500 s P1=5.32757 P2=-22.93343 P3=13.15720 Gain=1.00
SIMULTANEOUS
0.0
EMPTY
-0.014102
-0.925846
0.460986
-0.956668
1.135508
-0.615285
1.337313
-0.023637
1.227008
0.738125
0.577745
1.160156
-0.090197
1.261024
-0.638208
0.832874
-0.775908
0.342691
-0.599839
-0.106342
-0.300288
-0.214830
-0.062584
-0.114895
-0.033357
0.029193
-0.207288
0.096271
-0.280503
-0.014097
-0.236307
-0.224148
-0.036671
-0.334010
0.259850
-0.265348
0.406019
0.037834
0.303122
0.372338
-0.001136
0.619364
-0.401936
0.549777
-0.716782
0.224511
-0.728698
-0.256776
-0.470762
-0.589341
-0.088732
-0.686688
0.278368
-0.562284
0.475171
-0.230787
0.458344
0.019851
0.248099
0.135615
0.150109
0.104738
0.107916
0.049877
0.219908
0.027163
0.276725
0.172743
0.243054
0.352324
0.055340
0.485572
-0.216305
0.391463
-0.371283
0.179548
-0.341285
-0.082222
-0.151515
-0.246719
0.120987
-0.228905
0.270661
-0.031159
0.269825
0.229508
0.084761
0.387431
-0.187742
0.349583
-0.344839
0.175111
-0.293828
-0.053733
-0.138037
-0.209393
0.077951
-0.177484
0.178460
-0.023867
0.119352
0.174373
-0.075711
0.236846
-0.262454
0.088596
-0.301003
-0.132080
-0.126082
-0.354963
0.198304
-0.342987
0.371558
-0.156227
0.356779
0.108324
0.192971
0.308530
-0.077919
0.335267
-0.208163
0.139631
-0.220266
-0.134976
0.009674
-0.281089
0.270046
-0.258507
0.442341
0.001555
0.386132
0.308278
0.155679
0.505345
-0.187752
0.496693
-0.416550
0.267165
-0.394601
-0.011923
-0.220232
-0.260069
0.072077
-0.271070
0.211449
-0.118368
0.226339
0.042112
0.097111
0.158284
-0.051325
0.170149
-0.115932
0.050817
-0.085542
-0.105295
0.093816
-0.137582
0.206099
-0.032987
0.195415
0.139410
0.072789
0.253406
-0.131769
0.240445
-0.309562
0.101475
-0.297383
-0.149800
-0.134507
-0.335296
0.120709
-0.401502
0.329196
-0.251765
0.410520
-0.015975
0.318520
0.207423
0.163104
0.308987
0.001151
0.261524
-0.063582
0.198136
-0.053801
0.134044
-0.025509
0.138414
-0.080998
0.178576
-0.177130
0.180117
-0.281406
0.051455
-0.301157
-0.117106
-0.185595
-0.285428
0.031361
-0.376084
0.291109
-0.323612
0.472761
-0.076442
0.434229
0.224797
0.255498
0.429436
-0.047279
0.471954
-0.286608
0.321752
-0.385724
0.085139
-0.258723
-0.163018
-0.089562
-0.253180
0.098103
-0.189226
0.143856
-0.059651
0.065068
-0.009265
-0.017088
-0.058314
-0.004352
-0.141332
0.164767
-0.233643
0.338896
-0.197791
0.468645
-0.010141
0.457977
0.267535
0.259230
0.504243
-0.000669
0.565711
-0.275222
0.413934
-0.421783
0.159589
-0.347010
-0.107298
-0.131055
-0.260108
0.101279
-0.218594
0.204671
-0.054702
0.199855
0.091842
0.069519
0.223039
-0.063250
0.145167
-0.120068
0.051653
-0.068380
-0.053602
0.022089
-0.062204
0.056721
-0.026302
0.040977
0.053367
-0.058435
0.064316
-0.132099
-0.022414
-0.140459
-0.178852
-0.026305
-0.304213
0.179288
-0.342149
0.369358
-0.230620
0.482424
-0.021503
0.393248
0.212893
0.222422
0.339277
0.022030
0.303491
-0.086427
0.205621
-0.085351
0.082579
-0.017803
0.015297
0.057109
0.048590
0.050413
0.116856
-0.024232
0.150998
-0.124719
0.121500
-0.161813
0.022251
-0.137125
-0.109839
-0.031127
-0.180147
0.092488
-0.147428
0.175569
-0.066377
0.147827
0.063541
0.027602
0.131167
-0.080755
0.105917
-0.114495
-0.003099
-0.088822
-0.116354
0.039883
-0.165405
0.183047
-0.093593
0.187299
0.024346
0.147245
0.121899
0.014280
0.137500
-0.078956
0.085889
-0.085545
-0.063895
-0.022636
-0.111671
0.090820
-0.140601
0.157600
-0.056119
0.150656
0.049092
0.088239
0.117570
-0.007459
0.097087
-0.049308
-0.011953
0.034776
-0.079603
0.149011
-0.109023
0.252880
-0.041975
0.239522
0.158664
0.141794
0.263417
-0.055107
0.279519
-0.201810
0.181946
-0.258644
-0.037209
-0.176269
-0.201283
0.010713
-0.255079
0.171500
-0.203182
0.232626
-0.026413
0.208359
0.116336
0.059683
0.197074
-0.090089
0.132597
-0.150622
-0.002623
-0.105387
-0.106596
0.007766
-0.125133
0.122777
-0.114117
0.106853
-0.011608
0.060778
0.044895
-0.010081
0.033335
-0.069323
-0.059549
-0.019828
-0.145436
0.103349
-0.191289
0.235486
-0.123420
0.290185
-0.008779
0.246704
0.171637
0.123980
0.217315
-0.024705
0.254154
-0.134696
0.155337
-0.149086
0.042168
-0.126362
-0.040763
-0.070009
-0.124834
-0.023237
-0.096725
-0.005734
-0.085680
0.012677
-0.103264
0.055533
-0.107698
0.097382
-0.130055
0.173777
-0.108919
0.228905
-0.023478
0.199903
0.115817
0.116821
0.211073
-0.069131
0.206372
-0.142706
0.125526
-0.210387
-0.013298
-0.123736
-0.155265
-0.015782
-0.214285
0.133314
-0.152742
0.186139
-0.076804
0.140541
0.039349
0.056337
0.078243
-0.003539
0.063355
-0.004476
-0.028282
0.044011
-0.106695
0.116699
-0.046156
0.173514
0.036790
0.124493
0.136558
-0.005910
0.179066
-0.106188
0.117949
-0.178353
-0.002054
-0.150339
-0.119075
0.004005
-0.203881
0.103988
-0.181580
0.212162
-0.064422
0.189166
0.065151
0.100705
0.148025
-0.016264
0.156267
-0.135154
0.088767
-0.143864
-0.028316
-0.097847
-0.137521
0.010208
-0.159215
0.074890
-0.095306
0.084131
-0.027280
0.039887
0.012406
-0.000831
-0.036333
-0.002757
-0.086264
0.069092
-0.122755
0.133930
-0.121149
0.213068
-0.034475
0.174511
0.077515
0.111538
0.158118
0.026891
0.179847
-0.095145
0.103327
-0.140593
0.018699
-0.074493
-0.048124
0.006766
-0.085065
0.071263
-0.053855
0.065557
-0.001861
0.007060
0.052680
-0.051287
0.030461
-0.073545
-0.023133
-0.063129
-0.049068
0.012873
-0.092296
0.060838
-0.086069
0.091330
-0.033571
0.067072
-0.001895
0.029280
0.050430
-0.027609
-0.005446
-0.016584
-0.043547
0.022381
-0.110412
0.065615
-0.092161
0.123028
-0.061062
0.133029
0.026788
0.073857
0.078606
-0.000264
0.077584
-0.048719
0.028454
-0.029738
-0.040580
0.008022
-0.089594
0.113038
-0.065470
0.123206
-0.004938
0.091943
0.078324
-0.002094
0.096375
-0.027542
0.086914
-0.082310
0.000241
-0.074051
-0.020224
-0.002330
-0.061612
0.052548
-0.056069
0.055446
0.006619
0.027652
0.027531
-0.046232
0.036103
-0.062735
-0.057783
-0.043139
-0.112477
0.037000
-0.175041
0.115512
-0.143704
0.187856
-0.066054
0.166815
0.031707
0.096122
0.108870
0.013528
0.133133
-0.077937
0.077804
-0.086122
0.002858
-0.098122
-0.087289
-0.046816
-0.109487
0.041776
-0.122282
0.075136
-0.058331
0.059125
-0.018172
0.018036
0.004137
-0.017806
-0.036076
0.014733
-0.056745
0.056127
-0.070008
0.110120
-0.056265
0.105173
0.032528
0.082781
0.109223
-0.027470
0.103424
-0.097370
0.055561
-0.115042
-0.007600
-0.094466
-0.066678
-0.053033
-0.152380
0.026752
-0.094223
0.069779
-0.050299
0.072078
-0.000720
0.072195
-0.000689
0.014812
0.033566
0.012367
0.016493
0.001718
0.004828
-0.002768
0.008962
-0.003371
0.012152
0.001599
0.013890
-0.065349
-0.005226
-0.061378
-0.040744
-0.051374
-0.095161
-0.017423
-0.103081
0.066344
-0.138374
0.106691
-0.112277
0.140548
-0.011956
0.128716
0.057177
0.058427
0.071432
0.018499
0.067692
-0.009920
0.020431
0.012620
-0.010713
0.031524
-0.016998
0.010359
0.042314
0.021437
0.035294
-0.014627
0.037236
-0.071445
-0.001382
-0.045034
-0.067541
-0.005016
-0.089005
0.038954
-0.124496
0.082588
-0.061066
0.103310
-0.015731
0.077640
0.050708
0.017420
0.049005
-0.054994
0.026281
-0.061299
-0.004172
-0.049840
-0.044662
-0.001578
-0.094919
0.021822
-0.082885
0.074911
-0.045918
0.048326
0.000520
0.033099
0.029853
-0.002715
0.010892
-0.009829
-0.036510
0.002065
-0.063200
0.009729
-0.025247
0.077359
-0.014785
0.023162
0.044244
-0.017610
0.034984
-0.050679
0.014022
-0.065305
0.000016
-0.083661
-0.048048
-0.009026
-0.077420
0.020627
-0.059714
0.065104
-0.061980
0.030975
-0.028325
0.031204
-0.010691
-0.006058
-0.003244
0.000123
-0.009941
-0.004914
-0.037980
0.007867
-0.055859
0.031077
-0.034893
0.027675
-0.032828
0.052838
0.013379
0.002660
0.026873
-0.033886
-0.004253
-0.018425
-0.024774
-0.007072
-0.048151
0.016109
-0.029029
0.031750
-0.023677
0.032397
-0.011639
0.018921
0.016468
0.003428
0.006115
-0.020650
-0.011303
-0.002575
-0.008538
0.021957
-0.023690
0.030447
-0.013564
0.069705
-0.021886
0.026803
0.040370
0.008645
0.034668
-0.020358
0.040695
-0.049065
0.017163
-0.038815
-0.042323
-0.040826
-0.033116
0.014298
-0.032196
-0.011435
-0.011706
0.012611
-0.015916
0.009939
-0.038956
-0.005396
-0.025916
0.019733
-0.016687
0.035030
-0.017771
0.057270
-0.008673
0.047016
0.003286
0.031425
0.050286
-0.006493
0.031759
-0.018771
0.050143
-0.055109
-0.006482
-0.028407
-0.034750
-0.014580
-0.077930
-0.002584
-0.064136
0.047436
-0.059696
0.083415
-0.026265
0.029816
0.029188
0.008536
0.016747
-0.002174
0.002049
0.047440
0.019661
0.008359
-0.027269
0.015187
-0.002749
0.018961
-0.019134
-0.000433
0.031154
-0.034809
-0.004440
-0.055360
0.012698
-0.036483
-0.037466
-0.015495
-0.048343
0.001474
-0.069716
0.038529
-0.020433
0.038279
-0.015586
0.037609
-0.006339
0.009727
0.025999
0.001291
0.028348
0.000055
0.021302
0.001207
0.013150
-0.027613
0.017521
0.009160
-0.004580
-0.019333
-0.011505
0.000594
-0.000328
-0.030123
-0.013435
0.001822
-0.005151
-0.014599
-0.019561
0.014216
-0.056463
0.054350
-0.002328
0.002006
-0.014597
0.044214
0.006782
0.012292
0.024690
-0.013698
0.052504
-0.023810
0.001063
-0.026441
0.001409
-0.005064
0.011586
-0.006071
-0.021309
-0.011669
-0.053340
0.009614
-0.010703
0.002549
-0.026097
0.000915
-0.001279
-0.002081
-0.055057
0.027707
0.002699
0.014276
-0.028830
0.020587
0.028497
0.003829
0.000815
-0.018685
-0.020591
-0.027354
0.014041
-0.022803
-0.006850
-0.001831
-0.039824
-0.011616
-0.034032
0.024260
-0.057210
0.041265
-0.033456
0.003063
0.023743
0.005920
0.005790
0.002781
-0.002547
-0.010865
-0.009536
-0.025602
-0.031792
-0.012805
-0.018824
0.001625
-0.019511
0.018448
0.010890
0.018003
0.016232
0.003864
0.018334
-0.022130
-0.009264
-0.027687
-0.022852
-0.051943
-0.014542
-0.018566
-0.038309
-0.007206
-0.024732
0.008857
-0.024310
-0.000276
0.014174
0.019341
0.037097
-0.002647
0.021114
-0.024767
0.006697
0.022326
-0.016565
0.039537
-0.004395
0.012123
-0.027815
0.008770
-0.002902
0.007958
-0.008994
-0.009281
0.026297
-0.004442
-0.021230
-0.004133
0.027497
0.017480
-0.016541
-0.019934
0.006303
0.013794
-0.039750
0.010844
-0.009990
-0.031760
0.024654
0.013219
-0.015131
0.005608
0.026952
0.011106
-0.006137
0.010615
-0.025008
-0.016608
0.000358
0.033164
-0.026130
0.011543
0.005796
0.016048
0.010826
-0.008642
-0.009772
-0.024057
-0.055481
-0.010524
-0.004941
0.017611
-0.018796
-0.006913
-0.037909
0.008778
-0.007299
-0.012743
-0.044539
0.030171
-0.006990
-0.024414
-0.017536
0.005219
0.018137
0.009420
-0.001904
-0.003003
-0.017864
0.006825
0.009069
-0.002902
0.015499
0.010557
-0.000856
-0.015883
-0.007842
-0.029760
0.022738
-0.016164
-0.045411
0.022836
-0.031602
0.013426
-0.012810
0.054491
-0.019935
0.008060
0.014173
-0.028110
0.006832
0.007212
0.029536
0.010399
0.012014
-0.047325
-0.003037
-0.009427
0.011092
-0.014924
-0.020459
0.019190
-0.012091
0.010035
-0.030271
0.010496
-0.018109
-0.012607
0.013852
-0.004252
-0.021444
0.006040
-0.020115
0.002163
-0.018999
0.000047
-0.005808
0.001787
-0.015403
0.030785
0.017386
0.012496
0.026393
-0.006042
0.002733
0.002332
0.025254
-0.017977
0.016638
0.000009
0.009513
0.020197
0.018166
0.008583
0.007658
0.009637
0.009863
0.013565
-0.003492
-0.000619
-0.025086
-0.010772
-0.033851
0.005421
0.010712
0.019580
0.006542
0.008036
-0.002978
-0.002327
0.012500
-0.021701
-0.001785
0.000676
0.007422
-0.007277
0.008603
-0.001749
-0.017123
0.003332
-0.009282
0.012266
-0.028449
0.023049
-0.038953
-0.042881
0.012368
0.011694
0.016480
-0.003991
0.001981
-0.017936
0.013219
-0.002275
-0.016824
0.020403
-0.035114
-0.007053
0.005116
-0.041342
-0.001900
-0.019899
0.006472
-0.007828
0.016717
-0.026988
-0.006646
-0.010806
-0.010192
-0.013414
-0.032527
-0.010857
-0.009828
0.003648
-0.022779
0.014585
0.004099
0.008074
-0.019028
-0.001548
0.011127
-0.029707
0.005781
-0.018449
0.046156
0.002684
-0.014910
-0.009940
-0.026868
0.000938
-0.007997
-0.001981
-0.016816
0.024422
-0.013902
0.012133
0.003090
-0.026713
-0.025654
-0.006730
-0.038539
0.012437
-0.035751
0.015269
0.002356
-0.008760
-0.004301
-0.028784
0.014219
-0.024897
-0.024166
0.004005
-0.006580
-0.012289
-0.004276
-0.006044
-0.019691
0.007184
-0.033216
0.010506
0.022039
0.008314
-0.011550
0.022116
-0.005091
0.003375
-0.020473
-0.013050
-0.011163
-0.000176
-0.012339
-0.003635
-0.016458
0.015752
-0.007255
0.014304
-0.006651
0.007889
0.009555
0.038977
-0.009963
0.010690
-0.019150
0.024757
0.027361
0.000894
-0.001726
0.003264
0.003596
0.011043
-0.021644
0.015842
-0.013910
0.027624
-0.027872
0.018005
-0.015039
-0.006956
0.001002
0.009694
-0.029219
0.003968
-0.006734
0.003498
0.010206
0.000734
0.010738
0.011350
-0.016212
0.013310
0.025245
-0.010007
-0.008312
0.014574
-0.036092
-0.011488
0.006674
-0.021880
-0.004034
-0.024537
-0.009367
-0.021299
-0.006500
-0.017605
-0.014107
0.017281
0.000224
0.000031
-0.003718
-0.018369
-0.003319
-0.004970
-0.014541
0.012446
-0.015864
-0.000966
-0.022563
-0.011521
-0.017587
0.013320
0.013484
-0.010221
-0.001768
-0.012046
0.016711
-0.010050
0.001087
-0.003960
-0.002432
-0.007637
-0.006587
0.002279
-0.006241
0.036167
-0.007846
0.017090
0.000231
0.011997
-0.004749
-0.004306
0.000956
-0.007037
0.001287
-0.003364
-0.017246
-0.006410
-0.028872
0.001554
-0.010954
-0.010824
0.018706
0.012519
0.000451
0.008943
0.011819
-0.024943
-0.010104
-0.017853
-0.030732
0.014504
-0.014947
-0.014106
-0.003249
0.002472
0.018650
0.012097
0.024682
-0.021729
0.015101
0.033717
-0.007764
0.006669
0.000607
0.016059
0.020556
-0.021451
0.003964
-0.019501
-0.012593
0.019841
-0.011218
0.002938
-0.021848
-0.000588
0.035764
0.007838
-0.016441
0.019302
0.017438
-0.014647
-0.001025
0.002211
0.017255
0.009650
-0.001278
0.015263
0.005956
-0.007098
0.017241
-0.019686
-0.020224
-0.032506
0.026964
-0.009984
-0.022959
-0.031258
0.011401
-0.027191
0.006287
0.004459
0.010900
-0.018461
-0.004070
-0.017205
-0.020020
0.014462
-0.001464
-0.022911
0.031840
0.001159
0.015294
-0.022011
0.004232
0.003793
-0.010117
-0.007690
-0.010676
-0.001345
-0.014953
0.014738
-0.021809
0.012386
-0.012002
0.006000
-0.022414
0.015423
-0.015761
0.001065
0.003423
0.016325
-0.000273
0.024128
0.018904
0.010105
-0.043232
0.008662
-0.011772
0.008584
0.001604
0.007517
-0.023701
-0.019302
0.018457
0.014694
-0.008469
-0.023722
0.004312
-0.009067
0.002338
-0.007714
0.040884
-0.026319
-0.000799
0.002492
0.015059
-0.000706
0.005184
0.011674
-0.010481
-0.001980
-0.014172
-0.013332
-0.011498
0.002827
0.005474
0.033962
-0.008106
-0.016461
0.001062
-0.027406
0.028165
-0.011974
0.017063
-0.003466
0.025831
-0.000715
-0.033606
0.008448
-0.006238
-0.026318
-0.002544
-0.011184
-0.006712
-0.026416
0.008429
0.005842
-0.004234
-0.010368
0.002769
-0.012254
-0.009205
-0.001986
-0.008614
0.005807
0.014100
0.026740
-0.013997
0.013287
0.013369
0.005183
-0.026303
-0.021380
-0.004322
-0.011848
-0.039512
-0.001520
-0.027437
-0.003319
-0.008107
-0.010049
-0.038353
-0.026834
-0.009449
-0.018731
-0.004643
0.010699
-0.015896
-0.007820
-0.002934
-0.003703
-0.016855
-0.009590
0.006397
0.014398
0.012736
0.014265
0.010938
-0.008368
-0.000368
0.029602
-0.008516
-0.020306
-0.021051
0.008147
0.004354
0.018989
-0.029016
-0.012665
-0.001720
0.011110
-0.003828
-0.002251
-0.012790
0.007926
-0.020034
0.046751
-0.017352
0.019292
0.016270
0.007809
-0.014892
0.009319
-0.020205
0.015974
0.008261
-0.008913
0.005606
-0.031623
-0.002447
0.008754
-0.009140
-0.036285
0.006792
0.023831
-0.010265
0.014807
-0.010525
0.005571
-0.025790
-0.000629
0.000436
-0.000868
-0.044094
-0.018853
0.002468
-0.032370
0.037766
-0.000692
0.009845
0.019667
0.010000
-0.019813
-0.017239
0.006468
-0.030994
0.005010
-0.014796
-0.023398
-0.004393
0.004934
-0.005045
-0.002814
-0.008688
0.007206
-0.008209
-0.024977
-0.009413
0.003721
-0.039323
0.013101
-0.021038
-0.009783
-0.031982
0.028295
-0.005990
0.011290
-0.008830
0.003111
-0.000961
0.007861
0.003942
0.001221
0.005422
0.023327
0.010767
-0.009935
0.009159
0.010368
-0.019794
-0.008861
0.022102
0.002617
-0.023321
-0.004814
-0.006143
0.002440
0.015976
0.013548
-0.004472
-0.003436
0.037621
0.007441
0.022980
0.015968
-0.016925
-0.008818
-0.007537
0.006884
0.004838
-0.043169
0.015366
-0.006670
0.006651
-0.006054
0.007906
0.041455
0.024990
0.042092
-0.016349
0.025369
0.018230
0.031548
0.009064
-0.005404
-0.034486
0.011680
-0.036293
-0.006497
0.003701
0.002072
0.017873
0.008268
-0.038293
-0.001244
0.017884
-0.020269
0.015978
-0.009331
-0.005851
0.015713
-0.022995
0.017241
-0.024524
-0.021221
-0.012972
-0.051290
0.000179
0.015014
-0.001088
-0.005763
-0.016209
-0.010609
0.000254
-0.001697
0.002367
0.006663
-0.024088
0.000359
-0.012388
0.003880
0.015012
0.014598
0.023158
0.001747
-0.004152
0.005740
0.001423
-0.024930
0.010502
0.016590
0.012097
-0.015172
0.000776
0.021305
-0.008727
0.006748
-0.020499
0.041748
-0.038562
-0.001783
0.015793
-0.010230
-0.008628
-0.012139
0.027386
-0.019753
-0.011463
0.011991
0.002378
0.020652
0.001274
-0.013959
-0.003805
0.003787
-0.018134
0.024478
-0.018786
-0.009104
-0.013253
0.020237
0.011427
-0.020984
0.018164
-0.020688
-0.000931
0.001485
0.021917
-0.028787
0.013147
-0.027674
0.033570
-0.000019
0.037959
0.020164
0.004565
-0.014981
-0.014399
-0.012946
0.021742
0.004982
-0.009140
-0.018121
0.016878
0.004643
-0.012366
0.014172
0.002333
-0.006585
-0.021936
-0.006064
-0.015197
0.008131
-0.000168
0.008489
-0.003756
0.030196
-0.005909
0.010899
0.009034
-0.029340
-0.015399
-0.006677
0.013427
0.000668
-0.032199
-0.009553
0.005289
0.023625
-0.016815
0.015713
-0.007975
0.005328
0.013853
0.001561
0.004510
-0.012340
0.019130
0.008367
0.020149
0.008834
0.017006
-0.001527
-0.012886
0.029266
0.011751
0.011796
-0.021939
0.004524
-0.000273
-0.009676
-0.015333
0.001426
-0.004544
0.034259
-0.001755
0.000818
-0.018530
0.023767
-0.001509
0.012434
0.001748
0.007030
-0.009844
-0.007824
0.008835
-0.003716
-0.020941
0.012637
0.020228
0.021082
-0.007286
0.012221
0.019769
0.003785
0.003609
-0.011509
0.016780
-0.019163
0.021374
0.014057
-0.000811
-0.007760
-0.005723
-0.004293
-0.004435
-0.023301
0.020667
0.005929
0.005072
-0.021830
0.011196
-0.028098
0.029108
-0.001418
0.010549
0.007470
0.009088
-0.001036
-0.004209
0.020412
-0.045497
-0.016306
0.001931
-0.017710
-0.003695
-0.013234
-0.013275
0.035591
-0.015484
-0.008233
-0.018296
-0.001684
0.021496
0.004857
0.012996
0.022680
0.017502
0.002353
-0.005216
-0.002202
0.004737
0.009401
-0.019751
-0.012996
0.020390
0.016100
0.006070
-0.007488
-0.033979
0.020862
-0.007953
0.033796
-0.022235
0.005536
0.007397
0.019945
0.015792
-0.002051
-0.003872
0.017799
0.020211
0.020954
0.025683
-0.029140
0.018264
-0.002487
-0.008784
-0.001899
0.023774
-0.030018
-0.037695
0.008960
0.005115
0.002226
-0.006248
0.000116
-0.032995
0.011156
-0.010387
0.014738
0.019939
0.025827
-0.008469
-0.006227
-0.017933
-0.015185
0.020835
0.016416
-0.007851
-0.009395
0.027168
0.006306
-0.004144
-0.010709
0.011089
0.020383
-0.005268
-0.010078
-0.005919
0.004469
0.000412
0.000398
0.001372
-0.014920
0.010304
-0.033772
-0.012422
0.034971
-0.007427
-0.006975
-0.000181
-0.011224
-0.009645
-0.003216
0.000300
0.004238
-0.008191
-0.001686
0.023616
0.007649
0.010541
-0.003732
-0.009928
0.005695
-0.027359
-0.009755
-0.018676
0.004309
-0.026483
-0.024644
0.031976
-0.001010
-0.024819
0.002521
-0.005273
0.007241
0.008865
0.010112
0.002823
0.023019
-0.003025
0.003488
0.008437
0.006595
0.004619
0.004016
0.018990
-0.021804
-0.004411
0.005329
-0.007549
-0.005994
-0.003794
0.017289
-0.004114
0.013302
0.030142
0.010573
-0.003822
0.031525
0.026760
-0.003185
-0.019487
-0.012895
-0.005734
0.010224
0.014092
0.004151
0.005831
-0.010840
0.006155
0.016346
0.020623
-0.024365
-0.010636
-0.001522
-0.000606
0.008274
-0.010716
0.023987
0.023237
-0.008232
0.003322
0.004217
-0.019095
0.015427
-0.001076
-0.000269
-0.009571
-0.007069
-0.022714
0.010421
-0.021510
0.005862
0.000251
0.002832
0.010135
-0.009056
0.021969
0.009839
-0.017537
0.006130
-0.012457
-0.029364
-0.000878
0.001612
0.026726
-0.007557
-0.009241
0.005908
-0.004840
0.013106
0.001671
0.002759
-0.009862
0.008016
0.004945
-0.029934
-0.026227
-0.009648
-0.013611
-0.027994
0.009100
0.022263
0.006208
-0.016386
0.012296
-0.007530
-0.020825
-0.010854
-0.028420
-0.001483
-0.000042
-0.003026
0.004507
-0.010858
-0.012900
0.024542
0.004141
-0.022057
-0.036092
0.008456
0.011210
0.024579
0.005938
-0.020083
0.032202
0.022494
0.000836
0.013364
-0.004923
0.008248
0.008836
0.013277
-0.010151
0.032953
0.001562
0.002541
0.022275
0.030257
-0.009985
0.014277
0.004885
0.012471
-0.037000
0.027872
-0.009734
-0.031298
0.007335
0.004376
-0.000740
0.006913
0.001722
0.000388
-0.013070
0.008789
-0.017765
0.000300
-0.029394
-0.020837
-0.021108
0.015941
-0.004481
0.001262
-0.027369
-0.013825
0.008747
-0.002469
-0.002815
-0.009393
-0.007870
0.022015
0.000103
0.001408
0.000084
-0.012781
0.004166
-0.014912
-0.005059
0.004577
-0.001524
-0.015187
-0.014828
-0.026525
-0.006223
0.005543
-0.003232
0.000895
-0.014802
0.003248
0.006928
-0.004125
-0.007760
-0.022423
-0.000132
0.004845
0.004646
-0.012634
0.002235
-0.036509
-0.002859
-0.011114
0.002342
-0.011396
0.025483
0.016307
0.018682
0.013371
0.014613
-0.005527
0.008056
-0.022618
0.007988
-0.001040
0.002359
0.030249
-0.003946
0.021217
0.000761
0.020552
-0.040137
0.027808
0.004776
0.026109
-0.016852
-0.008472
-0.023032
-0.002485
-0.006359
-0.009972
-0.005243
0.014880
-0.015982
-0.018342
-0.000554
-0.003380
-0.016186
-0.008960
-0.000093
0.022000
-0.007609
-0.000875
0.022520
-0.014711
0.002960
0.007677
0.010528
-0.025471
0.006170
0.012728
0.003718
-0.020616
0.003617
0.023701
-0.019418
-0.019658
0.005393
0.032199
0.005484
0.004853
-0.029377
0.005694
-0.017899
0.008527
-0.000270
-0.027659
-0.000886
0.016182
-0.014193
0.001598
-0.004970
0.025452
0.001991
0.008307
0.002710
-0.027900
-0.018957
0.021760
-0.015955
-0.002558
-0.004942
-0.012898
-0.005778
0.021837
-0.013584
0.013835
0.016184
-0.007402
0.012941
-0.022172
0.016737
0.016777
0.008496
0.022939
-0.007907
-0.000289
-0.004397
0.001138
0.002668
0.010254
-0.011335
-0.011847
0.018313
0.009844
-0.010054
-0.016362
0.005843
-0.008133
-0.024396
0.001948
-0.035055
0.007830
0.014561
-0.028678
0.016047
0.016066
-0.015898
-0.056721
-0.014679
-0.002336
-0.014036
-0.015961
0.015438
0.005280
0.004695
0.000198
-0.005242
-0.020809
0.028862
0.003536
-0.015849
0.006635
-0.010594
-0.004684
-0.018958
-0.007608
0.008110
0.010535
-0.006158
0.016803
0.003985
-0.027437
-0.017620
-0.003977
0.003574
-0.000325
-0.026303
0.004836
-0.000143
0.015192
0.007588
0.014865
-0.005214
-0.014377
0.015081
-0.020597
-0.009684
0.020069
0.004582
-0.001323
0.020549
-0.022419
-0.018956
0.009499
0.011838
0.047429
-0.008419
-0.003717
0.004692
0.014518
-0.012130
0.001691
0.016175
-0.008765
-0.002515
0.013460
0.007480
-0.022883
-0.012337
0.001461
0.014867
0.006384
0.006219
0.005920
0.022010
0.019293
0.001593
0.025669
-0.016810
-0.012764
-0.001034
0.024326
0.001902
-0.005544
-0.001380
-0.010172
0.007133
-0.009484
-0.010541
-0.013570
-0.019053
0.009420
-0.028461
-0.003043
-0.007848
-0.004006
-0.005238
-0.021416
-0.004988
0.021087
-0.012980
-0.014777
-0.024769
-0.000729
-0.009626
0.000104
-0.011256
-0.002397
-0.029355
-0.014009
-0.011070
0.004293
0.005314
0.014592
0.004719
-0.020888
-0.024697
0.003500
-0.022851
0.002933
-0.002169
0.014727
0.018638
-0.018304
-0.021741
0.010605
0.018906
0.010903
0.010406
-0.027991
-0.023199
-0.015312
0.004238
-0.000034
-0.037229
0.021771
0.008750
-0.043850
0.007727
0.002138
-0.021494
-0.015580
0.019796
-0.021021
-0.027906
-0.025186
-0.017186
-0.009246
0.000111
-0.021204
-0.007006
-0.026441
0.047943
-0.001741
-0.010781
0.008611
-0.002480
0.022641
-0.007776
0.015175
-0.006610
-0.012495
0.008002
-0.003364
0.014739
-0.012659
0.001649
-0.001627
-0.013806
0.003609
-0.025848
0.000620
-0.019767
0.002217
0.008092
0.004675
-0.002620
-0.008319
0.041361
-0.014833
0.015238
-0.007008
0.016100
0.004917
-0.008425
0.027108
0.008273
0.019523
-0.008669
0.023535
-0.009112
0.012550
-0.005811
0.000519
0.009161
-0.002483
-0.002638
0.008397
-0.029811
-0.024912
-0.015067
0.000712
0.020999
0.000540
0.031600
-0.014164
-0.000948
-0.022504
-0.007854
-0.002377
0.026988
0.022004
-0.019276
0.001945
0.005977
-0.039735
-0.018856
-0.016348
-0.021097
-0.013106
-0.002284
0.001132
-0.023106
-0.012913
-0.018682
-0.040959
0.003046
0.039214
0.006985
0.009692
0.008724
-0.025431
-0.005127
-0.029266
-0.015850
-0.009205
0.001510
0.013769
-0.006931
-0.009980
-0.027146
-0.021840
-0.007187
0.002658
-0.005131
-0.022985
-0.016992
0.006642
-0.012809
-0.021064
-0.028145
0.011179
-0.014150
-0.016974
-0.007784
-0.005210
-0.014281
-0.003504
0.017770
0.000003
-0.027224
-0.001458
-0.008961
0.022075
-0.002685
0.005327
0.010382
-0.014197
0.003811
0.019210
0.018265
0.029866
0.023222
0.010589
0.004187
-0.009941
0.011993
-0.025563
0.028772
-0.006365
0.009661
0.007021
-0.014775
0.000769
0.014666
0.025240
-0.022975
-0.005471
0.014493
-0.017960
0.012677
0.002823
-0.011367
0.006733
-0.024019
0.010747
0.024033
0.008073
-0.010149
0.011739
0.028038
0.012151
0.016473
0.016843
-0.012140
0.017514
0.007145
-0.020961
-0.004485
0.010419
0.024094
0.001612
0.003094
0.011483
0.009392
0.020692
-0.000202
0.001728
0.004986
0.003597
-0.004949
-0.003052
-0.008791
-0.009829
-0.012072
0.012787
-0.008544
0.003771
-0.016721
0.019430
-0.040121
-0.016251
0.013640
-0.020411
-0.001317
-0.013860
-0.000919
0.000049
-0.021441
-0.022692
-0.009080
0.001776
-0.007674
-0.004029
0.009386
-0.017495
0.004848
0.005248
-0.003585
-0.006594
0.014614
-0.021641
-0.003050
0.037217
0.003048
0.011959
0.013600
-0.015926
-0.009115
-0.043418
-0.004463
-0.014854
-0.007494
-0.031397
-0.009386
-0.008403
0.003954
0.014172
0.034178
0.021476
0.008423
-0.011331
-0.002735
-0.011775
0.007441
0.010273
0.003916
-0.012830
0.002607
0.003197
0.015399
0.002850
0.043804
0.005789
-0.029931
-0.033067
-0.018231
0.000928
-0.015716
-0.015577
0.032383
0.012344
-0.014087
0.002601
0.007924
-0.008079
0.012461
0.016067
-0.006342
-0.001709
-0.020843
-0.012968
-0.008049
0.015576
-0.016935
-0.009675
0.016530
0.028139
-0.012189
-0.005256
0.002336
-0.003072
-0.007638
0.010806
-0.014621
0.002998
-0.000981
-0.013618
-0.003884
0.005604
-0.003293
0.031758
0.007664
-0.004203
-0.021603
0.053617
-0.002083
0.015437
0.014968
0.010681
0.002880
0.035729
-0.018035
-0.017922
-0.017459
0.018111
0.024656
-0.013690
-0.000413
-0.026495
-0.015138
0.000581
-0.004049
-0.050843
0.007445
-0.016944
0.003263
0.049225
0.013034
-0.010058
0.014381
-0.013309
0.027234
-0.008317
-0.000062
-0.026555
-0.026310
-0.007979
0.012637
0.004526
0.000236
0.015375
0.001277
-0.016137
-0.012041
0.009599
-0.007750
0.020676
-0.000969
0.020902
0.011058
0.008517
0.023256
0.001735
-0.010295
-0.007275
0.000873
-0.002297
0.015694
-0.006379
0.012903
0.021628
-0.007816
-0.008837
-0.005607
-0.020515
-0.001460
-0.006535
0.017818
0.013770
0.010229
0.013186
0.019939
-0.011385
0.050563
0.035231
-0.008721
0.030804
-0.017627
0.023882
-0.005228
-0.007881
-0.002112
-0.005328
0.017149
0.020009
-0.011418
-0.000186
-0.009682
-0.019505
-0.024129
0.000314
-0.002637
-0.012031
0.002879
-0.005507
-0.005222
-0.015426
-0.001599
-0.003149
0.037443
-0.012218
-0.002804
-0.006093
-0.016263
-0.010361
0.006527
0.010167
-0.018872
0.010951
-0.009269
-0.003259
0.024833
-0.016114
0.000296
0.013452
0.009088
0.001100
0.011405
0.007326
-0.015582
0.020613
0.004510
-0.005092
-0.021699
-0.012902
0.008007
0.010857
-0.004832
0.027991
-0.021127
-0.017560
-0.007761
0.030310
-0.028188
0.000359
-0.013381
0.002602
0.029128
0.006187
0.000833
-0.008082
-0.016240
-0.013417
0.022949
0.006020
-0.000070
-0.000717
0.001191
0.002820
0.006027
-0.007758
-0.018074
-0.013611
-0.031690
-0.015719
0.010478
0.027739
0.001023
-0.001665
0.005101
-0.024648
-0.023575
0.002488
-0.007717
-0.033366
-0.020290
-0.021239
0.025774
0.001698
-0.006953
0.020855
-0.023389
0.011566
0.012539
0.001986
-0.017025
-0.011389
0.008990
-0.022438
0.023412
0.010184
-0.001014
0.013155
-0.022459
0.021841
0.021725
-0.010380
0.011697
0.001402
0.016786
-0.018328
-0.002017
-0.013165
0.002500
0.016744
0.014781
0.016735
-0.020988
-0.000278
0.010006
-0.001044
-0.009643
-0.023460
-0.000663
-0.003706
0.006346
0.017328
0.005938
0.019557
0.010662
-0.026546
0.001729
-0.013934
0.014181
-0.000792
0.018534
0.017900
-0.001127
0.034377
0.006494
-0.009126
0.000614
0.005798
-0.010596
0.023471
-0.005010
0.007345
-0.007341
0.030876
0.014294
0.004995
0.004928
0.008741
-0.009149
0.027029
-0.018045
0.013661
0.018394
0.021268
-0.011058
-0.016123
-0.017600
-0.002503
-0.008148
-0.004925
-0.015210
0.032516
-0.046553
0.000595
0.007909
0.012318
0.005688
0.015505
-0.014792
0.015400
-0.003698
-0.004862
0.036400
-0.015529
0.002840
-0.015972
0.010703
-0.007472
0.002586
0.004200
-0.039453
0.000121
-0.018251
0.018499
0.040016
-0.029306
-0.003133
0.017272
-0.008258
-0.008295
-0.009731
-0.009116
0.011661
0.009630
0.015692
0.019127
0.010400
-0.015432
-0.014121
-0.014364
-0.018137
0.010706
0.009977
0.005678
-0.013494
0.010157
-0.024075
-0.026085
0.013955
0.027963
-0.023109
-0.006872
-0.029032
-0.014026
0.019589
0.020652
0.008707
-0.019638
-0.022861
-0.013114
0.020225
0.022111
-0.021459
0.018448
0.014078
0.002339
0.015374
0.004686
0.021281
-0.020743
0.023862
-0.013507
0.014743
-0.007107
0.018573
-0.013263
0.010198
-0.003597
-0.008946
0.006952
-0.024375
-0.004071
0.014088
-0.006731
0.009646
-0.000409
0.001912
0.001175
-0.020650
0.027827
0.016261
0.023550
-0.024149
0.011900
0.010066
0.009350
-0.000191
0.041631
-0.003172
0.018438
-0.008445
-0.005170
0.011899
0.011767
-0.011797
0.010582
-0.021684
0.005694
0.003672
0.022271
-0.009883
0.019632
-0.006919
-0.006984
-0.034464
-0.000226
0.003252
0.003632
-0.012199
-0.015755
-0.005297
-0.005504
-0.018489
-0.012398
-0.031269
-0.005141
-0.010039
-0.008681
-0.027256
0.003599
-0.018178
0.020337
-0.034442
0.005577
0.031917
0.020254
0.000894
0.010729
-0.004430
-0.016444
0.005726
0.008572
-0.000066
-0.037339
-0.008247
0.005303
-0.031527
0.014568
-0.008660
0.000870
-0.021830
0.004452
-0.019048
-0.012759
-0.013873
0.010754
0.014284
0.000821
0.004622
0.004536
0.013089
-0.023376
0.006633
-0.003797
0.003514
0.007855
0.016785
0.022516
0.010178
-0.007814
-0.000384
0.001768
0.018233
-0.010842
-0.005698
0.007560
0.015577
0.009911
-0.014134
-0.002805
0.020825
0.001361
0.027463
-0.004829
0.016768
-0.013325
0.022463
-0.006184
0.010471
-0.016178
0.029000
0.021091
0.011572
0.002844
-0.009502
-0.008537
-0.002334
0.025978
-0.010127
0.008176
-0.011697
0.017600
0.003188
-0.024874
-0.009199
-0.008305
0.003637
-0.013626
-0.006885
-0.000421
-0.031069
-0.009535
0.005143
0.014217
-0.026660
0.003668
0.018577
-0.018161
-0.018181
0.011593
-0.034498
0.009417
-0.002323
0.023712
0.002552
0.018976
-0.028061
-0.010862
-0.008882
-0.020148
0.010798
0.013161
-0.007441
-0.013687
-0.011417
-0.011372
-0.031684
0.012554
0.024453
0.004954
-0.002325
-0.005078
0.028452
-0.016377
0.022583
-0.022875
0.007111
0.009815
-0.034201
-0.032694
-0.033837
0.007251
0.001562
-0.008165
0.007014
0.015999
-0.015311
0.024123
-0.012433
0.018227
-0.000094
-0.021445
0.004499
0.024705
-0.013498
-0.025947
0.006420
-0.012417
-0.015179
-0.015464
-0.018934
-0.033813
-0.005911
-0.011257
0.009908
-0.012975
-0.027984
0.004218
-0.022090
0.011578
-0.003548
-0.000421
-0.011244
-0.002278
-0.004198
0.035610
0.022136
-0.015936
0.005958
-0.000520
-0.002598
-0.003042
0.031738
0.004574
0.005603
-0.006715
-0.003866
0.030005
-0.012007
-0.024029
0.004370
-0.004007
-0.006758
-0.021684
-0.014609
0.006364
-0.034931
-0.037776
0.019343
-0.006085
-0.025174
0.006832
-0.011889
-0.005432
0.013277
0.016167
0.031132
0.010605
0.017600
-0.008808
0.014183
-0.026552
0.010629
0.004137
0.005735
-0.007506
0.000644
-0.011437
0.020231
-0.017118
-0.024107
-0.001378
-0.013143
-0.018144
0.002985
0.014249
-0.005216
0.007851
0.002877
0.015887
0.018287
-0.003963
-0.014256
0.015348
-0.001942
0.036321
-0.021253
0.006105
-0.000759
0.014406
0.004283
0.022620
0.004892
-0.017886
-0.009363
-0.015809
-0.022825
0.004048
0.006566
-0.023884
-0.006864
0.006187
-0.000885
0.024094
0.023852
-0.003447
-0.007981
0.025663
-0.010134
0.017724
0.004751
-0.030606
-0.026769
-0.003008
-0.014047
0.021360
0.016626
-0.026991
-0.004649
0.005241
0.009141
-0.026786
0.042469
-0.010160
-0.004698
-0.021351
0.014983
-0.023806
-0.030047
-0.002748
0.011207
0.009858
0.009534
-0.006669
0.035290
-0.022716
0.009810
0.006965
0.003938
-0.014852
0.001886
-0.018979
0.010391
0.007742
-0.002995
-0.028684
0.016260
0.020846
-0.019213
-0.009580
0.021423
-0.012297
-0.022647
0.008207
-0.005420
-0.006386
0.012467
-0.010746
0.019485
-0.011667
0.004493
0.018321
-0.006115
0.007110
-0.025523
0.006833
-0.007130
0.020157
-0.025964
-0.027352
-0.025066
-0.003727
0.001519
-0.017085
0.012980
0.006418
0.001990
-0.010249
-0.008698
-0.018736
-0.016855
-0.002614
0.005053
0.010275
-0.006202
-0.008544
-0.009903
0.007196
-0.000668
-0.003436
-0.013870
-0.013092
-0.033368
0.003362
-0.024528
-0.027775
-0.001473
0.014113
-0.032227
-0.003300
-0.032395
0.008450
0.005390
0.016460
0.013375
-0.007588
0.029097
-0.011504
0.003789
-0.023278
-0.009509
-0.002807
-0.022671
-0.015467
-0.022518
-0.021344
-0.000692
-0.022330
-0.011443
-0.016062
0.001762
-0.014969
0.024601
0.002132
-0.014258
0.011610
0.015460
0.009053
0.003871
-0.021631
-0.005353
-0.025367
-0.017113
0.019741
0.013528
-0.024433
-0.000060
-0.009047
0.024714
-0.021848
-0.001750
0.014931
0.027366
-0.015089
0.021837
0.004702
-0.016303
0.010488
0.031075
-0.011398
-0.024176
-0.021256
0.004288
-0.005744
0.023793
0.013180
-0.020411
0.009843
-0.025565
0.012953
-0.007296
-0.007360
-0.043998
0.005517
-0.010375
-0.016231
-0.009464
0.021521
-0.007567
-0.008406
-0.009076
0.015690
-0.016771
0.005608
-0.001332
-0.027826
-0.025677
-0.027784
-0.012860
-0.010076
-0.022730
0.021617
0.004376
-0.024157
-0.002019
0.019124
-0.003264
0.003034
0.011282
-0.009338
0.025751
0.009734
-0.002621
-0.017992
0.000332
-0.001231
0.010954
-0.008265
-0.024539
-0.003046
-0.022240
0.005264
0.019856
-0.005958
0.001540
-0.010548
0.015906
0.017767
-0.010008
0.005269
0.002220
-0.016783
-0.004859
-0.012828
-0.007703
-0.028404
-0.016961
0.003583
0.012746
-0.006124
-0.034917
0.006043
-0.025238
-0.025509
0.009179
-0.021528
0.008045
0.010747
0.011403
-0.007437
-0.002899
-0.005109
-0.014515
-0.023334
0.004228
-0.003360
-0.006515
0.010933
0.010201
-0.005365
0.002315
-0.002742
-0.007332
0.003029
-0.007567
0.000911
0.004057
-0.006658
0.016721
0.005309
0.015657
-0.017766
0.005568
0.003174
-0.000824
-0.010945
-0.009852
-0.012826
-0.007119
0.010270
-0.020093
0.003454
-0.012526
0.031307
0.010435
0.006605
0.030928
-0.001920
-0.005293
-0.011641
-0.024986
0.008248
0.012211
-0.027497
0.019671
-0.021540
-0.012768
0.000994
0.009580
0.024737
0.017549
-0.011778
0.018245
0.004924
0.030733
-0.019869
-0.014518
-0.023923
0.009936
-0.007266
0.029993
-0.020090
0.010280
0.026055
0.033534
0.002635
0.010720
-0.016518
0.021333
0.009084
-0.010964
0.020597
0.007637
0.007936
0.025775
-0.010904
0.002784
-0.016791
0.006953
0.005328
-0.010378
0.001101
-0.015138
0.003147
0.006189
0.022018
0.002665
0.003711
0.012232
-0.040049
-0.007204
0.018739
0.025665
-0.004012
0.002433
-0.012741
0.008830
0.001561
0.004659
0.018815
-0.028943
-0.003929
0.040535
0.020065
0.043512
-0.009345
0.027932
-0.009176
0.009119
0.028861
0.009547
-0.043084
-0.022769
0.009771
-0.006105
0.015264
0.021738
-0.008446
-0.027692
-0.000737
0.016103
0.008002
0.007303
-0.010319
-0.001792
-0.019156
-0.013577
-0.032586
0.018342
0.008774
-0.020844
0.002774
0.016085
0.020640
-0.002435
-0.027966
-0.014033
-0.003103
-0.008765
-0.002871
-0.001279
-0.006489
0.002347
0.009269
0.000856
0.023259
-0.004333
-0.005050
-0.002774
0.006470
-0.006538
-0.026199
0.006083
-0.005626
-0.041998
-0.005399
0.019496
-0.008031
-0.000463
0.016481
0.001995
-0.025236
0.004638
-0.000794
0.004429
-0.014360
0.010004
-0.032399
-0.033648
0.005269
-0.003875
0.007211
-0.000985
-0.015046
-0.021077
-0.002725
0.002179
-0.000841
0.004046
-0.015809
0.007938
-0.020698
-0.002864
-0.007417
0.003175
-0.002811
-0.003651
-0.033030
0.006982
0.000601
0.002636
0.014568
0.027260
0.018611
0.010089
-0.013009
0.001264
0.001854
0.002151
0.003274
0.031348
-0.015983
0.014568
0.015995
0.008541
-0.011643
0.025465
0.000926
0.001001
0.024866
0.025065
0.035530
0.010989
-0.005038
-0.009031
-0.012553
0.011731
0.003062
0.014063
-0.036879
-0.004873
-0.012393
-0.011226
0.018077
0.000484
0.035096
-0.017161
0.021188
0.018959
-0.019314
-0.017407
-0.010107
-0.026924
-0.003059
0.001185
-0.000417
0.002604
-0.007934
0.001451
0.009535
-0.010388
0.017577
0.009091
0.018444
0.011260
-0.002543
-0.002245
0.007817
0.023117
0.015877
-0.008477
0.009175
0.010361
0.014284
-0.006830
-0.030931
-0.001854
0.004470
-0.000447
0.025613
-0.003908
0.007497
-0.022965
-0.015268
-0.006986
-0.001409
-0.007837
-0.015030
-0.027506
0.019301
-0.014180
0.007142
-0.019646
0.022435
-0.017562
0.000884
-0.005177
-0.013584
-0.007194
-0.007615
-0.023606
0.014639
-0.014890
-0.003770
-0.019788
-0.018801
0.000359
0.023854
0.012040
-0.004953
0.028863
-0.003227
-0.018157
-0.007253
-0.004214
-0.011110
-0.017595
0.015885
-0.030838
-0.008407
0.014548
0.005795
-0.026239
-0.010711
0.011270
-0.009035
-0.000340
0.029928
0.011241
0.017301
0.002789
-0.007962
0.018266
-0.018479
-0.019231
0.022152
-0.007988
0.009750
0.000324
0.002237
0.007864
0.037229
0.010649
-0.010240
0.024149
0.009091
-0.035751
-0.015214
-0.007159
0.016893
-0.000769
-0.021247
0.007128
0.004432
-0.009992
-0.006911
-0.020173
0.000328
0.013328
-0.006423
0.010406
-0.005875
0.009215
0.017364
-0.015566
-0.045063
-0.006204
0.000757
-0.004086
-0.027254
-0.008253
-0.007817
-0.038544
-0.044446
0.009870
0.007672
0.014949
0.001247
0.015748
0.000748
-0.001909
0.022395
-0.004721
0.012545
-0.009238
0.008792
0.016125
0.015256
-0.021663
-0.010261
0.022862
-0.001747
-0.011721
0.010696
0.006895
0.013821
-0.011048
0.016610
-0.005771
0.035290
-0.005497
0.009656
-0.008319
0.000819
-0.024786
0.010114
0.032292
-0.027754
-0.010566
0.005178
-0.003750
-0.029149
-0.014069
0.005726
0.008391
-0.012686
0.007153
0.028727
-0.007700
-0.028639
-0.010893
-0.010333
-0.015682
0.011290
-0.019130
-0.002495
0.018324
-0.006306
0.006736
0.007669
-0.012989
-0.013612
0.021626
-0.015888
-0.003928
-0.018773
0.014031
-0.009656
-0.033301
0.001059
0.009720
-0.008809
-0.006468
0.003541
-0.008400
0.013358
0.004934
-0.002650
-0.010345
-0.014240
-0.008195
0.024818
0.028246
-0.004144
-0.007092
-0.005319
-0.036654
0.018056
-0.003149
-0.021798
-0.007918
0.001018
0.030522
0.003581
-0.003338
0.030383
0.010343
0.016193
0.018742
0.003048
0.009417
-0.005504
0.015768
0.005736
0.007134
0.009282
-0.031696
-0.027337
-0.007015
-0.000744
-0.001806
0.003343
-0.017118
-0.004090
0.032580
0.018050
-0.011859
-0.012044
-0.016938
-0.003948
0.020397
0.005732
-0.013323
0.001694
-0.006009
-0.019454
0.033662
0.023355
0.014332
-0.032498
-0.005272
-0.023548
-0.035140
0.017200
0.008221
-0.005016
0.023018
-0.027382
0.039545
0.013743
0.007061
-0.006346
0.021072
-0.021840
-0.002441
-0.007474
0.011927
-0.041197
0.007092
0.014323
-0.008884
-0.017486
0.020178
-0.006899
0.018347
-0.012166
-0.008048
-0.029690
-0.026027
-0.004844
-0.010866
-0.032437
-0.019947
-0.018043
0.002019
0.033916
-0.014284
0.003730
-0.005135
-0.009612
0.012307
0.023992
-0.001156
-0.023253
-0.020849
0.003295
0.004171
0.014655
-0.023613
0.003615
-0.006606
0.038284
0.000562
-0.014394
-0.007562
-0.034964
-0.014917
-0.033134
0.002756
-0.005617
-0.011659
-0.005754
0.022655
-0.011474
0.000609
-0.001275
0.033975
0.000812
-0.014627
0.006244
-0.019285
-0.003822
0.004883
0.006792
-0.011507
-0.017712
0.017596
-0.000608
-0.019888
-0.018478
-0.027773
0.009703
0.009141
-0.016454
-0.029578
-0.021040
-0.019001
0.000733
-0.018104
0.015872
-0.056355
-0.001093
-0.031719
0.020762
-0.060642
