;PINTS for FITMAN Simulation Output
;Experiment Information
;---------------------------------------------------------------------------
;Name: semi-LASER
;Created: 2017_10_30
;Comment: Density-matrix simulations of metabolites using PyGAMMA and metabolite parameters from V. Govindaraju et. al, NMR Biomed. 2000;13:129-153
;PI: bartha-olemew
;b0: 297.2
;49 Metabolites: alanine, aspartate, choline_1-CH2_2-CH2, choline_N(CH3)3_a, choline_N(CH3)3_b, creatine_N(CH3), creatine_X, d-glucose-alpha, d-glucose-beta, gaba, glutamate, glutamine, glutathione_cysteine, glutathione_glutamate, glutathione_glycine, glycine, gpc_7-CH2_8-CH2, gpc_glycerol, gpc_N(CH3)3_a, gpc_N(CH3)3_b, lactate, myoinositol, naa_acetyl, naa_aspartate, naag_acetyl, naag_aspartyl, naag_glutamate, pcho_N(CH3)3_a, pcho_N(CH3)3_b, pcho_X, pcr_N(CH3), pcr_X, peth, scyllo-inositol, taurine, lm1, lm2, lm3, lm4, lm5, lm6, lm7, lm8, lm9, lm10, lm11, lm12, lm13, lm14
;Simulation Results
;---------------------------------------------------------------------------
choline_N(CH3)3_a	45.0	0.165	0.121	0	3.18308188091	1.3311624927	-5.58969318203
choline_N(CH3)3_a	45.0	0.165	0.121	1	3.18499956214	0.121511740254	101.646916622
choline_N(CH3)3_a	45.0	0.165	0.121	2	3.18499956219	0.0811857046349	151.252345258
choline_N(CH3)3_a	45.0	0.165	0.121	3	3.18499956232	0.0504266425467	-76.3705896207
choline_N(CH3)3_a	45.0	0.165	0.121	4	3.18499956234	0.0509541635199	3.44030357917
choline_N(CH3)3_a	45.0	0.165	0.121	5	3.18499956223	0.110478383894	247.157872484
choline_N(CH3)3_a	45.0	0.165	0.121	6	3.18499956214	0.103327957764	-84.9088485942
choline_N(CH3)3_a	45.0	0.165	0.121	7	3.18691781014	0.339308777791	151.511404963
choline_N(CH3)3_a	45.0	0.165	0.121	8	3.18691759936	0.116181224482	40.7941735384
choline_N(CH3)3_a	45.0	0.165	0.121	9	3.18691809417	0.227048828026	132.46757352
choline_N(CH3)3_a	45.0	0.165	0.121	10	3.1869179003	0.0288251611162	235.113081273
choline_N(CH3)3_a	45.0	0.165	0.121	11	3.18691817091	0.173481615923	106.945805614
aspartate	45.0	0.117	0.087	0	2.60315461543	0.2201494083	101.552805283
aspartate	45.0	0.117	0.087	1	2.63321004478	0.294604725478	-1.24720659401
aspartate	45.0	0.117	0.087	2	2.66178300881	0.15186748458	-41.0005794944
aspartate	45.0	0.117	0.087	3	2.69183843816	0.0566527508857	160.753063761
aspartate	45.0	0.117	0.087	4	2.77093866344	0.152127389234	162.123632364
aspartate	45.0	0.117	0.087	5	2.78379157363	0.0505988636773	129.162766513
aspartate	45.0	0.117	0.087	6	2.82956705682	0.232220848684	14.0446749515
aspartate	45.0	0.117	0.087	7	2.84241996702	0.28322207453	-77.1343097393
aspartate	45.0	0.117	0.087	8	3.8701699882	0.292670466146	82.8269580811
aspartate	45.0	0.117	0.087	9	3.8830228984	0.246015722064	9.49369982624
aspartate	45.0	0.117	0.087	10	3.90022541756	0.2274541445	-5.76433525432
aspartate	45.0	0.117	0.087	11	3.91307832775	0.201590764745	240.592022604
alanine	45.0	0.078	0.087	0	1.45445941456	0.269282232945	116.094729957
alanine	45.0	0.078	0.087	1	1.47881405069	0.391749565614	253.217207067
alanine	45.0	0.078	0.087	2	3.7382838008	0.119512845864	156.383270472
alanine	45.0	0.078	0.087	3	3.76261125076	0.343649779608	45.372588612
alanine	45.0	0.078	0.087	4	3.78695500064	0.356326609492	-64.3108211878
alanine	45.0	0.078	0.087	5	3.81130127456	0.11831677706	188.058709796
choline_1-CH2_2-CH2	45.0	0.165	0.087	0	3.48365138603	0.339888939473	75.8620241637
choline_1-CH2_2-CH2	45.0	0.165	0.087	1	3.48340724382	0.0238540232678	6.24867866979
choline_1-CH2_2-CH2	45.0	0.165	0.087	2	3.4838750549	0.0406937039944	130.436301327
choline_1-CH2_2-CH2	45.0	0.165	0.087	3	3.49446202103	0.162996421224	22.9218591205
choline_1-CH2_2-CH2	45.0	0.165	0.087	4	3.49441809057	0.0145209810837	209.521781629
choline_1-CH2_2-CH2	45.0	0.165	0.087	5	3.49451015708	0.0122209692683	-42.4566280006
choline_1-CH2_2-CH2	45.0	0.165	0.087	6	3.50042799042	0.297415699674	-15.5989933893
choline_1-CH2_2-CH2	45.0	0.165	0.087	7	3.50001051972	0.0557365361805	-83.4698063297
choline_1-CH2_2-CH2	45.0	0.165	0.087	8	3.50095191714	0.034252140908	90.4483390022
choline_1-CH2_2-CH2	45.0	0.165	0.087	9	3.50738536279	0.168341687284	-42.2965719864
choline_1-CH2_2-CH2	45.0	0.165	0.087	10	3.50734198018	0.00434621097882	108.392536637
choline_1-CH2_2-CH2	45.0	0.165	0.087	11	3.50743404668	0.0284359807479	181.899693522
choline_1-CH2_2-CH2	45.0	0.165	0.087	12	3.51754337958	0.173008397439	263.035622225
choline_1-CH2_2-CH2	45.0	0.165	0.087	13	3.51755593319	0.0233970418913	-24.5381026872
choline_1-CH2_2-CH2	45.0	0.165	0.087	14	3.51796755989	0.173272469483	-87.7751307721
choline_1-CH2_2-CH2	45.0	0.165	0.087	15	3.51797091101	0.0190354967883	38.1313595732
choline_1-CH2_2-CH2	45.0	0.165	0.087	16	3.59567488242	0.00278712918908	-29.7291790415
choline_1-CH2_2-CH2	45.0	0.165	0.087	17	3.96815265095	0.00179721942459	240.047515004
choline_1-CH2_2-CH2	45.0	0.165	0.087	18	4.02840406539	0.172295298868	76.3403664138
choline_1-CH2_2-CH2	45.0	0.165	0.087	19	4.03773614964	0.256341776814	59.6251211801
choline_1-CH2_2-CH2	45.0	0.165	0.087	20	4.04573550579	0.147749342514	-0.689317834717
choline_1-CH2_2-CH2	45.0	0.165	0.087	21	4.04585662236	0.034608574341	150.746044334
choline_1-CH2_2-CH2	45.0	0.165	0.087	22	4.04628113774	0.0267586767331	211.941347222
choline_1-CH2_2-CH2	45.0	0.165	0.087	23	4.04760333888	0.0840506078359	25.962501238
choline_1-CH2_2-CH2	45.0	0.165	0.087	24	4.05169566395	0.0817377370441	-39.2432168103
choline_1-CH2_2-CH2	45.0	0.165	0.087	25	4.0545570676	0.149165762046	-0.636669622437
choline_1-CH2_2-CH2	45.0	0.165	0.087	26	4.05639419526	0.0178036247039	209.412946818
choline_1-CH2_2-CH2	45.0	0.165	0.087	27	4.05649512241	0.010906185738	42.77439291
choline_1-CH2_2-CH2	45.0	0.165	0.087	28	4.06052690563	0.0816583561999	-38.9195055108
choline_1-CH2_2-CH2	45.0	0.165	0.087	29	4.06268421378	0.197936243147	262.699024325
choline_1-CH2_2-CH2	45.0	0.165	0.087	30	4.06288441363	0.0272856436941	-51.0618642214
choline_1-CH2_2-CH2	45.0	0.165	0.087	31	4.06931808487	0.0229777044937	156.157761189
choline_1-CH2_2-CH2	45.0	0.165	0.087	32	4.06941901201	0.0144495623795	251.248778294
choline_1-CH2_2-CH2	45.0	0.165	0.087	33	4.07133658998	0.170271743168	268.464769566
choline_1-CH2_2-CH2	45.0	0.165	0.087	34	4.07996127587	0.040771315455	-81.5715182441
choline_1-CH2_2-CH2	45.0	0.165	0.087	35	4.08042102971	0.0298164529972	177.649292783
creatine_N(CH3)	45.0	0.296	0.09	0	3.027	2.99245671131	-1.99041999712
creatine_X	45.0	0.296	0.081	0	3.913	1.98955593849	-7.77809336975
d-glucose-alpha	45.0	0.049	0.087	0	3.31839016453	0.00325918634242	198.332757942
d-glucose-alpha	45.0	0.049	0.087	1	3.349644211	0.00390342741747	70.1259492894
d-glucose-alpha	45.0	0.049	0.087	2	3.35209972375	0.0106739221639	173.586938313
d-glucose-alpha	45.0	0.049	0.087	3	3.36152096262	0.129379696003	132.110636525
d-glucose-alpha	45.0	0.049	0.087	4	3.36375674867	0.0295304427286	106.220935264
d-glucose-alpha	45.0	0.049	0.087	5	3.3833719119	0.012700829821	62.467693844
d-glucose-alpha	45.0	0.049	0.087	6	3.39325616513	0.278222704465	-6.72747564077
d-glucose-alpha	45.0	0.049	0.087	7	3.39513328909	0.0260234388447	-31.9413447071
d-glucose-alpha	45.0	0.049	0.087	8	3.40380693584	0.00927441106624	-74.465834164
d-glucose-alpha	45.0	0.049	0.087	9	3.40403054749	0.00268505864578	263.887216835
d-glucose-alpha	45.0	0.049	0.087	10	3.42500108797	0.212513107978	211.414202902
d-glucose-alpha	45.0	0.049	0.087	11	3.43533169352	0.0150834773399	155.289741697
d-glucose-alpha	45.0	0.049	0.087	12	3.43710796783	0.00229676792822	-82.2698546048
d-glucose-alpha	45.0	0.049	0.087	13	3.43745991754	0.00181451816612	251.011997288
d-glucose-alpha	45.0	0.049	0.087	14	3.46876350494	0.00544929279973	138.752909598
d-glucose-alpha	45.0	0.049	0.087	15	3.49499609287	0.165340902192	50.1559935979
d-glucose-alpha	45.0	0.049	0.087	16	3.49524763106	0.0406251832117	12.0996040017
d-glucose-alpha	45.0	0.049	0.087	17	3.50773498933	0.224287687432	-5.36866506661
d-glucose-alpha	45.0	0.049	0.087	18	3.52732862454	0.273825365548	-39.088972899
d-glucose-alpha	45.0	0.049	0.087	19	3.54002429949	0.241977237881	256.604445985
d-glucose-alpha	45.0	0.049	0.087	20	3.66849654373	0.235820470581	131.798608636
d-glucose-alpha	45.0	0.049	0.087	21	3.70026729183	0.598956625933	-1.89707522274
d-glucose-alpha	45.0	0.049	0.087	22	3.71005662535	0.0643906819366	27.6298005414
d-glucose-alpha	45.0	0.049	0.087	23	3.71259368038	0.0663880691856	4.31394961741
d-glucose-alpha	45.0	0.049	0.087	24	3.72175271535	0.0357733198755	-4.07868944333
d-glucose-alpha	45.0	0.049	0.087	25	3.732279355	0.321004215433	-32.6481734035
d-glucose-alpha	45.0	0.049	0.087	26	3.73214211353	0.0286792583539	262.632081818
d-glucose-alpha	45.0	0.049	0.087	27	3.75238461561	0.20996966631	-12.0091280951
d-glucose-alpha	45.0	0.049	0.087	28	3.76248974692	0.0113220038153	-43.1298595565
d-glucose-alpha	45.0	0.049	0.087	29	3.77328737099	0.21703441411	-25.218345137
d-glucose-alpha	45.0	0.049	0.087	30	3.77417898254	0.0747945659616	21.1306249741
d-glucose-alpha	45.0	0.049	0.087	31	3.79606514991	0.0555021226084	59.5619332079
d-glucose-alpha	45.0	0.049	0.087	32	3.80032896483	0.0975502465515	71.2746487789
d-glucose-alpha	45.0	0.049	0.087	33	3.80652385223	0.0733660731787	-30.6862806436
d-glucose-alpha	45.0	0.049	0.087	34	3.80790495695	0.0792861746537	26.0027130688
d-glucose-alpha	45.0	0.049	0.087	35	3.81079423819	0.226231234168	34.9469456804
d-glucose-alpha	45.0	0.049	0.087	36	3.81304798432	0.172439287658	-15.6906785549
d-glucose-alpha	45.0	0.049	0.087	37	3.81822197719	0.186716375941	41.5197122427
d-glucose-alpha	45.0	0.049	0.087	38	3.8224924418	0.0253802695124	68.6541283419
d-glucose-alpha	45.0	0.049	0.087	39	3.82813150474	0.201008812965	-66.262037468
d-glucose-alpha	45.0	0.049	0.087	40	3.83326885923	0.128161288913	-82.765222887
d-glucose-alpha	45.0	0.049	0.087	41	3.84805186491	0.10822499049	-84.766404546
d-glucose-alpha	45.0	0.049	0.087	42	3.84848364275	0.18297917081	-8.64119211846
d-glucose-alpha	45.0	0.049	0.087	43	3.85326967204	0.202712951838	-26.2869495095
d-glucose-alpha	45.0	0.049	0.087	44	3.85318456296	0.0259513363052	229.308435319
d-glucose-alpha	45.0	0.049	0.087	45	3.89678615631	0.00415749268329	-70.7232080379
choline_N(CH3)3_b	45.0	0.165	0.121	0	3.18308188064	1.66283412852	-5.5896933889
choline_N(CH3)3_b	45.0	0.165	0.121	1	3.18499956199	0.166837187238	143.318126154
choline_N(CH3)3_b	45.0	0.165	0.121	2	3.18499956241	0.062882072105	234.318118153
choline_N(CH3)3_b	45.0	0.165	0.121	3	3.18499956222	0.333144921833	1.68440850531
choline_N(CH3)3_b	45.0	0.165	0.121	4	3.18499956196	0.0142852561744	-67.4270529726
choline_N(CH3)3_b	45.0	0.165	0.121	5	3.18499956238	0.084171327994	157.32399048
choline_N(CH3)3_b	45.0	0.165	0.121	6	3.18499956246	0.152786715525	21.5225588684
choline_N(CH3)3_b	45.0	0.165	0.121	7	3.18691776069	0.719969857214	-7.69388402208
choline_N(CH3)3_b	45.0	0.165	0.121	8	3.18691791855	0.0512447843866	177.572194823
choline_N(CH3)3_b	45.0	0.165	0.121	9	3.18691786741	0.607946598451	-5.04869466717
choline_N(CH3)3_b	45.0	0.165	0.121	10	3.18691794553	0.549696812938	1.42308377624
choline_N(CH3)3_b	45.0	0.165	0.121	11	3.18691814293	0.277503705854	6.13527606182
choline_N(CH3)3_b	45.0	0.165	0.121	12	3.1869181891	0.251133655943	-19.8103667098
choline_N(CH3)3_b	45.0	0.165	0.121	13	3.18691811919	0.00756219890256	82.2710437388
glutamate	45.0	0.898	0.088	0	1.96706804127	0.0111280623783	238.871495975
glutamate	45.0	0.898	0.088	1	1.99094252965	0.0246710245842	56.8096706838
glutamate	45.0	0.898	0.088	2	1.9909810453	0.0146463942489	150.254140965
glutamate	45.0	0.898	0.088	3	1.99400006985	0.0367465879559	92.9987216421
glutamate	45.0	0.898	0.088	4	2.01485536067	0.026622966328	-17.2669170164
glutamate	45.0	0.898	0.088	5	2.01680099928	0.0382902223434	133.231950565
glutamate	45.0	0.898	0.088	6	2.01798457648	0.0939775352533	-14.434102609
glutamate	45.0	0.898	0.088	7	2.04036762694	0.0664391890883	93.5220150508
glutamate	45.0	0.898	0.088	8	2.04202460837	0.0559270363028	244.863432363
glutamate	45.0	0.898	0.088	9	2.04412977497	0.0442875976236	67.9368705634
glutamate	45.0	0.898	0.088	10	2.06405000071	0.0243834461373	22.3154819463
glutamate	45.0	0.898	0.088	11	2.06772537301	0.0891812947716	-24.8266527916
glutamate	45.0	0.898	0.088	12	2.08373400035	0.0224886353977	70.9849265487
glutamate	45.0	0.898	0.088	13	2.0916096957	0.0545481342991	231.11058262
glutamate	45.0	0.898	0.088	14	2.0921638647	0.051960648913	37.6250539474
glutamate	45.0	0.898	0.088	15	2.0931028643	0.0333681493812	103.986559148
glutamate	45.0	0.898	0.088	16	2.10865132787	0.0877041986648	1.41176849764
glutamate	45.0	0.898	0.088	17	2.11718319984	0.014894182623	166.427663984
glutamate	45.0	0.898	0.088	18	2.11766375294	0.0547312620135	-21.0543844367
glutamate	45.0	0.898	0.088	19	2.13343335061	0.0296850321822	91.9640704293
glutamate	45.0	0.898	0.088	20	2.13370905658	0.0237982495073	248.310454962
glutamate	45.0	0.898	0.088	21	2.1414089918	0.0386229209372	69.9372448306
glutamate	45.0	0.898	0.088	22	2.14323256942	0.0360769778793	79.5843512663
glutamate	45.0	0.898	0.088	23	2.15745696313	0.0340086292571	0.0637939126622
glutamate	45.0	0.898	0.088	24	2.15947305764	0.0334211079795	-11.5677236348
glutamate	45.0	0.898	0.088	25	2.16730562707	0.0351056679008	-23.5063423868
glutamate	45.0	0.898	0.088	26	2.18329414391	0.0337463958767	208.625977275
glutamate	45.0	0.898	0.088	27	2.26791425812	0.00598482556189	153.9764079
glutamate	45.0	0.898	0.088	28	2.2913641889	0.00890894317602	73.594652966
glutamate	45.0	0.898	0.088	29	2.29186371628	0.00383281701123	1.49806783448
glutamate	45.0	0.898	0.088	30	2.31581816714	0.00184177626007	-80.8589545372
glutamate	45.0	0.898	0.088	31	2.32095367589	0.481359536624	142.824813372
glutamate	45.0	0.898	0.088	32	2.34490987901	0.38119149835	46.1462639717
glutamate	45.0	0.898	0.088	33	2.34725006934	0.381122025072	24.326649192
glutamate	45.0	0.898	0.088	34	2.36913148745	0.0299136090443	-72.1595899118
glutamate	45.0	0.898	0.088	35	2.36915150439	0.0220832745486	246.056949
glutamate	45.0	0.898	0.088	36	2.37372064224	0.0762640386887	-77.3684892861
glutamate	45.0	0.898	0.088	37	2.37397589032	0.00846844114755	139.693678981
glutamate	45.0	0.898	0.088	38	2.40079094336	0.00994727398644	29.3220222567
glutamate	45.0	0.898	0.088	39	3.72337200783	0.247847044676	79.9995372391
glutamate	45.0	0.898	0.088	40	3.73950736505	0.233237587999	-11.7883368523
glutamate	45.0	0.898	0.088	41	3.74731836745	0.233970449662	-8.213353098
glutamate	45.0	0.898	0.088	42	3.76341999006	0.104878410174	-83.5398544558
glutamate	45.0	0.898	0.088	43	3.76358164076	0.121933416915	261.022820273
gaba	45.0	0.155	0.082	0	1.83609170247	0.0315585792416	-75.3022113858
gaba	45.0	0.155	0.082	1	1.83815637494	0.0186122061094	-81.0036169154
gaba	45.0	0.155	0.082	2	1.85696880793	0.00481332666515	174.17729367
gaba	45.0	0.155	0.082	3	1.86099975089	0.100971903988	189.582357099
gaba	45.0	0.155	0.082	4	1.86262428444	0.0114030368582	194.379776191
gaba	45.0	0.155	0.082	5	1.8630071922	0.0256510814623	142.999710288
gaba	45.0	0.155	0.082	6	1.86522932593	0.0212803108301	131.469477695
gaba	45.0	0.155	0.082	7	1.86824473535	0.00442337791305	134.29350861
gaba	45.0	0.155	0.082	8	1.87964134091	0.00119555449913	78.0650838148
gaba	45.0	0.155	0.082	9	1.88227429217	0.0129747166533	51.6093510482
gaba	45.0	0.155	0.082	10	1.8841821456	0.0185668068585	17.4063496723
gaba	45.0	0.155	0.082	11	1.88641986336	0.0785039757298	-15.7094846922
gaba	45.0	0.155	0.082	12	1.88714977076	0.142822324238	19.4258090131
gaba	45.0	0.155	0.082	13	1.88913169733	0.0387575416357	14.8988674788
gaba	45.0	0.155	0.082	14	1.89139877956	0.0147082798367	-12.3252250845
gaba	45.0	0.155	0.082	15	1.89334230979	0.0122213831361	-12.4062623178
gaba	45.0	0.155	0.082	16	1.90683793964	0.0100065755534	-79.7384895728
gaba	45.0	0.155	0.082	17	1.90978843267	0.0293811855976	-76.7280568797
gaba	45.0	0.155	0.082	18	1.91165566164	0.156187855462	254.836116961
gaba	45.0	0.155	0.082	19	1.91136668509	0.0629154993722	-82.4861639904
gaba	45.0	0.155	0.082	20	1.91356978528	0.0506515932578	-84.5275121636
gaba	45.0	0.155	0.082	21	1.91377228855	0.0211654960641	253.993905826
gaba	45.0	0.155	0.082	22	1.91680813757	0.0203903583587	257.758829101
gaba	45.0	0.155	0.082	23	1.93570839362	0.0498359327868	159.553858785
gaba	45.0	0.155	0.082	24	1.93776531495	0.0377761748881	200.787739741
gaba	45.0	0.155	0.082	25	2.26017431888	0.42101010782	150.300180378
gaba	45.0	0.155	0.082	26	2.27605880089	0.000843085024113	64.3217330681
gaba	45.0	0.155	0.082	27	2.28056673299	0.00977800145487	53.8705559579
gaba	45.0	0.155	0.082	28	2.28474194266	0.659037490263	36.3322612323
gaba	45.0	0.155	0.082	29	2.28742519711	0.00907764102544	20.3584782514
gaba	45.0	0.155	0.082	30	2.30857151695	0.119453388368	-85.9861027378
gaba	45.0	0.155	0.082	31	2.30856581903	0.0418298852149	262.107478715
gaba	45.0	0.155	0.082	32	2.31008651759	0.0406520616125	-89.2847503839
gaba	45.0	0.155	0.082	33	2.31021419046	0.116945476705	260.234270352
gaba	45.0	0.155	0.082	34	2.98808436883	0.514113857935	113.833865821
gaba	45.0	0.155	0.082	35	3.00446935579	0.000950566308045	35.4577143202
gaba	45.0	0.155	0.082	36	3.00799210001	0.0779569408521	21.5983793175
gaba	45.0	0.155	0.082	37	3.01092763686	0.175162321475	8.4419581004
gaba	45.0	0.155	0.082	38	3.0138937494	0.547706710773	-2.213508657
gaba	45.0	0.155	0.082	39	3.01570647188	0.0439193573716	-13.2662600221
gaba	45.0	0.155	0.082	40	3.01768147382	0.0550919798393	-23.5719091533
gaba	45.0	0.155	0.082	41	3.01953508582	0.0167976603706	-31.9413448376
gaba	45.0	0.155	0.082	42	3.03848683537	0.439821530232	238.553557051
d-glucose-beta	45.0	0.049	0.087	0	3.1331539921	0.000888541439357	200.086762923
d-glucose-beta	45.0	0.049	0.087	1	3.1593144397	0.00234472137567	75.0885619623
d-glucose-beta	45.0	0.049	0.087	2	3.18000789313	0.00058242277595	149.599273113
d-glucose-beta	45.0	0.049	0.087	3	3.1848501588	0.000764868795793	132.834658722
d-glucose-beta	45.0	0.049	0.087	4	3.18531573708	0.00052019542832	189.426253364
d-glucose-beta	45.0	0.049	0.087	5	3.19507767206	0.00284062344655	79.2528763562
d-glucose-beta	45.0	0.049	0.087	6	3.1961011039	0.00238862736436	130.152219063
d-glucose-beta	45.0	0.049	0.087	7	3.19836528167	0.0126036252255	76.3687310239
d-glucose-beta	45.0	0.049	0.087	8	3.20094164924	0.1360961371	60.3024999827
d-glucose-beta	45.0	0.049	0.087	9	3.20372209871	0.0150439572733	26.9138313209
d-glucose-beta	45.0	0.049	0.087	10	3.20570682416	0.00926858113004	13.7052300192
d-glucose-beta	45.0	0.049	0.087	11	3.21172762358	0.00189059453706	18.2769692167
d-glucose-beta	45.0	0.049	0.087	12	3.22233493211	0.00941484284221	-6.88602787342
d-glucose-beta	45.0	0.049	0.087	13	3.2271165495	0.19925443101	-18.7731562469
d-glucose-beta	45.0	0.049	0.087	14	3.22563167541	0.00186346016761	58.685711048
d-glucose-beta	45.0	0.049	0.087	15	3.23009098313	0.187708521941	-3.13352151339
d-glucose-beta	45.0	0.049	0.087	16	3.23024591265	0.175767405685	-18.8629104014
d-glucose-beta	45.0	0.049	0.087	17	3.2323553083	0.00695443324081	-67.9247034359
d-glucose-beta	45.0	0.049	0.087	18	3.23409381231	0.0149783949963	1.62033110887
d-glucose-beta	45.0	0.049	0.087	19	3.23715619294	0.00528900998933	4.05144801339
d-glucose-beta	45.0	0.049	0.087	20	3.24492635208	0.000837794696132	-30.9087914869
d-glucose-beta	45.0	0.049	0.087	21	3.24732303237	0.00162576151175	-0.658513158379
d-glucose-beta	45.0	0.049	0.087	22	3.25013935444	0.000585431955501	-43.0624597618
d-glucose-beta	45.0	0.049	0.087	23	3.25241128806	0.00449657925007	-36.184916729
d-glucose-beta	45.0	0.049	0.087	24	3.25353451008	0.00518833201586	240.32081555
d-glucose-beta	45.0	0.049	0.087	25	3.25621275087	0.0269535094232	-83.0053853853
d-glucose-beta	45.0	0.049	0.087	26	3.25708963688	0.152768333084	234.433143479
d-glucose-beta	45.0	0.049	0.087	27	3.26095086464	0.0119745152163	232.56741392
d-glucose-beta	45.0	0.049	0.087	28	3.26403259453	0.00424596971058	229.128745533
d-glucose-beta	45.0	0.049	0.087	29	3.27183568905	0.000789251666375	189.164978859
d-glucose-beta	45.0	0.049	0.087	30	3.27422061941	0.00127767939785	218.649205354
d-glucose-beta	45.0	0.049	0.087	31	3.27705057309	0.000585246278538	176.187816077
d-glucose-beta	45.0	0.049	0.087	32	3.27902799907	0.00102757765812	211.15968689
d-glucose-beta	45.0	0.049	0.087	33	3.29165931783	0.000405060826544	251.831069872
d-glucose-beta	45.0	0.049	0.087	34	3.29449292134	0.000594127599496	262.249379984
d-glucose-beta	45.0	0.049	0.087	35	3.29991446516	0.00182644389022	-58.2381869228
d-glucose-beta	45.0	0.049	0.087	36	3.30191391454	0.000408669502296	-36.5719302236
d-glucose-beta	45.0	0.049	0.087	37	3.31850375481	0.00059584230573	125.215392702
d-glucose-beta	45.0	0.049	0.087	38	3.32136533538	0.000903455320849	126.535414363
d-glucose-beta	45.0	0.049	0.087	39	3.32495011981	0.00209225913039	221.834139219
d-glucose-beta	45.0	0.049	0.087	40	3.32679128402	0.00172771414909	145.718309761
d-glucose-beta	45.0	0.049	0.087	41	3.35118739166	0.171355484479	4.50632797606
d-glucose-beta	45.0	0.049	0.087	42	3.35185766317	0.00276169709002	79.7063577238
d-glucose-beta	45.0	0.049	0.087	43	3.35400055375	0.000929575991334	-65.2308407867
d-glucose-beta	45.0	0.049	0.087	44	3.36359819335	0.00152611523054	-36.1361089973
d-glucose-beta	45.0	0.049	0.087	45	3.37383702861	0.0308806598746	9.89807525103
d-glucose-beta	45.0	0.049	0.087	46	3.38027454186	0.240611841099	-5.2597913912
d-glucose-beta	45.0	0.049	0.087	47	3.38007848534	0.00750057835591	189.922077084
d-glucose-beta	45.0	0.049	0.087	48	3.38198046593	0.00187900505112	150.491064957
d-glucose-beta	45.0	0.049	0.087	49	3.38234861416	0.0476275295316	-32.8353442814
d-glucose-beta	45.0	0.049	0.087	50	3.3875506228	0.0566769750759	-12.7370900738
d-glucose-beta	45.0	0.049	0.087	51	3.39629567876	0.00872171772597	-39.4003907258
d-glucose-beta	45.0	0.049	0.087	52	3.40084140229	0.00547845401586	-40.1788618226
d-glucose-beta	45.0	0.049	0.087	53	3.40979126197	0.199721783777	-0.27267040739
d-glucose-beta	45.0	0.049	0.087	54	3.41152600677	0.0772831763389	-48.1908280853
d-glucose-beta	45.0	0.049	0.087	55	3.41466541993	0.00355033669194	-2.36142545513
d-glucose-beta	45.0	0.049	0.087	56	3.42573050705	0.0376554826575	11.1270023797
d-glucose-beta	45.0	0.049	0.087	57	3.4286736856	0.0722031001959	7.08005737596
d-glucose-beta	45.0	0.049	0.087	58	3.43099746572	0.06533656396	5.36856560253
d-glucose-beta	45.0	0.049	0.087	59	3.43363624423	0.0969765096012	0.202032880215
d-glucose-beta	45.0	0.049	0.087	60	3.44168945044	0.0098331959606	-17.9382799702
d-glucose-beta	45.0	0.049	0.087	61	3.44418955612	0.134211557934	-3.32936145974
d-glucose-beta	45.0	0.049	0.087	62	3.4442268047	0.014416548958	132.317053163
d-glucose-beta	45.0	0.049	0.087	63	3.44664890976	0.0808542977033	32.8512585286
d-glucose-beta	45.0	0.049	0.087	64	3.44683765057	0.084899495279	-0.763263177366
d-glucose-beta	45.0	0.049	0.087	65	3.44865235352	0.0329615861827	-35.3914533141
d-glucose-beta	45.0	0.049	0.087	66	3.44902652304	0.0272987043175	51.9865647366
d-glucose-beta	45.0	0.049	0.087	67	3.44969465115	0.00380446848906	132.743320915
d-glucose-beta	45.0	0.049	0.087	68	3.45027286431	0.0973498690868	-41.1692195174
d-glucose-beta	45.0	0.049	0.087	69	3.45242112405	0.0117786271379	-41.0338423631
d-glucose-beta	45.0	0.049	0.087	70	3.45444752998	0.0555784205731	30.3901115048
d-glucose-beta	45.0	0.049	0.087	71	3.45847249518	0.058759417711	18.6424875605
d-glucose-beta	45.0	0.049	0.087	72	3.46075723372	0.0368865341572	-21.4986821242
d-glucose-beta	45.0	0.049	0.087	73	3.4627910079	0.0194249056589	-11.5360777324
d-glucose-beta	45.0	0.049	0.087	74	3.46981793806	0.0489105036645	13.7456478337
d-glucose-beta	45.0	0.049	0.087	75	3.47216196614	0.00267908108524	265.237522596
d-glucose-beta	45.0	0.049	0.087	76	3.47314096602	0.100936441552	-16.4406556791
d-glucose-beta	45.0	0.049	0.087	77	3.4761762897	0.0434510302974	48.1000472777
d-glucose-beta	45.0	0.049	0.087	78	3.47572479334	0.150294369536	-39.7897371579
d-glucose-beta	45.0	0.049	0.087	79	3.47786069171	0.136892496258	-44.0889097137
d-glucose-beta	45.0	0.049	0.087	80	3.47964975584	0.12250695559	20.4407677672
d-glucose-beta	45.0	0.049	0.087	81	3.47949570584	0.0173749077726	-60.1531695309
d-glucose-beta	45.0	0.049	0.087	82	3.48051179669	0.00260083726454	236.992155166
d-glucose-beta	45.0	0.049	0.087	83	3.48272995814	0.0339244081195	-0.47051351978
d-glucose-beta	45.0	0.049	0.087	84	3.50583723643	0.0860203554384	-49.0434711068
d-glucose-beta	45.0	0.049	0.087	85	3.50797139653	0.107515669171	-45.6286838399
d-glucose-beta	45.0	0.049	0.087	86	3.52428508	0.00148921675757	-26.078469509
d-glucose-beta	45.0	0.049	0.087	87	3.55307842638	0.000585957016925	-26.5063518195
d-glucose-beta	45.0	0.049	0.087	88	3.62418875999	0.000864214873619	165.39698728
d-glucose-beta	45.0	0.049	0.087	89	3.67061391144	0.00296701625304	14.3418013139
d-glucose-beta	45.0	0.049	0.087	90	3.67295170918	0.0255575367171	46.3712006634
d-glucose-beta	45.0	0.049	0.087	91	3.67563033589	0.174497904447	45.2606663326
d-glucose-beta	45.0	0.049	0.087	92	3.67959233405	0.0317890042839	35.9965061259
d-glucose-beta	45.0	0.049	0.087	93	3.68932278751	0.0340983049839	7.24445382664
d-glucose-beta	45.0	0.049	0.087	94	3.69273978687	0.180397225128	2.65251056915
d-glucose-beta	45.0	0.049	0.087	95	3.69458810175	0.0165517207402	5.58348556108
d-glucose-beta	45.0	0.049	0.087	96	3.69721047908	0.0104167115138	-3.03688509587
d-glucose-beta	45.0	0.049	0.087	97	3.71184112089	0.00841808673274	-39.3957893428
d-glucose-beta	45.0	0.049	0.087	98	3.71708992578	0.233185782398	-52.3372333988
d-glucose-beta	45.0	0.049	0.087	99	3.7194282418	0.0256518610975	-63.1295432063
d-glucose-beta	45.0	0.049	0.087	100	3.73325023496	0.0963866905343	-84.4380819907
d-glucose-beta	45.0	0.049	0.087	101	3.73423225796	0.0723170862791	255.382017175
d-glucose-beta	45.0	0.049	0.087	102	3.73829098424	0.00432615100009	-80.1138454204
d-glucose-beta	45.0	0.049	0.087	103	3.74148535112	0.00139683675802	268.79394454
d-glucose-beta	45.0	0.049	0.087	104	3.74153624562	0.00138077765283	-87.6791681408
d-glucose-beta	45.0	0.049	0.087	105	3.78125245114	0.00169000542452	99.2072813905
d-glucose-beta	45.0	0.049	0.087	106	3.85598398439	0.00298416612694	80.7169896508
d-glucose-beta	45.0	0.049	0.087	107	3.85788327065	0.00722341912122	87.4447878091
d-glucose-beta	45.0	0.049	0.087	108	3.8610961675	0.190007759513	71.882166873
d-glucose-beta	45.0	0.049	0.087	109	3.86378582029	0.0980071309547	63.8987209454
d-glucose-beta	45.0	0.049	0.087	110	3.86640065917	0.160429326306	59.1636484592
d-glucose-beta	45.0	0.049	0.087	111	3.86950481117	0.00528916849567	59.2689754164
d-glucose-beta	45.0	0.049	0.087	112	3.87183246463	0.00238945029012	46.5185122019
d-glucose-beta	45.0	0.049	0.087	113	3.90255106314	0.236781536717	-21.3532808822
d-glucose-beta	45.0	0.049	0.087	114	3.90766353552	0.226738955019	-54.603106176
d-glucose-beta	45.0	0.049	0.087	115	4.61672367832	0.515864139887	55.4381754616
d-glucose-beta	45.0	0.049	0.087	116	4.64353708421	0.436607843415	-55.2901650817
glutamine	45.0	0.427	0.087	0	2.02959843313	0.0044443916709	233.703024113
glutamine	45.0	0.427	0.087	1	2.04903832083	0.00170865340557	145.953977542
glutamine	45.0	0.427	0.087	2	2.05078450944	0.00443488728513	148.81300377
glutamine	45.0	0.427	0.087	3	2.057810436	0.00915905682426	75.9818055483
glutamine	45.0	0.427	0.087	4	2.07824700764	0.0742439806242	202.973140905
glutamine	45.0	0.427	0.087	5	2.07889198009	0.00820045004236	-8.81782803581
glutamine	45.0	0.427	0.087	6	2.08348312725	0.00777460513924	-48.2115676077
glutamine	45.0	0.427	0.087	7	2.08467424299	0.0528586401845	223.123994767
glutamine	45.0	0.427	0.087	8	2.0994120015	0.086951784763	136.798273463
glutamine	45.0	0.427	0.087	9	2.10110091148	0.0301043865542	114.127488425
glutamine	45.0	0.427	0.087	10	2.10307683112	0.08625545126	106.436622019
glutamine	45.0	0.427	0.087	11	2.10479853377	0.00788282458671	220.597623621
glutamine	45.0	0.427	0.087	12	2.10493473898	0.0806520869325	121.04640687
glutamine	45.0	0.427	0.087	13	2.10705943378	0.0537484514862	103.788973389
glutamine	45.0	0.427	0.087	14	2.1099568277	0.151764543142	72.3189268665
glutamine	45.0	0.427	0.087	15	2.11574074582	0.0279970526582	55.9234583995
glutamine	45.0	0.427	0.087	16	2.12154007131	0.0232806321668	33.5929852581
glutamine	45.0	0.427	0.087	17	2.12427844833	0.0549815334037	10.0265944519
glutamine	45.0	0.427	0.087	18	2.12762581022	0.0565246994828	18.3289777575
glutamine	45.0	0.427	0.087	19	2.13037309204	0.1305221543	-7.20711861499
glutamine	45.0	0.427	0.087	20	2.13208219483	0.0783200966136	-40.8745685519
glutamine	45.0	0.427	0.087	21	2.1333228175	0.00439255680632	204.253713255
glutamine	45.0	0.427	0.087	22	2.13493755571	0.0861707148987	-39.0921171681
glutamine	45.0	0.427	0.087	23	2.1368241746	0.0227321639992	-40.5175450312
glutamine	45.0	0.427	0.087	24	2.15336547463	0.0941832423855	216.492966547
glutamine	45.0	0.427	0.087	25	2.15356223104	0.00522696155021	120.724825899
glutamine	45.0	0.427	0.087	26	2.15502822922	0.079109439634	214.580534734
glutamine	45.0	0.427	0.087	27	2.15542925651	0.00517924644631	77.1098434542
glutamine	45.0	0.427	0.087	28	2.15894987717	0.0055626207646	108.308585112
glutamine	45.0	0.427	0.087	29	2.16411056855	0.00202581599349	64.7489630093
glutamine	45.0	0.427	0.087	30	2.17574695392	0.00449804979966	-20.3613763338
glutamine	45.0	0.427	0.087	31	2.17923162819	0.00437246530691	23.0833404572
glutamine	45.0	0.427	0.087	32	2.18353662329	0.00528141744201	-35.5822905374
glutamine	45.0	0.427	0.087	33	2.20359517008	0.00555549851811	210.777851572
glutamine	45.0	0.427	0.087	34	2.365198425	0.0176528926897	153.887855509
glutamine	45.0	0.427	0.087	35	2.3876631695	0.0114917101596	48.0543480114
glutamine	45.0	0.427	0.087	36	2.38967192789	0.0134153610448	10.4496858721
glutamine	45.0	0.427	0.087	37	2.3965643678	0.0063970202774	31.8121842473
glutamine	45.0	0.427	0.087	38	2.41530041776	0.0125003881189	262.873731578
glutamine	45.0	0.427	0.087	39	2.41669529429	0.225433377741	145.63099882
glutamine	45.0	0.427	0.087	40	2.41946459678	0.233622643384	147.014948716
glutamine	45.0	0.427	0.087	41	2.43874525628	0.21364625995	42.7458852318
glutamine	45.0	0.427	0.087	42	2.44154359028	0.215714206628	30.2120556999
glutamine	45.0	0.427	0.087	43	2.4479952796	0.394724389387	6.55577019178
glutamine	45.0	0.427	0.087	44	2.4668555564	0.145954385844	254.099466895
glutamine	45.0	0.427	0.087	45	2.47096470205	0.0208043016569	145.178449942
glutamine	45.0	0.427	0.087	46	2.47337860025	0.168460381569	252.531897957
glutamine	45.0	0.427	0.087	47	2.49345416826	0.00662494326826	28.7469811572
glutamine	45.0	0.427	0.087	48	2.49661259351	0.013165968115	30.7358616308
glutamine	45.0	0.427	0.087	49	2.50239389022	0.00808635928658	-8.23584267191
glutamine	45.0	0.427	0.087	50	2.52493077234	0.0108388745382	237.110198749
glutamine	45.0	0.427	0.087	51	3.7324358096	0.254145942553	82.8818361365
glutamine	45.0	0.427	0.087	52	3.75312142411	0.494258955748	-9.14350580796
glutamine	45.0	0.427	0.087	53	3.77384503663	0.226147763902	260.386777134
glutathione_glycine	45.0	0.194	0.087	0	3.769	1.99043473972	-8.71089110012
glycine	45.0	0.068	0.087	0	3.548	1.98902273343	-9.54271737542
glutathione_cysteine	45.0	0.194	0.087	0	2.88158786835	0.126459257654	53.2993583692
glutathione_cysteine	45.0	0.194	0.087	1	2.90438113802	0.120396288048	-41.4382484701
glutathione_cysteine	45.0	0.194	0.087	2	2.92889438817	0.369765987324	44.9033715352
glutathione_cysteine	45.0	0.194	0.087	3	2.95168765785	0.32595881833	-52.6071414614
glutathione_cysteine	45.0	0.194	0.087	4	2.95222786887	0.392688852566	51.197719024
glutathione_cysteine	45.0	0.194	0.087	5	2.96913681216	0.298855461672	-41.626217436
glutathione_cysteine	45.0	0.194	0.087	6	2.9995343887	0.126376926353	44.2793287377
glutathione_cysteine	45.0	0.194	0.087	7	3.01644333198	0.121068840379	-54.7199488355
glutathione_cysteine	45.0	0.194	0.087	8	4.54107552999	0.235653071763	96.9490856424
glutathione_cysteine	45.0	0.194	0.087	9	4.55798447328	0.244472415562	-3.62053271908
glutathione_cysteine	45.0	0.194	0.087	10	4.56386879967	0.225472659032	-4.9547467837
glutathione_cysteine	45.0	0.194	0.087	11	4.58077774296	0.28151099989	264.53785131
glutathione_glutamate	45.0	0.194	0.087	0	2.06336829863	0.00252334703728	207.687783031
glutathione_glutamate	45.0	0.194	0.087	1	2.08480357034	0.0026956968163	126.264170825
glutathione_glutamate	45.0	0.194	0.087	2	2.08810728261	0.00487381812285	102.666168019
glutathione_glutamate	45.0	0.194	0.087	3	2.10977037051	0.00263614911378	18.2459660746
glutathione_glutamate	45.0	0.194	0.087	4	2.11281857509	0.0022051204483	-29.6797675321
glutathione_glutamate	45.0	0.194	0.087	5	2.11536997153	0.106708610708	201.547589333
glutathione_glutamate	45.0	0.194	0.087	6	2.11861561635	0.0878989887014	192.526650948
glutathione_glutamate	45.0	0.194	0.087	7	2.13432941101	0.00262927398765	224.899178628
glutathione_glutamate	45.0	0.194	0.087	8	2.13679450303	0.101624872393	129.516895676
glutathione_glutamate	45.0	0.194	0.087	9	2.14031291263	0.387913341752	102.553336999
glutathione_glutamate	45.0	0.194	0.087	10	2.14268703687	0.0857153524312	87.9511187958
glutathione_glutamate	45.0	0.194	0.087	11	2.16187191398	0.195204511781	3.84169747716
glutathione_glutamate	45.0	0.194	0.087	12	2.16460010734	0.206566504195	-21.6296537953
glutathione_glutamate	45.0	0.194	0.087	13	2.17061728925	0.00251836309985	194.2995856
glutathione_glutamate	45.0	0.194	0.087	14	2.18632707232	0.160654185229	218.98539366
glutathione_glutamate	45.0	0.194	0.087	15	2.19244647267	0.00470611132375	110.851427823
glutathione_glutamate	45.0	0.194	0.087	16	2.19480388619	0.00260212957607	62.7097676186
glutathione_glutamate	45.0	0.194	0.087	17	2.21425298712	0.00177846052123	14.0808104494
glutathione_glutamate	45.0	0.194	0.087	18	2.21657307724	0.00492674379034	-36.9411236071
glutathione_glutamate	45.0	0.194	0.087	19	2.23832992615	0.00246287017508	223.4747815
glutathione_glutamate	45.0	0.194	0.087	20	2.448968554	0.0631995154511	145.833586557
glutathione_glutamate	45.0	0.194	0.087	21	2.47132756153	0.0589593382622	33.7172588803
glutathione_glutamate	45.0	0.194	0.087	22	2.47338153329	0.0522663498322	25.1411645509
glutathione_glutamate	45.0	0.194	0.087	23	2.49587819482	0.0537704532926	-85.5435028519
glutathione_glutamate	45.0	0.194	0.087	24	2.50242622485	0.13548904001	128.654748519
glutathione_glutamate	45.0	0.194	0.087	25	2.52109077955	0.168865864443	138.007907329
glutathione_glutamate	45.0	0.194	0.087	26	2.52487858352	0.166314452565	15.8662769849
glutathione_glutamate	45.0	0.194	0.087	27	2.5267598964	0.168678129913	7.8507830347
glutathione_glutamate	45.0	0.194	0.087	28	2.54564842917	0.300837497731	16.5198729398
glutathione_glutamate	45.0	0.194	0.087	29	2.54935131086	0.0748341510907	-86.4032288406
glutathione_glutamate	45.0	0.194	0.087	30	2.54935938617	0.0862509450266	268.695334559
glutathione_glutamate	45.0	0.194	0.087	31	2.57018784501	0.162818501612	259.29511512
glutathione_glutamate	45.0	0.194	0.087	32	2.57454812133	0.0638125986845	127.230408356
glutathione_glutamate	45.0	0.194	0.087	33	2.5991219979	0.105816197142	2.85141178231
glutathione_glutamate	45.0	0.194	0.087	34	2.62366641078	0.0549622681272	245.652812297
glutathione_glutamate	45.0	0.194	0.087	35	3.74782102335	0.251361495596	84.9539427169
glutathione_glutamate	45.0	0.194	0.087	36	3.7691380772	0.499610738881	-9.4832459027
glutathione_glutamate	45.0	0.194	0.087	37	3.79046996182	0.223368312312	257.315874533
gpc_N(CH3)3_a	45.0	0.097	0.121	0	3.2100818801	1.33012220802	-6.0503872241
gpc_N(CH3)3_a	45.0	0.097	0.121	1	3.21199956073	0.174427241513	181.790594341
gpc_N(CH3)3_a	45.0	0.097	0.121	2	3.21199956086	0.057364911698	-44.9409753809
gpc_N(CH3)3_a	45.0	0.097	0.121	3	3.21199956081	0.0933458604866	99.6806764605
gpc_N(CH3)3_a	45.0	0.097	0.121	4	3.21199956099	0.150862883231	228.342877909
gpc_N(CH3)3_a	45.0	0.097	0.121	5	3.21199956084	0.0436695913558	3.27561954859
gpc_N(CH3)3_a	45.0	0.097	0.121	6	3.21391747086	0.0885155121262	221.987969813
gpc_N(CH3)3_a	45.0	0.097	0.121	7	3.21391766746	0.140070617782	59.5457813855
gpc_N(CH3)3_a	45.0	0.097	0.121	8	3.21391800127	0.225836882638	111.214094812
gpc_N(CH3)3_a	45.0	0.097	0.121	9	3.2139179003	0.00719442251259	-12.4677767039
gpc_N(CH3)3_a	45.0	0.097	0.121	10	3.2139179003	0.0090208613251	-85.2546999194
gpc_N(CH3)3_b	45.0	0.097	0.121	0	3.21008187989	1.66269337828	-6.05038849722
gpc_N(CH3)3_b	45.0	0.097	0.121	1	3.21199956063	0.181365939778	153.820223554
gpc_N(CH3)3_b	45.0	0.097	0.121	2	3.21199956078	0.385449864358	-1.04925670677
gpc_N(CH3)3_b	45.0	0.097	0.121	3	3.21199956085	0.122729797233	171.010330944
gpc_N(CH3)3_b	45.0	0.097	0.121	4	3.21199956083	0.342565937613	10.4462393871
gpc_N(CH3)3_b	45.0	0.097	0.121	5	3.21199956105	0.165375972582	-13.1216290024
gpc_N(CH3)3_b	45.0	0.097	0.121	6	3.21199956107	0.102974169905	187.010092793
gpc_N(CH3)3_b	45.0	0.097	0.121	7	3.21199956116	0.000906298264516	92.5111183438
gpc_N(CH3)3_b	45.0	0.097	0.121	8	3.21199956116	0.0281115512046	-76.8138013311
gpc_N(CH3)3_b	45.0	0.097	0.121	9	3.21391776373	0.739864068118	-8.58170216161
gpc_N(CH3)3_b	45.0	0.097	0.121	10	3.21391772668	0.804460399932	-10.3124638914
gpc_N(CH3)3_b	45.0	0.097	0.121	11	3.21391764964	0.0460852003842	199.314790242
gpc_N(CH3)3_b	45.0	0.097	0.121	12	3.21391805287	0.0439371920594	52.3961942326
gpc_N(CH3)3_b	45.0	0.097	0.121	13	3.21391807965	0.350463495091	-5.46878666241
gpc_N(CH3)3_b	45.0	0.097	0.121	14	3.2139182504	0.239335274667	-14.9437117339
gpc_N(CH3)3_b	45.0	0.097	0.121	15	3.2139181199	0.0125393789369	149.63157067
gpc_glycerol	45.0	0.097	0.087	0	3.54410022421	0.00142593792656	-17.2652159215
gpc_glycerol	45.0	0.097	0.087	1	3.54638811193	0.00208826809046	190.016505417
gpc_glycerol	45.0	0.097	0.087	2	3.54917396702	0.00223979308655	63.8787520841
gpc_glycerol	45.0	0.097	0.087	3	3.56198909854	0.0347355398327	35.938876443
gpc_glycerol	45.0	0.097	0.087	4	3.56192788218	0.0078916063031	91.1081362596
gpc_glycerol	45.0	0.097	0.087	5	3.56200822476	0.0131033134918	161.497175584
gpc_glycerol	45.0	0.097	0.087	6	3.56506034953	0.0299904698638	37.1707692161
gpc_glycerol	45.0	0.097	0.087	7	3.5698110646	0.00663920212845	81.1806741984
gpc_glycerol	45.0	0.097	0.087	8	3.57049486335	0.0160670437801	12.5669263834
gpc_glycerol	45.0	0.097	0.087	9	3.57288117716	0.0195759749999	-9.9393672806
gpc_glycerol	45.0	0.097	0.087	10	3.57336044135	0.00480041427318	147.118379197
gpc_glycerol	45.0	0.097	0.087	11	3.57821899388	0.0302058321628	-8.12427374217
gpc_glycerol	45.0	0.097	0.087	12	3.58121004763	0.0633899266961	-26.8146209641
gpc_glycerol	45.0	0.097	0.087	13	3.58297543498	0.00237356791783	265.551840842
gpc_glycerol	45.0	0.097	0.087	14	3.59420207348	0.00502777771471	-71.2459535861
gpc_glycerol	45.0	0.097	0.087	15	3.59472165013	0.0113120461312	39.4169168426
gpc_glycerol	45.0	0.097	0.087	16	3.59631203502	0.00402920191033	38.0791701843
gpc_glycerol	45.0	0.097	0.087	17	3.59678339401	0.00206746123462	182.47522609
gpc_glycerol	45.0	0.097	0.087	18	3.59935492928	0.00187297251453	48.8518145562
gpc_glycerol	45.0	0.097	0.087	19	3.60600984182	0.00175857414721	257.391395317
gpc_glycerol	45.0	0.097	0.087	20	3.6116630831	0.0696205568683	14.9675131048
gpc_glycerol	45.0	0.097	0.087	21	3.61161569591	0.00468718152091	219.233729707
gpc_glycerol	45.0	0.097	0.087	22	3.61168545599	0.00826235207347	-67.2826990619
gpc_glycerol	45.0	0.097	0.087	23	3.61351022951	0.00431595899101	-66.1022268299
gpc_glycerol	45.0	0.097	0.087	24	3.61721565274	0.0658602718252	-8.28429436183
gpc_glycerol	45.0	0.097	0.087	25	3.61746620722	0.00645610181753	253.701615239
gpc_glycerol	45.0	0.097	0.087	26	3.62549526893	0.0594379733443	-21.6444725212
gpc_glycerol	45.0	0.097	0.087	27	3.6251028457	0.00582772991825	245.715172851
gpc_glycerol	45.0	0.097	0.087	28	3.62910816806	0.00312973189088	59.9215490666
gpc_glycerol	45.0	0.097	0.087	29	3.63057276215	0.0878366760914	-36.1346865
gpc_glycerol	45.0	0.097	0.087	30	3.63015909823	0.00560153603835	122.573505638
gpc_glycerol	45.0	0.097	0.087	31	3.63078176186	0.0440833283265	239.968747726
gpc_glycerol	45.0	0.097	0.087	32	3.63312277017	0.00292959414385	45.3507291373
gpc_glycerol	45.0	0.097	0.087	33	3.64738428532	0.0238784389404	227.593650771
gpc_glycerol	45.0	0.097	0.087	34	3.64751164631	0.0660835364014	23.8564655009
gpc_glycerol	45.0	0.097	0.087	35	3.64749290079	0.0312447138832	194.908638198
gpc_glycerol	45.0	0.097	0.087	36	3.64798114374	0.00678242721279	111.869307959
gpc_glycerol	45.0	0.097	0.087	37	3.64933404729	0.033199688042	8.56615454331
gpc_glycerol	45.0	0.097	0.087	38	3.6507524004	0.0116310093361	91.3985723468
gpc_glycerol	45.0	0.097	0.087	39	3.65303739627	0.0182251483038	86.6245227153
gpc_glycerol	45.0	0.097	0.087	40	3.6535081215	0.0291253591187	4.73487272882
gpc_glycerol	45.0	0.097	0.087	41	3.6568299803	0.0348272403098	-21.2603070177
gpc_glycerol	45.0	0.097	0.087	42	3.65713142765	0.0225004793348	151.692892471
gpc_glycerol	45.0	0.097	0.087	43	3.65968001719	0.0354474307788	171.645509565
gpc_glycerol	45.0	0.097	0.087	44	3.66080049344	0.0313424310497	-9.4215322734
gpc_glycerol	45.0	0.097	0.087	45	3.66271260681	0.0919937761204	-45.3665896775
gpc_glycerol	45.0	0.097	0.087	46	3.6627970794	0.0018761392618	14.0952492612
gpc_glycerol	45.0	0.097	0.087	47	3.66490770063	0.00110106677368	197.808366457
gpc_glycerol	45.0	0.097	0.087	48	3.67721533164	0.00381924254632	258.504587435
gpc_glycerol	45.0	0.097	0.087	49	3.67781424085	0.00118327135054	72.5323584606
gpc_glycerol	45.0	0.097	0.087	50	3.67951256487	0.00306134680631	74.9416834133
gpc_glycerol	45.0	0.097	0.087	51	3.68000972569	0.00352427653863	135.432844927
gpc_glycerol	45.0	0.097	0.087	52	3.68128719493	0.0022650881662	-1.28000558758
gpc_glycerol	45.0	0.097	0.087	53	3.69071041699	0.00180959837718	215.743960236
gpc_glycerol	45.0	0.097	0.087	54	3.69718248415	0.049441837228	21.013087098
gpc_glycerol	45.0	0.097	0.087	55	3.69851817336	0.00672735048735	196.234831362
gpc_glycerol	45.0	0.097	0.087	56	3.70064618949	0.0200420580702	-18.6663292333
gpc_glycerol	45.0	0.097	0.087	57	3.70123719352	0.0169370036421	240.596875144
gpc_glycerol	45.0	0.097	0.087	58	3.70245447363	0.0184712599296	-28.4318959798
gpc_glycerol	45.0	0.097	0.087	59	3.70746485872	0.0253487937559	-19.760224718
gpc_glycerol	45.0	0.097	0.087	60	3.70913721753	0.0193086254777	-41.0246010435
gpc_glycerol	45.0	0.097	0.087	61	3.71211997218	0.0138915328245	146.622224137
gpc_glycerol	45.0	0.097	0.087	62	3.71241139221	0.0429411999207	-57.8602573372
gpc_glycerol	45.0	0.097	0.087	63	3.73015909168	0.00458218698704	231.400443856
gpc_glycerol	45.0	0.097	0.087	64	3.73175213004	0.0012797592571	-23.2468464853
gpc_glycerol	45.0	0.097	0.087	65	3.79209022585	0.00191765306	86.24863938
gpc_glycerol	45.0	0.097	0.087	66	3.80401456621	0.00448934558429	43.0682085784
gpc_glycerol	45.0	0.097	0.087	67	3.80650602466	0.00654241143589	44.4551329571
gpc_glycerol	45.0	0.097	0.087	68	3.81155354505	0.000999678623347	98.6259817852
gpc_glycerol	45.0	0.097	0.087	69	3.81246118215	0.010575926801	37.5133818434
gpc_glycerol	45.0	0.097	0.087	70	3.8219021502	0.0206562553049	13.4805054784
gpc_glycerol	45.0	0.097	0.087	71	3.8236775389	0.00315841766475	88.5814375752
gpc_glycerol	45.0	0.097	0.087	72	3.82533546253	0.013012459875	2.36946750538
gpc_glycerol	45.0	0.097	0.087	73	3.826891376	0.0123813377866	1.9039284478
gpc_glycerol	45.0	0.097	0.087	74	3.83733070592	0.111139967014	-0.407429227989
gpc_glycerol	45.0	0.097	0.087	75	3.84026356605	0.00557550223127	130.216810784
gpc_glycerol	45.0	0.097	0.087	76	3.84158553945	0.00393348703071	35.2334631682
gpc_glycerol	45.0	0.097	0.087	77	3.84208833958	0.00413328442164	-16.1663297669
gpc_glycerol	45.0	0.097	0.087	78	3.84532177124	0.00488855172486	218.704482812
gpc_glycerol	45.0	0.097	0.087	79	3.85725165037	0.0186758804918	10.5745626584
gpc_glycerol	45.0	0.097	0.087	80	3.85748643756	0.00142880081971	198.440395236
gpc_glycerol	45.0	0.097	0.087	81	3.85769171625	0.00767507532658	76.5254747856
gpc_glycerol	45.0	0.097	0.087	82	3.86316251235	0.0313002616134	-38.159716335
gpc_glycerol	45.0	0.097	0.087	83	3.8660119151	0.017473475067	3.6277027736
gpc_glycerol	45.0	0.097	0.087	84	3.8737831888	0.0744928646266	21.9883918248
gpc_glycerol	45.0	0.097	0.087	85	3.87711040454	0.00150403548835	43.3646138725
gpc_glycerol	45.0	0.097	0.087	86	3.88014930752	0.0432332209038	0.796375478121
gpc_glycerol	45.0	0.097	0.087	87	3.88053700844	0.0230273827909	-68.9555087311
gpc_glycerol	45.0	0.097	0.087	88	3.88267873654	0.00827650091271	206.543652323
gpc_glycerol	45.0	0.097	0.087	89	3.88508592879	0.0412740595451	53.1887446204
gpc_glycerol	45.0	0.097	0.087	90	3.89019852247	0.099433036423	-19.9710227832
gpc_glycerol	45.0	0.097	0.087	91	3.89069404916	0.00937479021362	224.100090361
gpc_glycerol	45.0	0.097	0.087	92	3.89253276981	0.0096379417386	61.5829658791
gpc_glycerol	45.0	0.097	0.087	93	3.89398207708	0.124831591096	-1.18751087499
gpc_glycerol	45.0	0.097	0.087	94	3.89586170339	0.0487620189387	-18.3522500033
gpc_glycerol	45.0	0.097	0.087	95	3.89821850678	0.030343844838	171.828622293
gpc_glycerol	45.0	0.097	0.087	96	3.89998870258	0.0048363110713	111.055668885
gpc_glycerol	45.0	0.097	0.087	97	3.90028203477	0.105438362826	19.7377880105
gpc_glycerol	45.0	0.097	0.087	98	3.9004198231	0.0166400475919	185.537054645
gpc_glycerol	45.0	0.097	0.087	99	3.90254819799	0.0143987106546	-57.6600070845
gpc_glycerol	45.0	0.097	0.087	100	3.90246524598	0.0481418046806	21.1949622494
gpc_glycerol	45.0	0.097	0.087	101	3.90413724061	0.0405232226625	-8.74985250755
gpc_glycerol	45.0	0.097	0.087	102	3.90438530917	0.0164992012708	247.995963136
gpc_glycerol	45.0	0.097	0.087	103	3.90665754566	0.0483818927923	-56.5792748488
gpc_glycerol	45.0	0.097	0.087	104	3.90801031229	0.014084029511	26.2552224921
gpc_glycerol	45.0	0.097	0.087	105	3.90965106595	0.0233414500821	269.047517235
gpc_glycerol	45.0	0.097	0.087	106	3.91105194497	0.00766210101993	-73.128141529
gpc_glycerol	45.0	0.097	0.087	107	3.91221973518	0.0588445826166	-2.90099671387
gpc_glycerol	45.0	0.097	0.087	108	3.91411700182	0.0107509466009	-74.4675465262
gpc_glycerol	45.0	0.097	0.087	109	3.91465503985	0.061249714171	-2.05306715343
gpc_glycerol	45.0	0.097	0.087	110	3.91634481434	0.0141997842188	110.336346373
gpc_glycerol	45.0	0.097	0.087	111	3.91632072121	0.00300365568576	25.0637434877
gpc_glycerol	45.0	0.097	0.087	112	3.92012245901	0.0824019407003	-29.3724412548
gpc_glycerol	45.0	0.097	0.087	113	3.91964884645	0.0326006018718	246.258589602
gpc_glycerol	45.0	0.097	0.087	114	3.92366761034	0.0911375482984	-23.3536736904
gpc_glycerol	45.0	0.097	0.087	115	3.92430452189	0.0160886981195	265.914318998
gpc_glycerol	45.0	0.097	0.087	116	3.92527810152	0.0209844787223	-6.82590183798
gpc_glycerol	45.0	0.097	0.087	117	3.92702354205	0.0123189044378	22.0988294807
gpc_glycerol	45.0	0.097	0.087	118	3.93018278932	0.00706228034417	10.9966372681
gpc_glycerol	45.0	0.097	0.087	119	3.93171752243	0.0231760082022	-53.0450864073
gpc_glycerol	45.0	0.097	0.087	120	3.93185977592	0.0168949353267	109.304741607
gpc_glycerol	45.0	0.097	0.087	121	3.9340886747	0.00810538128411	37.3886208977
gpc_glycerol	45.0	0.097	0.087	122	3.94366086651	0.00877239401703	5.9738465215
gpc_glycerol	45.0	0.097	0.087	123	3.94594586238	0.0114197074436	117.146098727
gpc_glycerol	45.0	0.097	0.087	124	3.94772747455	0.0100970799868	32.2447626422
gpc_glycerol	45.0	0.097	0.087	125	3.94883026999	0.0194923340505	93.8425814642
gpc_glycerol	45.0	0.097	0.087	126	3.94993119394	0.00734885961754	-22.8244756552
gpc_glycerol	45.0	0.097	0.087	127	3.95034989145	0.0143157107309	177.255477594
gpc_glycerol	45.0	0.097	0.087	128	3.95753847857	0.00486206558479	-39.1329425816
gpc_glycerol	45.0	0.097	0.087	129	3.9607270468	0.105430451962	-13.4365119219
gpc_glycerol	45.0	0.097	0.087	130	3.96555307488	0.0092280981763	-24.6299098769
gpc_glycerol	45.0	0.097	0.087	131	3.97116284475	0.031401409558	-21.7873223086
gpc_glycerol	45.0	0.097	0.087	132	3.97218450993	0.00565067469328	243.693405461
gpc_glycerol	45.0	0.097	0.087	133	3.9734376796	0.0202739936151	-34.2505877842
gpc_glycerol	45.0	0.097	0.087	134	3.98095109302	0.0155430559845	15.2204317503
gpc_glycerol	45.0	0.097	0.087	135	3.98097309691	0.0284183534121	254.603908956
gpc_glycerol	45.0	0.097	0.087	136	3.98313880554	0.00360960188481	147.0366859
gpc_glycerol	45.0	0.097	0.087	137	3.98536453393	0.00437226424419	-57.2888085864
gpc_glycerol	45.0	0.097	0.087	138	3.98842450408	0.00640958591658	-54.4090130493
gpc_glycerol	45.0	0.097	0.087	139	3.99085659676	0.00292427427756	19.249786333
gpc_glycerol	45.0	0.097	0.087	140	3.99829034924	0.00320186574599	-75.1993691369
gpc_glycerol	45.0	0.097	0.087	141	4.0018904661	0.00342280758904	-75.7036373224
gpc_glycerol	45.0	0.097	0.087	142	4.0065617582	0.00317147976341	198.481972167
gpc_glycerol	45.0	0.097	0.087	143	4.00824283197	0.00246805061721	211.251468584
gpc_glycerol	45.0	0.097	0.087	144	4.0148140493	0.00112423506664	232.616777308
gpc_glycerol	45.0	0.097	0.087	145	4.01782892618	0.00336915279293	50.2086860572
gpc_7-CH2_8-CH2	45.0	0.097	0.087	0	3.64367602942	0.405804764627	63.1631847342
gpc_7-CH2_8-CH2	45.0	0.097	0.087	1	3.64350840162	0.00823891512696	-3.25598268536
gpc_7-CH2_8-CH2	45.0	0.097	0.087	2	3.65425536814	0.203994892383	13.1083034618
gpc_7-CH2_8-CH2	45.0	0.097	0.087	3	3.654252535	0.00545683089796	109.504757369
gpc_7-CH2_8-CH2	45.0	0.097	0.087	4	3.65425836579	0.015718598133	176.079391015
gpc_7-CH2_8-CH2	45.0	0.097	0.087	5	3.65865169644	0.418280463512	-11.6003172593
gpc_7-CH2_8-CH2	45.0	0.097	0.087	6	3.65828141363	0.00319932301395	-86.0831377197
gpc_7-CH2_8-CH2	45.0	0.097	0.087	7	3.663676499	0.219878660323	-32.1668634225
gpc_7-CH2_8-CH2	45.0	0.097	0.087	8	3.6636796249	0.0146584038415	179.164988
gpc_7-CH2_8-CH2	45.0	0.097	0.087	9	3.67394234167	0.433941112707	-81.1260975427
gpc_7-CH2_8-CH2	45.0	0.097	0.087	10	3.67379101706	0.0292681893249	-22.0453590183
gpc_7-CH2_8-CH2	45.0	0.097	0.087	11	3.6740962265	0.0102529525876	226.996522685
gpc_7-CH2_8-CH2	45.0	0.097	0.087	12	3.72172131336	0.00193734380056	186.42768017
gpc_7-CH2_8-CH2	45.0	0.097	0.087	13	4.25043423145	0.00208174683265	43.6788775695
gpc_7-CH2_8-CH2	45.0	0.097	0.087	14	4.27792724	0.0864169652278	67.3836922102
gpc_7-CH2_8-CH2	45.0	0.097	0.087	15	4.28732314281	0.12853638737	51.4273671541
gpc_7-CH2_8-CH2	45.0	0.097	0.087	16	4.29323550696	0.0808742747068	-1.29155625944
gpc_7-CH2_8-CH2	45.0	0.097	0.087	17	4.29630655604	0.128593544209	51.5828377515
gpc_7-CH2_8-CH2	45.0	0.097	0.087	18	4.29760893564	0.0407829927785	-26.6433272437
gpc_7-CH2_8-CH2	45.0	0.097	0.087	19	4.29805931831	0.0020680169466	147.792151103
gpc_7-CH2_8-CH2	45.0	0.097	0.087	20	4.29835870659	0.0117073165912	31.2534065693
gpc_7-CH2_8-CH2	45.0	0.097	0.087	21	4.3022069427	0.081146132938	-1.64919427246
gpc_7-CH2_8-CH2	45.0	0.097	0.087	22	4.30636721019	0.082848018339	-3.68953299233
gpc_7-CH2_8-CH2	45.0	0.097	0.087	23	4.30718515887	0.0865993520036	68.0641322044
gpc_7-CH2_8-CH2	45.0	0.097	0.087	24	4.30826064339	0.105503039338	-66.0462434
gpc_7-CH2_8-CH2	45.0	0.097	0.087	25	4.31118961534	0.0813664579555	-2.03070142869
gpc_7-CH2_8-CH2	45.0	0.097	0.087	26	4.31313171859	0.0270694675263	219.584470995
gpc_7-CH2_8-CH2	45.0	0.097	0.087	27	4.31387413118	0.0150778245166	151.235471146
gpc_7-CH2_8-CH2	45.0	0.097	0.087	28	4.31557564822	0.0407837377978	-26.380732379
gpc_7-CH2_8-CH2	45.0	0.097	0.087	29	4.31659055153	0.128720239694	52.0949632722
gpc_7-CH2_8-CH2	45.0	0.097	0.087	30	4.31717008226	0.0802032645961	-76.7729841984
gpc_7-CH2_8-CH2	45.0	0.097	0.087	31	4.31789718603	0.00955025663189	-7.6677177518
gpc_7-CH2_8-CH2	45.0	0.097	0.087	32	4.31789720277	0.00325901065832	129.690025105
gpc_7-CH2_8-CH2	45.0	0.097	0.087	33	4.32248146198	0.0815670004103	-2.54136277312
gpc_7-CH2_8-CH2	45.0	0.097	0.087	34	4.32615757753	0.0799693405038	-76.5257262068
gpc_7-CH2_8-CH2	45.0	0.097	0.087	35	4.32665558744	0.0828398872887	-3.4795990351
gpc_7-CH2_8-CH2	45.0	0.097	0.087	36	4.32831487917	0.00681642601787	19.5499979398
gpc_7-CH2_8-CH2	45.0	0.097	0.087	37	4.32864716427	0.0208834434316	-61.7741645332
gpc_7-CH2_8-CH2	45.0	0.097	0.087	38	4.33146447916	0.0816648050662	-2.96614209628
gpc_7-CH2_8-CH2	45.0	0.097	0.087	39	4.33586397748	0.0408044850155	-26.1932425312
gpc_7-CH2_8-CH2	45.0	0.097	0.087	40	4.33745503812	0.079730374924	-76.2883731992
gpc_7-CH2_8-CH2	45.0	0.097	0.087	41	4.34644254363	0.0795877779967	-76.1588309845
naa_aspartate	45.0	1.0	0.069	0	2.42994712672	0.192641014052	107.350320222
naa_aspartate	45.0	1.0	0.069	1	2.46264921949	0.246565187727	7.55502052605
naa_aspartate	45.0	1.0	0.069	2	2.4824073582	0.297375868524	-16.8625001319
naa_aspartate	45.0	1.0	0.069	3	2.51510945994	0.176865723083	176.15614868
naa_aspartate	45.0	1.0	0.069	4	2.63340731674	0.263925321981	159.447624641
naa_aspartate	45.0	1.0	0.069	5	2.64673838126	0.210152246768	104.892172749
naa_aspartate	45.0	1.0	0.069	6	2.68586757713	0.18503925357	28.7047199705
naa_aspartate	45.0	1.0	0.069	7	2.69919862833	0.243517474073	-83.5855554334
naa_aspartate	45.0	1.0	0.069	8	4.33805226897	0.121028002465	156.75487299
naa_aspartate	45.0	1.0	0.069	9	4.3513830937	0.0971185975071	56.8866911018
naa_aspartate	45.0	1.0	0.069	10	4.35958461114	0.120832074676	58.6244753103
naa_aspartate	45.0	1.0	0.069	11	4.3707545707	0.107319643891	18.5519417949
naa_aspartate	45.0	1.0	0.069	12	4.37291590033	0.107422260784	-38.1902634783
naa_aspartate	45.0	1.0	0.069	13	4.38408539298	0.118954007619	-61.4549389523
naa_aspartate	45.0	1.0	0.069	14	4.39228650928	0.115596373442	-70.0305163335
naa_aspartate	45.0	1.0	0.069	15	4.40561779602	0.115416372646	205.972911617
myoinositol	45.0	0.578	0.087	0	3.15781210593	0.000868557257447	166.79208521
myoinositol	45.0	0.578	0.087	1	3.18750103155	0.000830810611366	147.194333457
myoinositol	45.0	0.578	0.087	2	3.18772796561	0.00114332942733	83.556098019
myoinositol	45.0	0.578	0.087	3	3.18939356493	0.00102640954365	78.1384769957
myoinositol	45.0	0.578	0.087	4	3.23561467518	0.0525223572137	154.279801933
myoinositol	45.0	0.578	0.087	5	3.23693285772	0.114495626865	70.2681196136
myoinositol	45.0	0.578	0.087	6	3.26499940719	0.0296452300856	72.8962897874
myoinositol	45.0	0.578	0.087	7	3.26720100432	0.0336129418511	-73.957751019
myoinositol	45.0	0.578	0.087	8	3.26751936811	0.159229344331	-4.56038677086
myoinositol	45.0	0.578	0.087	9	3.26797096809	0.0337538635613	57.5535407087
myoinositol	45.0	0.578	0.087	10	3.2698998061	0.042237525139	-72.2816193989
myoinositol	45.0	0.578	0.087	11	3.29736655305	0.0214655929017	-59.4236492439
myoinositol	45.0	0.578	0.087	12	3.29840248796	0.090084763524	252.561305127
myoinositol	45.0	0.578	0.087	13	3.29944040464	0.0787978673215	195.54557217
myoinositol	45.0	0.578	0.087	14	3.34544819022	0.00146656942965	-82.6231364488
myoinositol	45.0	0.578	0.087	15	3.34727025946	0.00165861701468	-83.8839578217
myoinositol	45.0	0.578	0.087	16	3.34749133024	0.00217349992303	206.050366674
myoinositol	45.0	0.578	0.087	17	3.35633799759	0.000895682496134	252.70895984
myoinositol	45.0	0.578	0.087	18	3.3565799344	0.00196953071962	181.511101177
myoinositol	45.0	0.578	0.087	19	3.37726866281	0.00251010314671	183.365619388
myoinositol	45.0	0.578	0.087	20	3.37837746165	0.00424637567377	114.902261289
myoinositol	45.0	0.578	0.087	21	3.38674485451	0.00213027606666	162.466205753
myoinositol	45.0	0.578	0.087	22	3.38692235571	0.00144842189582	90.7225597465
myoinositol	45.0	0.578	0.087	23	3.38843798204	0.00135418286946	89.9238473563
myoinositol	45.0	0.578	0.087	24	3.49659274147	0.250804831019	40.956500214
myoinositol	45.0	0.578	0.087	25	3.49754569533	0.0819021556438	-52.6312004322
myoinositol	45.0	0.578	0.087	26	3.50610032463	0.270087065365	7.32326612041
myoinositol	45.0	0.578	0.087	27	3.50724142195	0.159145294422	-60.7516105144
myoinositol	45.0	0.578	0.087	28	3.53078851681	0.520859524298	-21.5666322954
myoinositol	45.0	0.578	0.087	29	3.54060598053	0.400986813581	-67.1620292181
myoinositol	45.0	0.578	0.087	30	3.58578805252	0.21209866275	81.5004350172
myoinositol	45.0	0.578	0.087	31	3.61678532409	0.670883894213	-43.8526648713
myoinositol	45.0	0.578	0.087	32	3.61949274293	0.553221293616	35.7150645162
myoinositol	45.0	0.578	0.087	33	3.65036688693	0.249962812134	-46.87972285
myoinositol	45.0	0.578	0.087	34	4.04428608745	0.253090839732	25.7943376588
myoinositol	45.0	0.578	0.087	35	4.05389921753	0.471724012448	-6.50258384562
myoinositol	45.0	0.578	0.087	36	4.06350978808	0.225138133545	-41.7353551267
naa_acetyl	45.0	1.0	0.13	0	2.008	1.80607076778	37.5675139829
lactate	45.0	0.039	0.087	0	1.30248921375	0.66992315847	238.86629258
lactate	45.0	0.039	0.087	1	1.32581387039	0.970820002546	207.755199285
lactate	45.0	0.039	0.087	2	4.06255628652	0.100123730741	141.340694409
lactate	45.0	0.039	0.087	3	4.0858583003	0.302050023753	42.5582348469
lactate	45.0	0.039	0.087	4	4.1091877135	0.324751358479	-50.60166021
lactate	45.0	0.039	0.087	5	4.13253700483	0.102479521867	219.977483741
naag_acetyl	45.0	0.16	0.13	0	2.032	1.86305150094	40.8701435648
naag_aspartyl	45.0	0.16	0.087	0	2.46274169543	0.170497174213	116.902766838
naag_aspartyl	45.0	0.16	0.087	1	2.49450147826	0.234632614452	14.2387567317
naag_aspartyl	45.0	0.16	0.087	2	2.51627255614	0.314349970694	-24.6640686363
naag_aspartyl	45.0	0.16	0.087	3	2.54803233898	0.209973985035	175.209937349
naag_aspartyl	45.0	0.16	0.087	4	2.68014621287	0.283551311679	166.175942797
naag_aspartyl	45.0	0.16	0.087	5	2.69524501619	0.245031791583	104.329637949
naag_aspartyl	45.0	0.16	0.087	6	2.73367707359	0.189399294281	19.6901795913
naag_aspartyl	45.0	0.16	0.087	7	2.7487758769	0.21567346631	260.949207626
naag_aspartyl	45.0	0.16	0.087	8	4.57372264483	0.223663904221	117.046602145
naag_aspartyl	45.0	0.16	0.087	9	4.58882144815	0.232938425659	10.2889571991
naag_aspartyl	45.0	0.16	0.087	10	4.60548242767	0.23427298151	-30.1696466791
naag_aspartyl	45.0	0.16	0.087	11	4.62058123099	0.232924521509	254.555660182
naag_glutamate	45.0	0.16	0.087	0	1.871	0.464912497409	11.7116051666
naag_glutamate	45.0	0.16	0.087	1	2.039	0.626071285507	41.7186199887
naag_glutamate	45.0	0.16	0.087	2	2.17	0.6805679255	47.4094049341
naag_glutamate	45.0	0.16	0.087	3	2.18	0.683034404621	47.0201526953
naag_glutamate	45.0	0.16	0.087	4	4.118	0.994668805686	-6.14791234173
pcho_N(CH3)3_a	45.0	0.058	0.121	0	3.2060818805	1.32976669718	-5.98419420875
pcho_N(CH3)3_a	45.0	0.058	0.121	1	3.20799956095	0.129935246062	197.457305392
pcho_N(CH3)3_a	45.0	0.058	0.121	2	3.20799956094	0.0730498587045	103.331461168
pcho_N(CH3)3_a	45.0	0.058	0.121	3	3.20799956108	0.0494766330413	2.19113155944
pcho_N(CH3)3_a	45.0	0.058	0.121	4	3.20799956115	0.152166748501	228.378936168
pcho_N(CH3)3_a	45.0	0.058	0.121	5	3.20799956105	0.0455848825929	-21.7121494948
pcho_N(CH3)3_a	45.0	0.058	0.121	6	3.20799956117	0.0125952490581	-49.4421514647
pcho_N(CH3)3_a	45.0	0.058	0.121	7	3.20991745507	0.0925508903814	216.446203235
pcho_N(CH3)3_a	45.0	0.058	0.121	8	3.209917717	0.176211782516	61.9936617598
pcho_N(CH3)3_a	45.0	0.058	0.121	9	3.20991796611	0.234715543358	115.08608811
pcho_N(CH3)3_a	45.0	0.058	0.121	10	3.20991766013	0.0136274779738	-62.2944667761
pcr_X	45.0	0.422	0.081	0	3.93	1.9894962621	-7.66213995408
pcr_N(CH3)	45.0	0.422	0.09	0	3.029	2.99264190059	-2.04789929004
pcho_X	45.0	0.058	0.087	0	3.54205005565	0.000876864382217	170.609915543
pcho_X	45.0	0.058	0.087	1	3.62470679863	0.411681248312	67.482580791
pcho_X	45.0	0.058	0.087	2	3.62486445768	0.0117288520642	-16.7792736307
pcho_X	45.0	0.058	0.087	3	3.6311858537	0.0919816811299	37.4335291752
pcho_X	45.0	0.058	0.087	4	3.63354007038	0.114942576096	25.3301776536
pcho_X	45.0	0.058	0.087	5	3.63354360984	0.0175052459056	190.513816209
pcho_X	45.0	0.058	0.087	6	3.64057616868	0.4038826106	-12.2161460049
pcho_X	45.0	0.058	0.087	7	3.63985464391	0.00700483282397	244.101554427
pcho_X	45.0	0.058	0.087	8	3.64134920803	0.0916639520609	-22.9116505706
pcho_X	45.0	0.058	0.087	9	3.64823658288	0.13250459828	-45.1719107724
pcho_X	45.0	0.058	0.087	10	3.65059084734	0.0923888779504	-55.6355754849
pcho_X	45.0	0.058	0.087	11	3.65059520074	0.00634201837297	251.665748355
pcho_X	45.0	0.058	0.087	12	3.65677478127	0.43566465556	-85.2778241968
pcho_X	45.0	0.058	0.087	13	3.65664517235	0.0244227746287	13.8444064312
pcho_X	45.0	0.058	0.087	14	3.65690731178	0.0129784315929	201.672840495
pcho_X	45.0	0.058	0.087	15	3.7391474082	0.00188992948055	151.723538366
pcho_X	45.0	0.058	0.087	16	4.18372970344	0.00139287068356	128.569104163
pcho_X	45.0	0.058	0.087	17	4.24499907866	0.0866934300076	71.2660871053
pcho_X	45.0	0.058	0.087	18	4.25117623034	0.0184175538832	41.9327160074
pcho_X	45.0	0.058	0.087	19	4.25402401313	0.110871584217	62.6180340566
pcho_X	45.0	0.058	0.087	20	4.26039868669	0.0567898519671	16.6113386146
pcho_X	45.0	0.058	0.087	21	4.26221378498	0.0656417478789	7.96081093097
pcho_X	45.0	0.058	0.087	22	4.26333499457	0.0868394340821	71.4772184745
pcho_X	45.0	0.058	0.087	23	4.26617291514	0.0285990417285	85.2684694666
pcho_X	45.0	0.058	0.087	24	4.26941320947	0.079083971409	-20.6285118447
pcho_X	45.0	0.058	0.087	25	4.26956917046	0.0571893772912	16.2647774866
pcho_X	45.0	0.058	0.087	26	4.27146511613	0.0727789951348	11.0905519819
pcho_X	45.0	0.058	0.087	27	4.2746358202	0.0120366630148	17.9538621262
pcho_X	45.0	0.058	0.087	28	4.27526016665	0.0869502153855	71.753544033
pcho_X	45.0	0.058	0.087	29	4.27713330898	0.104031464386	-72.5720528869
pcho_X	45.0	0.058	0.087	30	4.27953437338	0.0806280328056	-1.44928012018
pcho_X	45.0	0.058	0.087	31	4.28010532263	0.0588081496785	-19.4236475639
pcho_X	45.0	0.058	0.087	32	4.28144755342	0.018424664342	41.8951832851
pcho_X	45.0	0.058	0.087	33	4.2821194886	0.0351882043106	180.880529838
pcho_X	45.0	0.058	0.087	34	4.28429677694	0.111163473257	63.1483093781
pcho_X	45.0	0.058	0.087	35	4.28629999673	0.103651935779	-72.2109842148
pcho_X	45.0	0.058	0.087	36	4.28892291781	0.0173065641305	-50.6438370743
pcho_X	45.0	0.058	0.087	37	4.28933355904	0.00821859566465	155.710440591
pcho_X	45.0	0.058	0.087	38	4.29133732005	0.110265893084	8.81607612067
pcho_X	45.0	0.058	0.087	39	4.29297881002	0.024117548626	31.0970924254
pcho_X	45.0	0.058	0.087	40	4.29539869509	0.080317416066	-81.3391667161
pcho_X	45.0	0.058	0.087	41	4.29831544945	0.0608343603313	-48.5166415108
pcho_X	45.0	0.058	0.087	42	4.30062093744	0.0811872859542	-2.44359942458
pcho_X	45.0	0.058	0.087	43	4.30119783753	0.0585875247637	-20.0802274885
pcho_X	45.0	0.058	0.087	44	4.30740348528	0.102936306589	-71.5550380734
pcho_X	45.0	0.058	0.087	45	4.31002736134	0.017306564322	-50.239259126
pcho_X	45.0	0.058	0.087	46	4.31650127313	0.0796947276034	-80.7444263941
pcho_N(CH3)3_b	45.0	0.058	0.121	0	3.20608188019	1.66216295	-5.98419522827
pcho_N(CH3)3_b	45.0	0.058	0.121	1	3.20799956085	0.16802415249	147.351978786
pcho_N(CH3)3_b	45.0	0.058	0.121	2	3.20799956101	0.386975664164	0.338338409528
pcho_N(CH3)3_b	45.0	0.058	0.121	3	3.20799956119	0.0511435101625	227.747619876
pcho_N(CH3)3_b	45.0	0.058	0.121	4	3.20799956116	0.296825835777	-5.3736544077
pcho_N(CH3)3_b	45.0	0.058	0.121	5	3.20799956108	0.331151963595	0.483610522645
pcho_N(CH3)3_b	45.0	0.058	0.121	6	3.20799956127	0.112063100339	179.882056491
pcho_N(CH3)3_b	45.0	0.058	0.121	7	3.20799956099	0.0193701096407	96.8625753821
pcho_N(CH3)3_b	45.0	0.058	0.121	8	3.20799956143	0.134693523196	-14.3446720731
pcho_N(CH3)3_b	45.0	0.058	0.121	9	3.20991773285	0.71222023906	-11.9124383345
pcho_N(CH3)3_b	45.0	0.058	0.121	10	3.20991764228	0.0589894821371	223.684680408
pcho_N(CH3)3_b	45.0	0.058	0.121	11	3.20991800556	0.0298868594058	134.852571171
pcho_N(CH3)3_b	45.0	0.058	0.121	12	3.20991792698	0.598405150454	-0.482657027682
pcho_N(CH3)3_b	45.0	0.058	0.121	13	3.20991805231	0.372083894903	-16.3134062924
pcho_N(CH3)3_b	45.0	0.058	0.121	14	3.20991826353	0.224900583085	-1.9581644041
taurine	45.0	0.117	0.085	0	3.2209127337	0.243789505809	26.3309806455
taurine	45.0	0.117	0.085	1	3.22397870406	0.223305840705	4.75202466226
taurine	45.0	0.117	0.085	2	3.24322355771	0.499151631796	-19.1574465196
taurine	45.0	0.117	0.085	3	3.24589881676	0.456248275776	-6.63556291589
taurine	45.0	0.117	0.085	4	3.24772584198	0.0222567287592	-10.9064771123
taurine	45.0	0.117	0.085	5	3.26532934784	0.236120350303	-89.6645583331
taurine	45.0	0.117	0.085	6	3.26768692835	0.246844603541	-63.3901235468
taurine	45.0	0.117	0.085	7	3.39881286344	0.245692896755	47.5823336729
taurine	45.0	0.117	0.085	8	3.40117086037	0.235559220389	73.8760976909
taurine	45.0	0.117	0.085	9	3.41877394265	0.0221777820113	-4.66812395392
taurine	45.0	0.117	0.085	10	3.42060119741	0.454641634702	-8.90707960324
taurine	45.0	0.117	0.085	11	3.42327648775	0.499418319693	3.68418544414
taurine	45.0	0.117	0.085	12	3.44252147965	0.223515699056	-19.9727807606
taurine	45.0	0.117	0.085	13	3.4455870826	0.244123048655	-41.5793275983
scyllo-inositol	45.0	0.044	0.087	0	3.34	5.9775820072	-7.97510975253
peth	45.0	0.126	0.087	0	3.11672856915	0.000816303749628	183.05505409
peth	45.0	0.126	0.087	1	3.19889479502	0.407672745036	76.385135802
peth	45.0	0.126	0.087	2	3.19873012631	0.0160712427207	-60.1809733121
peth	45.0	0.126	0.087	3	3.19907176336	0.0141440932132	5.10752768543
peth	45.0	0.126	0.087	4	3.20942373301	0.207766040496	26.3577878885
peth	45.0	0.126	0.087	5	3.2091589816	0.00518015642178	268.563500505
peth	45.0	0.126	0.087	6	3.2096625645	0.00650050968943	-76.5188705439
peth	45.0	0.126	0.087	7	3.21564067617	0.408477463782	-0.843387985887
peth	45.0	0.126	0.087	8	3.21518723131	0.012408637564	142.337543286
peth	45.0	0.126	0.087	9	3.2160790825	0.0154625227691	257.103217138
peth	45.0	0.126	0.087	10	3.22269864485	0.0580823774111	-27.4647898889
peth	45.0	0.126	0.087	11	3.22248272301	0.223047619043	-36.0635839996
peth	45.0	0.126	0.087	12	3.23252284496	0.207683764183	-88.6996334544
peth	45.0	0.126	0.087	13	3.2325290494	0.0133854024371	91.2205140926
peth	45.0	0.126	0.087	14	3.23281385612	0.229369892319	265.465730847
peth	45.0	0.126	0.087	15	3.31453774467	0.00197615888136	13.5665606447
peth	45.0	0.126	0.087	16	3.88827853336	0.00256445165609	160.415173761
peth	45.0	0.126	0.087	17	3.94596561951	0.0857429608908	77.2219917233
peth	45.0	0.126	0.087	18	3.94773456098	0.0856767947348	77.3494053657
peth	45.0	0.126	0.087	19	3.94950395642	0.0856039594931	77.4775647962
peth	45.0	0.126	0.087	20	3.95616970608	0.0416769521114	24.4690386438
peth	45.0	0.126	0.087	21	3.95793949218	0.0416514106549	24.5149588766
peth	45.0	0.126	0.087	22	3.95971018071	0.0416227988411	24.5620644028
peth	45.0	0.126	0.087	23	3.96345685325	0.123713546679	-10.2933222321
peth	45.0	0.126	0.087	24	3.96611180801	0.120812186251	-13.8710879557
peth	45.0	0.126	0.087	25	3.96921116705	0.0411547401054	-39.6441049031
peth	45.0	0.126	0.087	26	3.97000103599	0.0131059484462	120.18448036
peth	45.0	0.126	0.087	27	3.97029284144	0.0314147944045	264.527284953
peth	45.0	0.126	0.087	28	3.97098041877	0.0411766937674	-39.6730405284
peth	45.0	0.126	0.087	29	3.97191120312	0.0847250638391	79.1479169938
peth	45.0	0.126	0.087	30	3.97274960455	0.0411962008186	-39.7029423573
peth	45.0	0.126	0.087	31	3.97368052515	0.0846489588027	79.281242447
peth	45.0	0.126	0.087	32	3.97967335226	0.0500399716833	-79.3536698608
peth	45.0	0.126	0.087	33	3.97991328512	0.0407188878341	268.45548926
peth	45.0	0.126	0.087	34	3.98060340712	0.0154718821067	170.588869876
peth	45.0	0.126	0.087	35	3.98133159117	0.0395962924901	-87.4513979305
peth	45.0	0.126	0.087	36	3.98168448252	0.0407779336324	268.344613359
peth	45.0	0.126	0.087	37	3.9821232453	0.0412987683113	25.1828140187
peth	45.0	0.126	0.087	38	3.98309735291	0.0396182735653	-87.4396173078
peth	45.0	0.126	0.087	39	3.98345786558	0.0408352369468	268.233590245
peth	45.0	0.126	0.087	40	3.9838931562	0.0412712563189	25.2352686549
peth	45.0	0.126	0.087	41	3.98674994644	0.0165547714623	-14.0136329716
peth	45.0	0.126	0.087	42	3.98762904672	0.0161238452296	243.482428428
peth	45.0	0.126	0.087	43	3.98940289792	0.123190823801	-11.6831719124
peth	45.0	0.126	0.087	44	3.99116383508	0.0382533984703	-19.5024139202
peth	45.0	0.126	0.087	45	3.99314552716	0.0138736165138	103.403409508
peth	45.0	0.126	0.087	46	3.99366395751	0.00347586713407	210.52217517
peth	45.0	0.126	0.087	47	3.99516469979	0.0415177686539	-40.113072675
peth	45.0	0.126	0.087	48	3.99693468291	0.0415446760436	-40.1449276253
peth	45.0	0.126	0.087	49	4.00375726558	0.00086660030666	121.199436341
peth	45.0	0.126	0.087	50	4.00496452528	0.0655582329454	-71.1820805778
peth	45.0	0.126	0.087	51	4.0058474188	0.0416480092916	266.769597912
peth	45.0	0.126	0.087	52	4.00729583524	0.0401340042714	-87.3062731258
peth	45.0	0.126	0.087	53	4.00761801085	0.0417170361055	266.656930543
lm1	45.0	1.0	0.945781	L	50.72009	3.550126	-1.138201
lm2	45.0	1.0	1.475781	L	54.12614	2.855701	0.05457026
lm3	45.0	1.0	1.705781	L	68.32043	3.90728	-0.06015777
lm4	45.0	1.0	2.115781	L	96.4358	4.719139	-0.09620739
lm5	45.0	1.0	2.315781	L	69.70896	2.784562	-0.5775946
lm6	45.0	1.0	3.015781	L	42.72932	1.01768	-0.6582785
lm7	45.0	1.0	3.9854041	L	29.64625	1.209407	0.2889715
lm8	45.0	1.0	7.125781	L	274.476	4.046641	0.3027004
lm9	45.0	1.0	7.855781	L	37.37627	1.313574	0.02022181
lm10	45.0	1.0	2.655781	L	121.4557	2.349968	-0.5826102
lm11	45.0	1.0	1.235781	L	30.68139	0.7444791	-1.138201
lm12	45.0	1.0	-0.62824	L	1789.202	21.51878	-3.652967
lm13	45.0	1.0	3.295781	L	109.4958	1.665539	0.1635756
lm14	45.0	1.0	3.705781	L	169.6304	4.873533	-1.354319
