;PINTS for FITMAN Simulation Output
;Experiment Information
;---------------------------------------------------------------------------
;Name: semi-LASER
;Created: 2017_10_30
;Comment: Density-matrix simulations of metabolites using PyGAMMA and metabolite parameters from V. Govindaraju et. al, NMR Biomed. 2000;13:129-153
;PI: bartha-olemew
;b0: 297.2
;49 Metabolites: alanine, aspartate, choline_1-CH2_2-CH2, choline_N(CH3)3_a, choline_N(CH3)3_b, creatine_N(CH3), creatine_X, d-glucose-alpha, d-glucose-beta, gaba, glutamate, glutamine, glutathione_cysteine, glutathione_glutamate, glutathione_glycine, glycine, gpc_7-CH2_8-CH2, gpc_glycerol, gpc_N(CH3)3_a, gpc_N(CH3)3_b, lactate, myoinositol, naa_acetyl, naa_aspartate, naag_acetyl, naag_aspartyl, naag_glutamate, pcho_N(CH3)3_a, pcho_N(CH3)3_b, pcho_X, pcr_N(CH3), pcr_X, peth, scyllo-inositol, taurine, lm1, lm2, lm3, lm4, lm5, lm6, lm7, lm8, lm9, lm10, lm11, lm12, lm13, lm14
;Simulation Results
;---------------------------------------------------------------------------
choline_N(CH3)3_a	165.0	0.165	0.121	0	3.18308188091	1.32742805607	-5.82888859646
choline_N(CH3)3_a	165.0	0.165	0.121	1	3.18499956205	0.0959349979035	-54.2636807073
choline_N(CH3)3_a	165.0	0.165	0.121	2	3.18499956241	0.196888678155	193.280665855
choline_N(CH3)3_a	165.0	0.165	0.121	3	3.18499956222	0.0789374163751	31.1333365277
choline_N(CH3)3_a	165.0	0.165	0.121	4	3.18499956247	0.145338126679	226.767534185
choline_N(CH3)3_a	165.0	0.165	0.121	5	3.18499956237	0.0015991244798	118.725173909
choline_N(CH3)3_a	165.0	0.165	0.121	6	3.18499956237	0.0538168363381	10.716680926
choline_N(CH3)3_a	165.0	0.165	0.121	7	3.1869177262	0.180421242055	184.575008813
choline_N(CH3)3_a	165.0	0.165	0.121	8	3.1869178109	0.10122261516	-1.3373934972
choline_N(CH3)3_a	165.0	0.165	0.121	9	3.18691755841	0.0486156827132	235.240313795
choline_N(CH3)3_a	165.0	0.165	0.121	10	3.1869179003	0.0253189914712	-73.7784882962
choline_N(CH3)3_a	165.0	0.165	0.121	11	3.1869179003	0.0132544550263	87.9619411807
choline_1-CH2_2-CH2	165.0	0.165	0.087	0	3.40528755443	0.00160938178098	25.5027142443
choline_1-CH2_2-CH2	165.0	0.165	0.087	1	3.48365010521	0.313445565729	-79.4706698103
choline_1-CH2_2-CH2	165.0	0.165	0.087	2	3.48340724382	0.0230598688897	127.002967832
choline_1-CH2_2-CH2	165.0	0.165	0.087	3	3.4838750549	0.018111969809	197.724607508
choline_1-CH2_2-CH2	165.0	0.165	0.087	4	3.4944642234	0.166473978005	101.811516788
choline_1-CH2_2-CH2	165.0	0.165	0.087	5	3.49441809057	0.0166782120308	-84.9962993807
choline_1-CH2_2-CH2	165.0	0.165	0.087	6	3.50034049709	0.334159205406	6.4015351956
choline_1-CH2_2-CH2	165.0	0.165	0.087	7	3.50030207372	0.0493127517236	86.2064218501
choline_1-CH2_2-CH2	165.0	0.165	0.087	8	3.50738534617	0.173516735722	240.385051681
choline_1-CH2_2-CH2	165.0	0.165	0.087	9	3.50734198018	0.0260875156284	19.5569783296
choline_1-CH2_2-CH2	165.0	0.165	0.087	10	3.50743404668	0.0102630493419	150.871541391
choline_1-CH2_2-CH2	165.0	0.165	0.087	11	3.51769615768	0.32094285937	51.6849826755
choline_1-CH2_2-CH2	165.0	0.165	0.087	12	3.51797091101	0.0154260979475	172.569602383
choline_1-CH2_2-CH2	165.0	0.165	0.087	13	3.59567488242	0.00155905733236	141.545106579
choline_1-CH2_2-CH2	165.0	0.165	0.087	14	3.96815265095	0.00120329898024	180.706253465
choline_1-CH2_2-CH2	165.0	0.165	0.087	15	4.02845899823	0.145762930961	-62.7765793936
choline_1-CH2_2-CH2	165.0	0.165	0.087	16	4.03727585015	0.153169937695	-65.2786236618
choline_1-CH2_2-CH2	165.0	0.165	0.087	17	4.03877247364	0.0862389175623	103.990881708
choline_1-CH2_2-CH2	165.0	0.165	0.087	18	4.04582638365	0.168208340418	-23.016621308
choline_1-CH2_2-CH2	165.0	0.165	0.087	19	4.04606767809	0.0315804737082	162.628497932
choline_1-CH2_2-CH2	165.0	0.165	0.087	20	4.04760336625	0.0866179928665	103.555200807
choline_1-CH2_2-CH2	165.0	0.165	0.087	21	4.05169561522	0.0794495156986	241.904696756
choline_1-CH2_2-CH2	165.0	0.165	0.087	22	4.05464126898	0.165145798002	-21.4268743466
choline_1-CH2_2-CH2	165.0	0.165	0.087	23	4.05639419526	0.0180747444969	108.306516182
choline_1-CH2_2-CH2	165.0	0.165	0.087	24	4.05649512241	0.0282765161144	12.3748487315
choline_1-CH2_2-CH2	165.0	0.165	0.087	25	4.06052684944	0.0791307316643	242.80321686
choline_1-CH2_2-CH2	165.0	0.165	0.087	26	4.06260146817	0.206686017041	63.2969335593
choline_1-CH2_2-CH2	165.0	0.165	0.087	27	4.06381701365	0.0262724924245	-87.3596982179
choline_1-CH2_2-CH2	165.0	0.165	0.087	28	4.06931808487	0.00728246812332	208.323406104
choline_1-CH2_2-CH2	165.0	0.165	0.087	29	4.06941901201	0.0106599353349	132.314965976
choline_1-CH2_2-CH2	165.0	0.165	0.087	30	4.07133574596	0.156324786541	64.7760016877
choline_1-CH2_2-CH2	165.0	0.165	0.087	31	4.07996127587	0.0432308112266	4.45711377916
choline_1-CH2_2-CH2	165.0	0.165	0.087	32	4.08042102971	0.0357255735023	73.2079339221
alanine	165.0	0.078	0.087	0	1.45446102986	0.341936925911	-48.5510932659
alanine	165.0	0.078	0.087	1	1.47880118151	0.846332261636	162.56615488
alanine	165.0	0.078	0.087	2	3.7382838008	0.111504825032	260.826288066
alanine	165.0	0.078	0.087	3	3.76260772668	0.338075325006	202.247848574
alanine	165.0	0.078	0.087	4	3.78693267702	0.305314644181	149.581061133
alanine	165.0	0.078	0.087	5	3.81130127456	0.0894704636006	88.0802983091
aspartate	165.0	0.117	0.087	0	2.60315461543	0.207287967754	60.2032683642
aspartate	165.0	0.117	0.087	1	2.63321004478	0.128108052827	-83.2965443852
aspartate	165.0	0.117	0.087	2	2.66178300881	0.226608161291	86.7063203215
aspartate	165.0	0.117	0.087	3	2.69183843816	0.359587609413	-46.3208168032
aspartate	165.0	0.117	0.087	4	2.77093866344	0.215956004179	-53.6281691146
aspartate	165.0	0.117	0.087	5	2.78379157363	0.374406365018	46.4608900777
aspartate	165.0	0.117	0.087	6	2.82956705682	0.237573011135	-17.9643070624
aspartate	165.0	0.117	0.087	7	2.84241996702	0.120982441271	75.9411335283
aspartate	165.0	0.117	0.087	8	3.8701699882	0.237531997257	12.9909652372
aspartate	165.0	0.117	0.087	9	3.8830228984	0.234571296553	109.16477149
aspartate	165.0	0.117	0.087	10	3.90022541756	0.226593366302	234.890487759
aspartate	165.0	0.117	0.087	11	3.91307832775	0.227058770018	-27.4906324032
choline_N(CH3)3_b	165.0	0.165	0.121	0	3.18308188064	1.65816912668	-5.82888281546
choline_N(CH3)3_b	165.0	0.165	0.121	1	3.1849995622	0.425694914908	-4.10432819547
choline_N(CH3)3_b	165.0	0.165	0.121	2	3.18499956222	0.419595946009	3.3018162848
choline_N(CH3)3_b	165.0	0.165	0.121	3	3.18499956206	0.0445006539049	194.325314652
choline_N(CH3)3_b	165.0	0.165	0.121	4	3.18499956195	0.0518497127594	102.028803939
choline_N(CH3)3_b	165.0	0.165	0.121	5	3.18499956268	0.0989793654678	-19.2045525654
choline_N(CH3)3_b	165.0	0.165	0.121	6	3.18499956241	0.0698383769523	252.378560153
choline_N(CH3)3_b	165.0	0.165	0.121	7	3.18499956247	0.172438151194	23.1635630333
choline_N(CH3)3_b	165.0	0.165	0.121	8	3.18691774053	0.744360608445	1.63948091548
choline_N(CH3)3_b	165.0	0.165	0.121	9	3.18691778716	0.705415353019	-7.08060675292
choline_N(CH3)3_b	165.0	0.165	0.121	10	3.18691763503	0.0109489716027	149.166277571
choline_N(CH3)3_b	165.0	0.165	0.121	11	3.18691768131	0.00178395576372	212.013309142
choline_N(CH3)3_b	165.0	0.165	0.121	12	3.18691818051	0.250968509965	-13.0566854582
choline_N(CH3)3_b	165.0	0.165	0.121	13	3.18691823178	0.157989627131	0.0720582772182
choline_N(CH3)3_b	165.0	0.165	0.121	14	3.18691768146	0.00130716065489	267.373692888
creatine_X	165.0	0.296	0.081	0	3.913	1.98948373214	-7.7692539978
creatine_N(CH3)	165.0	0.296	0.09	0	3.027	2.95082167419	-2.7004744195
d-glucose-alpha	165.0	0.049	0.087	0	3.31834490145	0.0031133079884	-77.2757704088
d-glucose-alpha	165.0	0.049	0.087	1	3.34962896976	0.00641700376976	136.812529928
d-glucose-alpha	165.0	0.049	0.087	2	3.35212947739	0.00883539320293	232.836720075
d-glucose-alpha	165.0	0.049	0.087	3	3.36115938384	0.0521993872529	163.869726823
d-glucose-alpha	165.0	0.049	0.087	4	3.36206019126	0.0161466948875	95.9456698154
d-glucose-alpha	165.0	0.049	0.087	5	3.36254014573	0.00174621288442	220.278173161
d-glucose-alpha	165.0	0.049	0.087	6	3.36369410117	0.0259823525277	118.434213382
d-glucose-alpha	165.0	0.049	0.087	7	3.36396763489	0.00513894834958	66.5378125626
d-glucose-alpha	165.0	0.049	0.087	8	3.38335617388	0.0118244175805	72.3061815818
d-glucose-alpha	165.0	0.049	0.087	9	3.39276316522	0.217337052387	-4.80544281939
d-glucose-alpha	165.0	0.049	0.087	10	3.39345758243	0.0016764416699	204.266426045
d-glucose-alpha	165.0	0.049	0.087	11	3.39462976412	0.139004583266	-33.4586534588
d-glucose-alpha	165.0	0.049	0.087	12	3.39355773102	0.00747235511058	81.9864177001
d-glucose-alpha	165.0	0.049	0.087	13	3.40389066624	0.00406703934395	259.49813398
d-glucose-alpha	165.0	0.049	0.087	14	3.40387256484	0.00349177626798	-87.3435816547
d-glucose-alpha	165.0	0.049	0.087	15	3.42360680187	0.0501116578938	171.587628588
d-glucose-alpha	165.0	0.049	0.087	16	3.42467188747	0.0305474454667	-72.8299952343
d-glucose-alpha	165.0	0.049	0.087	17	3.42570615154	0.116625534795	180.943719423
d-glucose-alpha	165.0	0.049	0.087	18	3.4257808543	0.10492689028	170.769109261
d-glucose-alpha	165.0	0.049	0.087	19	3.42607507267	0.000402955294434	247.172826458
d-glucose-alpha	165.0	0.049	0.087	20	3.43530052739	0.00941878555303	84.7136534525
d-glucose-alpha	165.0	0.049	0.087	21	3.43725993585	0.00584280337863	240.045119492
d-glucose-alpha	165.0	0.049	0.087	22	3.46876537934	0.0061605770499	68.5374681121
d-glucose-alpha	165.0	0.049	0.087	23	3.49492793116	0.058038470988	75.1089433463
d-glucose-alpha	165.0	0.049	0.087	24	3.49524866405	0.0874370031634	13.4477574629
d-glucose-alpha	165.0	0.049	0.087	25	3.50773952577	0.197177055115	128.096418644
d-glucose-alpha	165.0	0.049	0.087	26	3.52728686672	0.317554317459	181.216440901
d-glucose-alpha	165.0	0.049	0.087	27	3.5399743754	0.276252172896	-17.2745728452
d-glucose-alpha	165.0	0.049	0.087	28	3.54015855703	0.150674602591	-44.5595996947
d-glucose-alpha	165.0	0.049	0.087	29	3.55326807064	0.000446842271225	-60.6782154525
d-glucose-alpha	165.0	0.049	0.087	30	3.58652987911	0.000940775645696	88.806829964
d-glucose-alpha	165.0	0.049	0.087	31	3.66848968874	0.335432632796	163.567637812
d-glucose-alpha	165.0	0.049	0.087	32	3.70016159663	0.414555067835	8.27126841626
d-glucose-alpha	165.0	0.049	0.087	33	3.70067099712	0.0638634770858	-64.1017962884
d-glucose-alpha	165.0	0.049	0.087	34	3.71005558586	0.0340643055223	114.870267285
d-glucose-alpha	165.0	0.049	0.087	35	3.71259524187	0.0114594756619	-61.0261418653
d-glucose-alpha	165.0	0.049	0.087	36	3.71258939219	0.00250870028946	-7.49752228622
d-glucose-alpha	165.0	0.049	0.087	37	3.7217525728	0.0302580456331	199.241704467
d-glucose-alpha	165.0	0.049	0.087	38	3.73214596746	0.13765166694	174.385105139
d-glucose-alpha	165.0	0.049	0.087	39	3.73221467139	0.0963831969343	171.75012781
d-glucose-alpha	165.0	0.049	0.087	40	3.73232655961	0.0838113089523	213.365804441
d-glucose-alpha	165.0	0.049	0.087	41	3.73294274929	0.00650981967575	-50.8958914243
d-glucose-alpha	165.0	0.049	0.087	42	3.7521032993	0.156688868563	67.2785092654
d-glucose-alpha	165.0	0.049	0.087	43	3.75317810394	0.0920216946106	186.645660937
d-glucose-alpha	165.0	0.049	0.087	44	3.76248568933	0.0625372278058	-55.4413665216
d-glucose-alpha	165.0	0.049	0.087	45	3.77348447099	0.260441995839	177.043716854
d-glucose-alpha	165.0	0.049	0.087	46	3.79605796293	0.137468461066	75.8681787398
d-glucose-alpha	165.0	0.049	0.087	47	3.80032037405	0.124497743508	24.1617889116
d-glucose-alpha	165.0	0.049	0.087	48	3.80652318575	0.0692947665463	77.7295797575
d-glucose-alpha	165.0	0.049	0.087	49	3.80790492901	0.0983371114736	-27.6766931078
d-glucose-alpha	165.0	0.049	0.087	50	3.81079460377	0.247004378512	-46.8364348332
d-glucose-alpha	165.0	0.049	0.087	51	3.81304783266	0.259327624299	-52.0651611014
d-glucose-alpha	165.0	0.049	0.087	52	3.81821812819	0.195719450383	259.587031314
d-glucose-alpha	165.0	0.049	0.087	53	3.8224858161	0.0277067679799	83.4347084621
d-glucose-alpha	165.0	0.049	0.087	54	3.82813953992	0.138405640373	-55.1058199012
d-glucose-alpha	165.0	0.049	0.087	55	3.83327750521	0.0790510181661	228.243106078
d-glucose-alpha	165.0	0.049	0.087	56	3.84806523197	0.101234602813	260.225368853
d-glucose-alpha	165.0	0.049	0.087	57	3.84848531872	0.16816511973	58.4310876799
d-glucose-alpha	165.0	0.049	0.087	58	3.85321855318	0.0987249275376	231.661852956
d-glucose-alpha	165.0	0.049	0.087	59	3.85320223951	0.0538675064092	-34.8043715075
d-glucose-alpha	165.0	0.049	0.087	60	3.89679065368	0.00540455380475	134.000224865
gaba	165.0	0.155	0.082	0	1.83609170247	0.0233532033089	230.33364487
gaba	165.0	0.155	0.082	1	1.83815637494	0.0425505629117	212.527013975
gaba	165.0	0.155	0.082	2	1.85696880793	0.00608164596632	223.600741707
gaba	165.0	0.155	0.082	3	1.86062943336	0.131981244204	145.358821027
gaba	165.0	0.155	0.082	4	1.86243504238	0.0463451876544	142.804139474
gaba	165.0	0.155	0.082	5	1.8630071922	0.00930761938874	-45.9569249428
gaba	165.0	0.155	0.082	6	1.86517561959	0.00468853713908	-37.1142206719
gaba	165.0	0.155	0.082	7	1.86579329637	0.00313040413868	83.5960484226
gaba	165.0	0.155	0.082	8	1.86824473535	0.00861075532491	14.7012302039
gaba	165.0	0.155	0.082	9	1.87964134091	0.00373926157251	156.899791668
gaba	165.0	0.155	0.082	10	1.88218741421	0.0297804247508	134.564366664
gaba	165.0	0.155	0.082	11	1.88424167823	0.0150090806524	112.064252684
gaba	165.0	0.155	0.082	12	1.88625106718	0.0206211707535	212.032679589
gaba	165.0	0.155	0.082	13	1.88722951971	0.126477507178	61.947678933
gaba	165.0	0.155	0.082	14	1.88641196087	0.16136821165	60.3948136149
gaba	165.0	0.155	0.082	15	1.88902518052	0.0609018683293	27.402448232
gaba	165.0	0.155	0.082	16	1.89109723627	0.00759783563862	-74.0746638214
gaba	165.0	0.155	0.082	17	1.89168196513	0.0066552762164	-6.78903580195
gaba	165.0	0.155	0.082	18	1.89327876399	0.00223557494551	252.558683676
gaba	165.0	0.155	0.082	19	1.89335261366	0.00849216034443	-40.9129794238
gaba	165.0	0.155	0.082	20	1.90683793964	0.00639717358134	144.093938464
gaba	165.0	0.155	0.082	21	1.90979736748	0.0285023059989	42.9298108063
gaba	165.0	0.155	0.082	22	1.91069788509	0.00736426035383	125.264325022
gaba	165.0	0.155	0.082	23	1.91129471614	0.0102241443297	263.939708503
gaba	165.0	0.155	0.082	24	1.91178585168	0.119151294437	2.77376803745
gaba	165.0	0.155	0.082	25	1.91356978528	0.0415272879035	-34.8988498781
gaba	165.0	0.155	0.082	26	1.91377228855	0.0110763204705	-87.7176069354
gaba	165.0	0.155	0.082	27	1.91673973267	0.00177149877418	265.234682156
gaba	165.0	0.155	0.082	28	1.91682328557	0.00510380928555	-50.062379032
gaba	165.0	0.155	0.082	29	1.93570839362	0.0608081972073	243.869058686
gaba	165.0	0.155	0.082	30	1.93776531495	0.043921378422	196.776337676
gaba	165.0	0.155	0.082	31	2.26019744607	0.389729594716	106.5526518
gaba	165.0	0.155	0.082	32	2.27605880089	0.000839079717487	113.206002182
gaba	165.0	0.155	0.082	33	2.28054572612	0.0105921573679	92.4109244606
gaba	165.0	0.155	0.082	34	2.28470468831	0.682184509565	32.9906043178
gaba	165.0	0.155	0.082	35	2.2874653633	0.00979113596882	-31.7058127275
gaba	165.0	0.155	0.082	36	2.29214535111	0.00200575696875	87.1229987771
gaba	165.0	0.155	0.082	37	2.30856980239	0.158263089982	-53.8790613027
gaba	165.0	0.155	0.082	38	2.31018599716	0.182081342342	-44.926331546
gaba	165.0	0.155	0.082	39	2.98808408231	0.475036304668	85.6128860506
gaba	165.0	0.155	0.082	40	3.0078583627	0.0731517328875	85.9252385422
gaba	165.0	0.155	0.082	41	3.0109085134	0.169692281013	34.2034427246
gaba	165.0	0.155	0.082	42	3.0139238833	0.486705916804	-13.5590173392
gaba	165.0	0.155	0.082	43	3.01571066452	0.0478210818851	-42.8450080073
gaba	165.0	0.155	0.082	44	3.01773563668	0.0481016718576	-86.3073307944
gaba	165.0	0.155	0.082	45	3.01952201314	0.0199716863187	259.695864503
gaba	165.0	0.155	0.082	46	3.03846939725	0.208949091873	258.108795759
gaba	165.0	0.155	0.082	47	3.03849083953	0.219150604502	-80.9288838241
glutamate	165.0	0.898	0.088	0	1.96706804127	0.0252244954756	92.2926853717
glutamate	165.0	0.898	0.088	1	1.99094252965	0.0396037041313	-15.5957243292
glutamate	165.0	0.898	0.088	2	1.9909810453	0.0257033543319	68.1668715774
glutamate	165.0	0.898	0.088	3	1.99400006985	0.0334961243132	-8.25209417272
glutamate	165.0	0.898	0.088	4	2.01485536067	0.0108423454913	55.3447452771
glutamate	165.0	0.898	0.088	5	2.01729901671	0.0562599233273	259.233350795
glutamate	165.0	0.898	0.088	6	2.01806205099	0.0214351273583	31.2216983773
glutamate	165.0	0.898	0.088	7	2.04061176782	0.0369625312984	143.463160152
glutamate	165.0	0.898	0.088	8	2.04202460837	0.0284763106087	246.679451006
glutamate	165.0	0.898	0.088	9	2.04412977497	0.0383698360405	143.617021252
glutamate	165.0	0.898	0.088	10	2.06405000071	0.0706677869431	121.282365468
glutamate	165.0	0.898	0.088	11	2.06745024183	0.033123938877	-26.9331597156
glutamate	165.0	0.898	0.088	12	2.06790265144	0.10057877457	87.1814151624
glutamate	165.0	0.898	0.088	13	2.08373400035	0.0187044546944	80.2864397357
glutamate	165.0	0.898	0.088	14	2.0916096957	0.072486548686	-9.83193581302
glutamate	165.0	0.898	0.088	15	2.0921638647	0.0354612136458	104.859638302
glutamate	165.0	0.898	0.088	16	2.0931028643	0.022046669572	-73.9775614428
glutamate	165.0	0.898	0.088	17	2.10876569993	0.165102160968	-26.0110651943
glutamate	165.0	0.898	0.088	18	2.11718319984	0.0255624472114	144.048566108
glutamate	165.0	0.898	0.088	19	2.11766375294	0.0700875006636	229.502787279
glutamate	165.0	0.898	0.088	20	2.13364157349	0.07231764891	208.783666429
glutamate	165.0	0.898	0.088	21	2.1414089918	0.0340885874979	80.615667572
glutamate	165.0	0.898	0.088	22	2.14323256942	0.0321381626237	68.7301724371
glutamate	165.0	0.898	0.088	23	2.15745696313	0.0258856183209	64.5589328849
glutamate	165.0	0.898	0.088	24	2.15947305764	0.0280844423155	86.4245834732
glutamate	165.0	0.898	0.088	25	2.16726427551	0.0439407214814	-1.77108659421
glutamate	165.0	0.898	0.088	26	2.18329414391	0.0330891808457	74.9897407208
glutamate	165.0	0.898	0.088	27	2.21221850114	0.00207175740999	-27.0740067627
glutamate	165.0	0.898	0.088	28	2.24688989807	0.00257376954831	193.353194544
glutamate	165.0	0.898	0.088	29	2.25493269956	0.00212404700696	239.026509182
glutamate	165.0	0.898	0.088	30	2.26788786255	0.0158588636019	-55.2097144129
glutamate	165.0	0.898	0.088	31	2.29148463541	0.0247553824803	238.588876506
glutamate	165.0	0.898	0.088	32	2.31581322138	0.0162246061088	135.094454046
glutamate	165.0	0.898	0.088	33	2.3207464618	0.18165790272	66.8291106092
glutamate	165.0	0.898	0.088	34	2.32114839652	0.201472702044	141.963192667
glutamate	165.0	0.898	0.088	35	2.34487450238	0.272680082276	86.4051775537
glutamate	165.0	0.898	0.088	36	2.3475332448	0.164150320901	-0.687178415714
glutamate	165.0	0.898	0.088	37	2.36914170614	0.080025950222	-11.1992267966
glutamate	165.0	0.898	0.088	38	2.37373703829	0.160721426219	254.145496909
glutamate	165.0	0.898	0.088	39	2.40099424653	0.025528017059	178.133320437
glutamate	165.0	0.898	0.088	40	2.42701728585	0.0126831091895	93.489898304
glutamate	165.0	0.898	0.088	41	3.72336295464	0.22499651729	-17.3819536779
glutamate	165.0	0.898	0.088	42	3.73950845707	0.157055280057	27.7270356452
glutamate	165.0	0.898	0.088	43	3.74731019895	0.169103963343	-50.4836454697
glutamate	165.0	0.898	0.088	44	3.76351606992	0.192121208678	-5.05023972619
glutamine	165.0	0.427	0.087	0	2.02959843313	0.0127067550447	151.595310688
glutamine	165.0	0.427	0.087	1	2.04903832083	0.00557190754765	97.6240172657
glutamine	165.0	0.427	0.087	2	2.05078450944	0.0112354231447	100.457475073
glutamine	165.0	0.427	0.087	3	2.05779742958	0.0206339749043	-24.9516594919
glutamine	165.0	0.427	0.087	4	2.06949146946	0.00427591570349	107.445590445
glutamine	165.0	0.427	0.087	5	2.07824700764	0.0418542210174	96.4111946547
glutamine	165.0	0.427	0.087	6	2.07892004581	0.0197637366425	-11.9608306671
glutamine	165.0	0.427	0.087	7	2.08348312725	0.0179877489477	268.300914285
glutamine	165.0	0.427	0.087	8	2.08467424299	0.0363031157017	142.941450861
glutamine	165.0	0.427	0.087	9	2.0994120015	0.0269012154331	65.8881911596
glutamine	165.0	0.427	0.087	10	2.10110091148	0.0169691918437	-8.05123675328
glutamine	165.0	0.427	0.087	11	2.10307683112	0.0738494929408	-21.0942016697
glutamine	165.0	0.427	0.087	12	2.10479853377	0.0196438972062	-83.9090138691
glutamine	165.0	0.427	0.087	13	2.10493473898	0.0364132046699	206.495998399
glutamine	165.0	0.427	0.087	14	2.10705943378	0.0289121629459	191.064078327
glutamine	165.0	0.427	0.087	15	2.10978222351	0.0377108789789	230.859700319
glutamine	165.0	0.427	0.087	16	2.11007205827	0.0250459854894	75.9611832211
glutamine	165.0	0.427	0.087	17	2.11574074582	0.0213800851771	27.2670813599
glutamine	165.0	0.427	0.087	18	2.12154007131	0.00821845749573	25.1686271745
glutamine	165.0	0.427	0.087	19	2.12427844833	0.0710789857812	-24.5570451863
glutamine	165.0	0.427	0.087	20	2.12762581022	0.0410700417011	193.446958555
glutamine	165.0	0.427	0.087	21	2.13015833943	0.0499348468064	84.4832613313
glutamine	165.0	0.427	0.087	22	2.13154011991	0.108737841716	228.936510591
glutamine	165.0	0.427	0.087	23	2.1333228175	0.00619847690654	156.510236991
glutamine	165.0	0.427	0.087	24	2.13493755571	0.0773564779065	-0.838949370114
glutamine	165.0	0.427	0.087	25	2.1368241746	0.0197549616344	57.249523566
glutamine	165.0	0.427	0.087	26	2.15336547463	0.0561861379421	236.509492463
glutamine	165.0	0.427	0.087	27	2.15356223104	0.00960047819955	148.600244387
glutamine	165.0	0.427	0.087	28	2.15502822922	0.0586376180789	9.02968537914
glutamine	165.0	0.427	0.087	29	2.15542925651	0.0101527588984	72.1423710295
glutamine	165.0	0.427	0.087	30	2.15894987717	0.0108765759093	63.8831434132
glutamine	165.0	0.427	0.087	31	2.16411056855	0.00544610545483	-31.866308973
glutamine	165.0	0.427	0.087	32	2.17574695392	0.00497109967929	95.0407456986
glutamine	165.0	0.427	0.087	33	2.17923162819	0.00930901114681	58.2948248928
glutamine	165.0	0.427	0.087	34	2.18383346528	0.0264218123737	-39.7307430747
glutamine	165.0	0.427	0.087	35	2.20359517008	0.0219540424971	-26.6751004813
glutamine	165.0	0.427	0.087	36	2.33941149415	0.0017573891255	38.0861475681
glutamine	165.0	0.427	0.087	37	2.36520286634	0.0376551944281	-54.4346612593
glutamine	165.0	0.427	0.087	38	2.38765705286	0.0176588496734	-65.4207627091
glutamine	165.0	0.427	0.087	39	2.38967236317	0.021731258813	194.996761021
glutamine	165.0	0.427	0.087	40	2.39654246008	0.0111098685095	125.094830491
glutamine	165.0	0.427	0.087	41	2.41530030875	0.0186394731637	117.651658003
glutamine	165.0	0.427	0.087	42	2.41669667022	0.219361997758	220.957730207
glutamine	165.0	0.427	0.087	43	2.41946386717	0.191524096771	17.3783600785
glutamine	165.0	0.427	0.087	44	2.43848976636	0.0568734018712	24.7700528232
glutamine	165.0	0.427	0.087	45	2.43885219224	0.100049069949	140.746802883
glutamine	165.0	0.427	0.087	46	2.44155229923	0.155198392083	143.330308905
glutamine	165.0	0.427	0.087	47	2.44745161905	0.0834207695174	-81.0091342461
glutamine	165.0	0.427	0.087	48	2.44779055723	0.0444117260157	26.7429026413
glutamine	165.0	0.427	0.087	49	2.4485114064	0.188313744716	260.844227136
glutamine	165.0	0.427	0.087	50	2.46685568586	0.113388287906	32.7518909264
glutamine	165.0	0.427	0.087	51	2.47096478871	0.0322840420777	-69.2592448054
glutamine	165.0	0.427	0.087	52	2.47337785455	0.128413930637	169.068691716
glutamine	165.0	0.427	0.087	53	2.49309782922	0.00556943897136	266.672778673
glutamine	165.0	0.427	0.087	54	2.49381314054	0.00418806905867	-86.7959622571
glutamine	165.0	0.427	0.087	55	2.49661698928	0.020826384238	221.948947174
glutamine	165.0	0.427	0.087	56	2.50240040716	0.0183315779298	121.559826099
glutamine	165.0	0.427	0.087	57	2.52492754721	0.0223787919381	75.3775896148
glutamine	165.0	0.427	0.087	58	3.73243522987	0.249587307244	-9.97593191008
glutamine	165.0	0.427	0.087	59	3.75311883828	0.479797741514	-8.11410677742
glutamine	165.0	0.427	0.087	60	3.77384386484	0.223508199883	-8.19567439688
d-glucose-beta	165.0	0.049	0.087	0	3.13264939513	0.00252943365579	0.246613422341
d-glucose-beta	165.0	0.049	0.087	1	3.15846848924	0.000575404830517	-86.3159280085
d-glucose-beta	165.0	0.049	0.087	2	3.15956501056	0.00206006800001	223.408865335
d-glucose-beta	165.0	0.049	0.087	3	3.18000789313	0.0014779993999	125.193173881
d-glucose-beta	165.0	0.049	0.087	4	3.1848501588	0.00138576299157	77.295991128
d-glucose-beta	165.0	0.049	0.087	5	3.18531573708	0.000673912563848	216.059613141
d-glucose-beta	165.0	0.049	0.087	6	3.19507767206	0.00345610028501	20.4686375303
d-glucose-beta	165.0	0.049	0.087	7	3.1961011039	0.00618389504675	148.056678332
d-glucose-beta	165.0	0.049	0.087	8	3.19817436453	0.0077537651474	1.82730459126
d-glucose-beta	165.0	0.049	0.087	9	3.19858675256	0.0125443798334	125.093661657
d-glucose-beta	165.0	0.049	0.087	10	3.20055757788	0.143893589816	125.192523937
d-glucose-beta	165.0	0.049	0.087	11	3.20254239096	0.0403812293073	22.7132057367
d-glucose-beta	165.0	0.049	0.087	12	3.2045948496	0.000928652326431	184.546496025
d-glucose-beta	165.0	0.049	0.087	13	3.20573369356	0.00875579433367	7.42428042269
d-glucose-beta	165.0	0.049	0.087	14	3.2115885965	0.000913927789353	-32.426028121
d-glucose-beta	165.0	0.049	0.087	15	3.21199939533	0.000567233767113	127.095386747
d-glucose-beta	165.0	0.049	0.087	16	3.22183773397	0.00122434274865	-80.7319256426
d-glucose-beta	165.0	0.049	0.087	17	3.22281796337	0.00754454809827	40.5507817279
d-glucose-beta	165.0	0.049	0.087	18	3.22496277572	0.00291739570717	-59.8030254941
d-glucose-beta	165.0	0.049	0.087	19	3.22718746619	0.115301297837	12.7718525419
d-glucose-beta	165.0	0.049	0.087	20	3.2274008957	0.114103878866	21.6550282615
d-glucose-beta	165.0	0.049	0.087	21	3.22984367076	0.089846948358	-49.171767882
d-glucose-beta	165.0	0.049	0.087	22	3.22996958704	0.117729649966	13.0787802852
d-glucose-beta	165.0	0.049	0.087	23	3.23129843205	0.00328415879377	167.424205127
d-glucose-beta	165.0	0.049	0.087	24	3.23163977245	0.0135978392824	14.0449391103
d-glucose-beta	165.0	0.049	0.087	25	3.2323553083	0.00708884955489	-89.0776329138
d-glucose-beta	165.0	0.049	0.087	26	3.2341062551	0.0124144289948	-42.2493307475
d-glucose-beta	165.0	0.049	0.087	27	3.23715619294	0.00192004285488	-59.7631296124
d-glucose-beta	165.0	0.049	0.087	28	3.24492635208	0.00106672084747	247.101862831
d-glucose-beta	165.0	0.049	0.087	29	3.24732303237	0.00119508459593	-39.5480782121
d-glucose-beta	165.0	0.049	0.087	30	3.25222262756	0.00170504728483	-64.4529188852
d-glucose-beta	165.0	0.049	0.087	31	3.25353451008	0.00726269305806	212.50061614
d-glucose-beta	165.0	0.049	0.087	32	3.25694760974	0.155603028217	221.228877035
d-glucose-beta	165.0	0.049	0.087	33	3.25643055411	0.0358950278887	-79.1372928926
d-glucose-beta	165.0	0.049	0.087	34	3.25846159829	0.0114609641733	260.503062188
d-glucose-beta	165.0	0.049	0.087	35	3.26096814646	0.0127688198262	209.104833036
d-glucose-beta	165.0	0.049	0.087	36	3.26403259453	0.0032626311495	212.292202842
d-glucose-beta	165.0	0.049	0.087	37	3.27183568905	0.000948490136763	144.710541048
d-glucose-beta	165.0	0.049	0.087	38	3.27422061941	0.00169827323887	205.721033868
d-glucose-beta	165.0	0.049	0.087	39	3.27902799907	0.00189372691718	179.16297751
d-glucose-beta	165.0	0.049	0.087	40	3.29165931783	0.000430061620565	165.908792617
d-glucose-beta	165.0	0.049	0.087	41	3.29449292134	0.0011127099421	150.98209323
d-glucose-beta	165.0	0.049	0.087	42	3.29991088427	0.00229839994457	130.410736759
d-glucose-beta	165.0	0.049	0.087	43	3.32136533538	0.000685620295467	20.8061320939
d-glucose-beta	165.0	0.049	0.087	44	3.32532329556	0.000498060702069	70.7644514386
d-glucose-beta	165.0	0.049	0.087	45	3.32680532301	0.00248045929489	0.537296075341
d-glucose-beta	165.0	0.049	0.087	46	3.32875786796	0.000676954332043	11.780610956
d-glucose-beta	165.0	0.049	0.087	47	3.33062285395	0.00105655629617	126.869943991
d-glucose-beta	165.0	0.049	0.087	48	3.33613382847	0.00163068842652	60.1436178694
d-glucose-beta	165.0	0.049	0.087	49	3.34851156859	0.00175445516206	-72.9735380029
d-glucose-beta	165.0	0.049	0.087	50	3.35115294095	0.0143603346852	95.4295872026
d-glucose-beta	165.0	0.049	0.087	51	3.35092321326	0.0173544059369	-26.7371019982
d-glucose-beta	165.0	0.049	0.087	52	3.35133365006	0.081426062357	239.062746294
d-glucose-beta	165.0	0.049	0.087	53	3.3514005953	0.00881229711084	16.176613709
d-glucose-beta	165.0	0.049	0.087	54	3.35197162595	0.0312731343606	179.906568971
d-glucose-beta	165.0	0.049	0.087	55	3.35399588865	0.00120097649894	196.835874828
d-glucose-beta	165.0	0.049	0.087	56	3.35836160959	0.0074838391033	79.2255523422
d-glucose-beta	165.0	0.049	0.087	57	3.36359891468	0.00960383351414	8.27033460153
d-glucose-beta	165.0	0.049	0.087	58	3.3735268141	0.0051946550059	229.372671992
d-glucose-beta	165.0	0.049	0.087	59	3.37410296595	0.0121418503379	-68.3495535041
d-glucose-beta	165.0	0.049	0.087	60	3.3788249763	0.0477058862406	139.352683634
d-glucose-beta	165.0	0.049	0.087	61	3.38156607566	0.0535373435702	-27.9305751279
d-glucose-beta	165.0	0.049	0.087	62	3.37918360309	0.00157606370319	235.115421148
d-glucose-beta	165.0	0.049	0.087	63	3.38059985983	0.109388694971	20.3242232533
d-glucose-beta	165.0	0.049	0.087	64	3.38138603405	0.00962612003649	110.783809805
d-glucose-beta	165.0	0.049	0.087	65	3.38748517527	0.0219406358837	233.69987173
d-glucose-beta	165.0	0.049	0.087	66	3.3876239856	0.0197956115274	17.9126295242
d-glucose-beta	165.0	0.049	0.087	67	3.39629460884	0.0155374466405	38.9233725135
d-glucose-beta	165.0	0.049	0.087	68	3.40084097611	0.0162560311565	20.5199660323
d-glucose-beta	165.0	0.049	0.087	69	3.41046967092	0.254920818779	188.207164911
d-glucose-beta	165.0	0.049	0.087	70	3.40916807799	0.0191658893712	-61.0173856932
d-glucose-beta	165.0	0.049	0.087	71	3.41466851894	0.00807813498919	-74.9090542928
d-glucose-beta	165.0	0.049	0.087	72	3.4257776932	0.0762502068392	84.8488924122
d-glucose-beta	165.0	0.049	0.087	73	3.42570919429	0.00693821222986	238.520997883
d-glucose-beta	165.0	0.049	0.087	74	3.42865978201	0.0868342841102	4.95558589143
d-glucose-beta	165.0	0.049	0.087	75	3.43048282266	0.00687501728152	214.908609159
d-glucose-beta	165.0	0.049	0.087	76	3.43105755215	0.0797364169065	14.4449960608
d-glucose-beta	165.0	0.049	0.087	77	3.43362765917	0.0502415701404	-65.6469383265
d-glucose-beta	165.0	0.049	0.087	78	3.43364513055	0.0115598516085	259.447415267
d-glucose-beta	165.0	0.049	0.087	79	3.44169143665	0.00470559106713	-35.7060668852
d-glucose-beta	165.0	0.049	0.087	80	3.44361642406	0.0462679808527	211.958853023
d-glucose-beta	165.0	0.049	0.087	81	3.44436987985	0.0412481982762	95.022721706
d-glucose-beta	165.0	0.049	0.087	82	3.44646745901	0.13356977385	177.896944029
d-glucose-beta	165.0	0.049	0.087	83	3.44640320247	0.00376789583613	-88.9420061766
d-glucose-beta	165.0	0.049	0.087	84	3.44902108589	0.0755009640254	112.69189697
d-glucose-beta	165.0	0.049	0.087	85	3.45020736467	0.0157254265176	193.8182021
d-glucose-beta	165.0	0.049	0.087	86	3.45036200965	0.0365845974944	-14.0435644569
d-glucose-beta	165.0	0.049	0.087	87	3.45242074354	0.0120678234592	-45.7688205561
d-glucose-beta	165.0	0.049	0.087	88	3.45461315225	0.0355392420189	54.3733422507
d-glucose-beta	165.0	0.049	0.087	89	3.45747427427	0.01592521262	159.005994926
d-glucose-beta	165.0	0.049	0.087	90	3.45908368959	0.00949744511862	182.164477558
d-glucose-beta	165.0	0.049	0.087	91	3.46043159781	0.0120881546055	16.0521680357
d-glucose-beta	165.0	0.049	0.087	92	3.46241888561	0.0185276867285	120.251134843
d-glucose-beta	165.0	0.049	0.087	93	3.46981936729	0.0465784866488	68.0728624362
d-glucose-beta	165.0	0.049	0.087	94	3.47274653306	0.0781505513172	-19.4234518277
d-glucose-beta	165.0	0.049	0.087	95	3.47557350032	0.097338940341	6.88282906044
d-glucose-beta	165.0	0.049	0.087	96	3.47574130364	0.00757673117346	144.217249402
d-glucose-beta	165.0	0.049	0.087	97	3.47596950497	0.0122672327069	61.6621176173
d-glucose-beta	165.0	0.049	0.087	98	3.47579320751	0.00770513353383	-55.3663331134
d-glucose-beta	165.0	0.049	0.087	99	3.47770727505	0.0571329379624	-16.81980907
d-glucose-beta	165.0	0.049	0.087	100	3.47782691386	0.0463148615446	262.275768479
d-glucose-beta	165.0	0.049	0.087	101	3.47829084516	0.00447899748639	-86.0318901946
d-glucose-beta	165.0	0.049	0.087	102	3.47954547281	0.088257989864	188.846327692
d-glucose-beta	165.0	0.049	0.087	103	3.47949579089	0.0166214233833	246.341966757
d-glucose-beta	165.0	0.049	0.087	104	3.4805099069	0.00378837071699	15.41658259
d-glucose-beta	165.0	0.049	0.087	105	3.48273017821	0.0394926004256	201.871929273
d-glucose-beta	165.0	0.049	0.087	106	3.50558756036	0.0451456972066	230.960683664
d-glucose-beta	165.0	0.049	0.087	107	3.50630588715	0.0163875256469	150.632269099
d-glucose-beta	165.0	0.049	0.087	108	3.50796094542	0.136955765363	131.062323921
d-glucose-beta	165.0	0.049	0.087	109	3.52429272692	0.00232535576731	168.746477339
d-glucose-beta	165.0	0.049	0.087	110	3.52913397169	0.00230269989665	128.13450334
d-glucose-beta	165.0	0.049	0.087	111	3.5403344409	0.00175248943232	80.2999046581
d-glucose-beta	165.0	0.049	0.087	112	3.54545138489	0.00213142853006	31.498328683
d-glucose-beta	165.0	0.049	0.087	113	3.55311820004	0.00132007408751	21.9066634114
d-glucose-beta	165.0	0.049	0.087	114	3.55791734041	0.00128411424778	-0.80161998036
d-glucose-beta	165.0	0.049	0.087	115	3.5690492308	0.00135080896756	-69.2365418495
d-glucose-beta	165.0	0.049	0.087	116	3.57414824655	0.00142196647378	240.730027177
d-glucose-beta	165.0	0.049	0.087	117	3.59574740549	0.00243640521238	-14.4149257067
d-glucose-beta	165.0	0.049	0.087	118	3.64223439617	0.0038785933836	-73.758447703
d-glucose-beta	165.0	0.049	0.087	119	3.66272105301	0.00111150306012	-39.4894465693
d-glucose-beta	165.0	0.049	0.087	120	3.67020534953	0.00133020638346	47.4347300854
d-glucose-beta	165.0	0.049	0.087	121	3.67116192043	0.000829177349457	144.215960715
d-glucose-beta	165.0	0.049	0.087	122	3.67239617501	0.0111837742337	90.1998452116
d-glucose-beta	165.0	0.049	0.087	123	3.67332577222	0.00847960268078	150.360056174
d-glucose-beta	165.0	0.049	0.087	124	3.67564256504	0.0686204605623	134.002658403
d-glucose-beta	165.0	0.049	0.087	125	3.67578754153	0.0121826612319	-4.11584069808
d-glucose-beta	165.0	0.049	0.087	126	3.67952871615	0.014292719595	145.422162552
d-glucose-beta	165.0	0.049	0.087	127	3.68861390294	0.00407152061067	-79.9879729972
d-glucose-beta	165.0	0.049	0.087	128	3.68980485007	0.00428692772332	242.976675668
d-glucose-beta	165.0	0.049	0.087	129	3.69274227173	0.0977650543919	238.943511044
d-glucose-beta	165.0	0.049	0.087	130	3.69261485348	0.0108912556305	10.8405970006
d-glucose-beta	165.0	0.049	0.087	131	3.69458810242	0.00946094075027	26.8175234996
d-glucose-beta	165.0	0.049	0.087	132	3.69721018494	0.0124285942228	262.507489058
d-glucose-beta	165.0	0.049	0.087	133	3.71131904239	0.0141208497549	105.879875393
d-glucose-beta	165.0	0.049	0.087	134	3.71713443262	0.182313206305	120.356719089
d-glucose-beta	165.0	0.049	0.087	135	3.71787825335	0.0539080835824	89.2231629581
d-glucose-beta	165.0	0.049	0.087	136	3.71942877992	0.0108283745481	94.3929359404
d-glucose-beta	165.0	0.049	0.087	137	3.7326444958	0.00586323562896	125.421268413
d-glucose-beta	165.0	0.049	0.087	138	3.73399776299	0.198833677004	210.25481056
d-glucose-beta	165.0	0.049	0.087	139	3.73390525121	0.00858486149556	-4.41869252327
d-glucose-beta	165.0	0.049	0.087	140	3.73829139942	0.00793750715443	6.06202392734
d-glucose-beta	165.0	0.049	0.087	141	3.7415106169	0.0147887793865	223.677154396
d-glucose-beta	165.0	0.049	0.087	142	3.78128843026	0.00307317969589	6.78502297944
d-glucose-beta	165.0	0.049	0.087	143	3.80825008227	0.00197956149001	82.2574665118
d-glucose-beta	165.0	0.049	0.087	144	3.85598398445	0.0102712755938	64.9193804046
d-glucose-beta	165.0	0.049	0.087	145	3.8578832613	0.0114157032285	50.9968702494
d-glucose-beta	165.0	0.049	0.087	146	3.86110173069	0.231917438998	27.6928266772
d-glucose-beta	165.0	0.049	0.087	147	3.86383350329	0.113398517421	-6.4958655644
d-glucose-beta	165.0	0.049	0.087	148	3.86641108922	0.229425610232	-51.2923472826
d-glucose-beta	165.0	0.049	0.087	149	3.86950480256	0.00984402574776	-62.0260446359
d-glucose-beta	165.0	0.049	0.087	150	3.87183246973	0.00707512589096	-82.8024278208
d-glucose-beta	165.0	0.049	0.087	151	3.90253349882	0.154716276067	21.7007278143
d-glucose-beta	165.0	0.049	0.087	152	3.90752578686	0.0892289881868	-55.240300548
d-glucose-beta	165.0	0.049	0.087	153	3.90786942192	0.0567845461938	264.78693373
d-glucose-beta	165.0	0.049	0.087	154	4.61672335427	0.481488799357	234.581150624
d-glucose-beta	165.0	0.049	0.087	155	4.64353658788	0.47692199996	123.917308126
glutathione_glycine	165.0	0.194	0.087	0	3.769	1.99073424674	-8.85141267987
glutathione_cysteine	165.0	0.194	0.087	0	2.88158786835	0.159182062098	149.58467767
glutathione_cysteine	165.0	0.194	0.087	1	2.90438113802	0.100231298823	161.626681197
glutathione_cysteine	165.0	0.194	0.087	2	2.92889438817	0.316432621648	56.0732358089
glutathione_cysteine	165.0	0.194	0.087	3	2.95168765785	0.354023195185	50.5878123553
glutathione_cysteine	165.0	0.194	0.087	4	2.95222786887	0.314870514174	-60.1868436078
glutathione_cysteine	165.0	0.194	0.087	5	2.96913681216	0.353361644751	-43.5097824752
glutathione_cysteine	165.0	0.194	0.087	6	2.9995343887	0.152439344046	199.083010284
glutathione_cysteine	165.0	0.194	0.087	7	3.01644333198	0.10495756556	215.571050024
glutathione_cysteine	165.0	0.194	0.087	8	4.54107552999	0.229239024243	-16.1352899693
glutathione_cysteine	165.0	0.194	0.087	9	4.55798447328	0.229972816174	8.63359135205
glutathione_cysteine	165.0	0.194	0.087	10	4.56386879967	0.242885993324	-6.15894934197
glutathione_cysteine	165.0	0.194	0.087	11	4.58077774296	0.273107992196	4.94535078504
glycine	165.0	0.068	0.087	0	3.548	1.9906976751	-9.1608534883
glutathione_glutamate	165.0	0.194	0.087	0	2.06336829863	0.00377450052957	126.869201077
glutathione_glutamate	165.0	0.194	0.087	1	2.08480357034	0.00940937624131	91.7048674896
glutathione_glutamate	165.0	0.194	0.087	2	2.088121135	0.014495436817	51.1037252719
glutathione_glutamate	165.0	0.194	0.087	3	2.10962038331	0.0142294239215	36.4487451141
glutathione_glutamate	165.0	0.194	0.087	4	2.11281857509	0.0102453235459	-6.77052448113
glutathione_glutamate	165.0	0.194	0.087	5	2.11536997153	0.0963280249008	-29.6682144318
glutathione_glutamate	165.0	0.194	0.087	6	2.11861561635	0.0102437271201	56.7608076384
glutathione_glutamate	165.0	0.194	0.087	7	2.13432941101	0.00376637751132	-20.7612034848
glutathione_glutamate	165.0	0.194	0.087	8	2.13679450303	0.0609270205548	-62.0348883039
glutathione_glutamate	165.0	0.194	0.087	9	2.14013639628	0.188512122795	241.458856686
glutathione_glutamate	165.0	0.194	0.087	10	2.14039276805	0.0681680031487	-88.2583581693
glutathione_glutamate	165.0	0.194	0.087	11	2.14268703687	0.051435618519	168.767623667
glutathione_glutamate	165.0	0.194	0.087	12	2.16148879989	0.133406902957	248.551914252
glutathione_glutamate	165.0	0.194	0.087	13	2.16240310417	0.0603229645137	176.025344821
glutathione_glutamate	165.0	0.194	0.087	14	2.16474873422	0.226797251379	146.3119708
glutathione_glutamate	165.0	0.194	0.087	15	2.17061728925	0.00760620936135	103.145821777
glutathione_glutamate	165.0	0.194	0.087	16	2.18629914611	0.0553605141012	170.128192402
glutathione_glutamate	165.0	0.194	0.087	17	2.18636019105	0.0722922215856	46.2807547155
glutathione_glutamate	165.0	0.194	0.087	18	2.19183755794	0.00746789613288	82.9446695203
glutathione_glutamate	165.0	0.194	0.087	19	2.19310917858	0.00491459580445	32.691136112
glutathione_glutamate	165.0	0.194	0.087	20	2.19480388619	0.0103162674371	28.404554789
glutathione_glutamate	165.0	0.194	0.087	21	2.21425298712	0.00531819742074	28.5144433644
glutathione_glutamate	165.0	0.194	0.087	22	2.21601501069	0.00868286482998	21.0673761557
glutathione_glutamate	165.0	0.194	0.087	23	2.21720916435	0.00608681818467	-57.5206412717
glutathione_glutamate	165.0	0.194	0.087	24	2.23832992615	0.00821626219442	-56.6798043484
glutathione_glutamate	165.0	0.194	0.087	25	2.44896898769	0.0502410258315	134.140570218
glutathione_glutamate	165.0	0.194	0.087	26	2.47132754495	0.0447934431696	71.4458892034
glutathione_glutamate	165.0	0.194	0.087	27	2.47337655429	0.0461019432231	58.0060320402
glutathione_glutamate	165.0	0.194	0.087	28	2.49314863204	0.00171956710107	-2.32379731902
glutathione_glutamate	165.0	0.194	0.087	29	2.49587886292	0.0352667569261	-10.0394761078
glutathione_glutamate	165.0	0.194	0.087	30	2.50243344682	0.151538800553	-58.0423927583
glutathione_glutamate	165.0	0.194	0.087	31	2.52109183681	0.17071105508	245.080776448
glutathione_glutamate	165.0	0.194	0.087	32	2.52487842371	0.169442826915	229.739348776
glutathione_glutamate	165.0	0.194	0.087	33	2.52675190515	0.176843980213	222.321946967
glutathione_glutamate	165.0	0.194	0.087	34	2.54570219675	0.366142690514	167.416993398
glutathione_glutamate	165.0	0.194	0.087	35	2.54935647329	0.179022945566	163.286010981
glutathione_glutamate	165.0	0.194	0.087	36	2.57019926153	0.133494680907	101.041654592
glutathione_glutamate	165.0	0.194	0.087	37	2.57454797127	0.0469493665499	31.4074466281
glutathione_glutamate	165.0	0.194	0.087	38	2.59914192462	0.0922881252838	-23.0877948739
glutathione_glutamate	165.0	0.194	0.087	39	2.62363641478	0.0196242248979	254.578040707
glutathione_glutamate	165.0	0.194	0.087	40	2.62369757221	0.0209997386969	-87.4818192992
glutathione_glutamate	165.0	0.194	0.087	41	3.74782049026	0.226401510083	2.44361186186
glutathione_glutamate	165.0	0.194	0.087	42	3.76912346996	0.451554411565	-4.60798649106
glutathione_glutamate	165.0	0.194	0.087	43	3.79047567795	0.181697302902	-31.1815190261
gpc_N(CH3)3_a	165.0	0.097	0.121	0	3.2100818801	1.3284679869	-6.24097200575
gpc_N(CH3)3_a	165.0	0.097	0.121	1	3.21199956072	0.252204312921	138.004874811
gpc_N(CH3)3_a	165.0	0.097	0.121	2	3.21199956078	0.0332651632007	-67.2130907818
gpc_N(CH3)3_a	165.0	0.097	0.121	3	3.21199956072	0.114297552611	-19.0596381657
gpc_N(CH3)3_a	165.0	0.097	0.121	4	3.21199956119	0.0517990092629	259.592725378
gpc_N(CH3)3_a	165.0	0.097	0.121	5	3.21199956077	0.120791509598	121.55594906
gpc_N(CH3)3_a	165.0	0.097	0.121	6	3.21199956096	0.00107806789202	205.301096177
gpc_N(CH3)3_a	165.0	0.097	0.121	7	3.21391782722	0.268490862759	-53.6881915594
gpc_N(CH3)3_a	165.0	0.097	0.121	8	3.21391760613	0.166739779626	248.941956742
gpc_N(CH3)3_a	165.0	0.097	0.121	9	3.21391800638	0.118021811153	-12.0551093774
gpc_N(CH3)3_a	165.0	0.097	0.121	10	3.21391789126	0.0722198823047	229.230821487
gpc_N(CH3)3_a	165.0	0.097	0.121	11	3.21391771942	0.0695114282169	132.618860599
gpc_glycerol	165.0	0.097	0.087	0	3.54410022421	0.00182154059884	62.7869349158
gpc_glycerol	165.0	0.097	0.087	1	3.54638811193	0.00324641897109	124.553929414
gpc_glycerol	165.0	0.097	0.087	2	3.54917396702	0.000892532127452	179.821083558
gpc_glycerol	165.0	0.097	0.087	3	3.56199113561	0.0296885234188	217.371671225
gpc_glycerol	165.0	0.097	0.087	4	3.56192788218	0.00551618561103	51.7343423941
gpc_glycerol	165.0	0.097	0.087	5	3.56533510872	0.0207277615725	228.754061455
gpc_glycerol	165.0	0.097	0.087	6	3.57009437943	0.0211866421732	-13.8996634619
gpc_glycerol	165.0	0.097	0.087	7	3.57307206937	0.0138719612123	109.314947659
gpc_glycerol	165.0	0.097	0.087	8	3.57771069694	0.00813450522684	102.779753698
gpc_glycerol	165.0	0.097	0.087	9	3.57849802279	0.0095472075641	24.6427726425
gpc_glycerol	165.0	0.097	0.087	10	3.5812340997	0.0168351508963	190.496944548
gpc_glycerol	165.0	0.097	0.087	11	3.58115717219	0.00537702273431	28.3583120469
gpc_glycerol	165.0	0.097	0.087	12	3.58128350017	0.0133118522558	-74.3083829949
gpc_glycerol	165.0	0.097	0.087	13	3.58297543498	0.00160377613023	12.4499930716
gpc_glycerol	165.0	0.097	0.087	14	3.59466207114	0.00800567268265	218.308033128
gpc_glycerol	165.0	0.097	0.087	15	3.59458790918	0.00466317714725	120.204531567
gpc_glycerol	165.0	0.097	0.087	16	3.59631203502	0.00412492053604	236.048517566
gpc_glycerol	165.0	0.097	0.087	17	3.59678339401	0.00318156016045	131.589894975
gpc_glycerol	165.0	0.097	0.087	18	3.59935492928	0.00145561279575	206.46674011
gpc_glycerol	165.0	0.097	0.087	19	3.60600984182	0.00126967769856	130.72455085
gpc_glycerol	165.0	0.097	0.087	20	3.6116483668	0.0746456714905	63.8478566822
gpc_glycerol	165.0	0.097	0.087	21	3.61161569591	0.00591267270863	247.471374967
gpc_glycerol	165.0	0.097	0.087	22	3.61168545599	0.020063096432	151.483737126
gpc_glycerol	165.0	0.097	0.087	23	3.61351022951	0.0154301403482	-80.1757833901
gpc_glycerol	165.0	0.097	0.087	24	3.6170538256	0.0571715232878	-21.1609579214
gpc_glycerol	165.0	0.097	0.087	25	3.61746620722	0.017836790301	254.049450074
gpc_glycerol	165.0	0.097	0.087	26	3.61942412374	0.00218646839685	23.268038173
gpc_glycerol	165.0	0.097	0.087	27	3.62479239281	0.0407386482459	-76.4034480873
gpc_glycerol	165.0	0.097	0.087	28	3.6251028457	0.0177555114429	89.2626005659
gpc_glycerol	165.0	0.097	0.087	29	3.62612395938	0.0478965826482	148.781461893
gpc_glycerol	165.0	0.097	0.087	30	3.62910816806	0.00345749407392	-33.8471784047
gpc_glycerol	165.0	0.097	0.087	31	3.62946196858	0.0138232625043	256.052095902
gpc_glycerol	165.0	0.097	0.087	32	3.63087924623	0.0879660924399	126.882303997
gpc_glycerol	165.0	0.097	0.087	33	3.63093471069	0.0574071240771	103.365059852
gpc_glycerol	165.0	0.097	0.087	34	3.63098159004	0.00292314207804	206.608354377
gpc_glycerol	165.0	0.097	0.087	35	3.63312277017	0.00311949410071	137.993795671
gpc_glycerol	165.0	0.097	0.087	36	3.64741016833	0.00639688620368	-42.2699659786
gpc_glycerol	165.0	0.097	0.087	37	3.64751087885	0.0932895734666	196.407851465
gpc_glycerol	165.0	0.097	0.087	38	3.64751896874	0.0226152751344	78.1659234644
gpc_glycerol	165.0	0.097	0.087	39	3.64933404729	0.0517717277763	167.104217521
gpc_glycerol	165.0	0.097	0.087	40	3.6507524004	0.00313270340873	4.92006962857
gpc_glycerol	165.0	0.097	0.087	41	3.65303739627	0.00880228315284	-86.6802725941
gpc_glycerol	165.0	0.097	0.087	42	3.6535081215	0.0267999464946	22.7666952411
gpc_glycerol	165.0	0.097	0.087	43	3.6568299803	0.0376039024152	40.1027003583
gpc_glycerol	165.0	0.097	0.087	44	3.65713142765	0.0113844822119	141.32497554
gpc_glycerol	165.0	0.097	0.087	45	3.65964296259	0.0225780744684	-85.1953882317
gpc_glycerol	165.0	0.097	0.087	46	3.65999676312	0.00159260036877	117.024525158
gpc_glycerol	165.0	0.097	0.087	47	3.66080049344	0.0469484727196	-10.015298671
gpc_glycerol	165.0	0.097	0.087	48	3.66266651319	0.0522191484416	0.61349554053
gpc_glycerol	165.0	0.097	0.087	49	3.66279699864	0.0517143573472	-64.2038585232
gpc_glycerol	165.0	0.097	0.087	50	3.6627970794	0.0178410021407	61.124173818
gpc_glycerol	165.0	0.097	0.087	51	3.67721533164	0.00537154200511	179.325191758
gpc_glycerol	165.0	0.097	0.087	52	3.67781424085	0.00159942056218	54.6332161859
gpc_glycerol	165.0	0.097	0.087	53	3.68038502448	0.00657762366228	58.5165828403
gpc_glycerol	165.0	0.097	0.087	54	3.69071041699	0.00232925222266	110.888746237
gpc_glycerol	165.0	0.097	0.087	55	3.69394325096	0.000996612058706	256.671721546
gpc_glycerol	165.0	0.097	0.087	56	3.69715682445	0.0104134665694	46.719034437
gpc_glycerol	165.0	0.097	0.087	57	3.69719174055	0.0086141023442	-17.0458568647
gpc_glycerol	165.0	0.097	0.087	58	3.69793469479	0.0107789260353	159.139772559
gpc_glycerol	165.0	0.097	0.087	59	3.70134673396	0.0255597646237	-48.2066398094
gpc_glycerol	165.0	0.097	0.087	60	3.70709486346	0.0120511605359	265.298274258
gpc_glycerol	165.0	0.097	0.087	61	3.70832917738	0.00838113891113	-80.789319214
gpc_glycerol	165.0	0.097	0.087	62	3.70913721753	0.0136206759432	147.355386501
gpc_glycerol	165.0	0.097	0.087	63	3.71139423424	0.00728503785919	203.488627561
gpc_glycerol	165.0	0.097	0.087	64	3.71219148913	0.00762391562306	11.6241666774
gpc_glycerol	165.0	0.097	0.087	65	3.71241785221	0.024131954854	125.49527434
gpc_glycerol	165.0	0.097	0.087	66	3.71249515818	0.0034012657648	-58.8420228256
gpc_glycerol	165.0	0.097	0.087	67	3.72996629265	0.00181127550315	-25.4939200277
gpc_glycerol	165.0	0.097	0.087	68	3.73175213004	0.00239575667948	21.1158651351
gpc_glycerol	165.0	0.097	0.087	69	3.79209022585	0.00346413945886	112.727841681
gpc_glycerol	165.0	0.097	0.087	70	3.80401456621	0.00549596490101	217.375449561
gpc_glycerol	165.0	0.097	0.087	71	3.80650602466	0.00559126539729	184.990107722
gpc_glycerol	165.0	0.097	0.087	72	3.80797506672	0.00120838240077	68.3130757081
gpc_glycerol	165.0	0.097	0.087	73	3.81155354505	0.00160009917407	243.383461367
gpc_glycerol	165.0	0.097	0.087	74	3.81246118215	0.00209933486593	-84.5705673356
gpc_glycerol	165.0	0.097	0.087	75	3.8219021502	0.00527045359742	87.9845753012
gpc_glycerol	165.0	0.097	0.087	76	3.8236775389	0.00615494456609	-71.8793757543
gpc_glycerol	165.0	0.097	0.087	77	3.82533546253	0.0200913549949	199.757989444
gpc_glycerol	165.0	0.097	0.087	78	3.826891376	0.0175984570613	196.299626038
gpc_glycerol	165.0	0.097	0.087	79	3.83715916097	0.0577815570585	-14.0672032615
gpc_glycerol	165.0	0.097	0.087	80	3.83735172432	0.0500940603213	-42.4663616063
gpc_glycerol	165.0	0.097	0.087	81	3.84145809529	0.0118046121896	-29.2044965813
gpc_glycerol	165.0	0.097	0.087	82	3.84532177124	0.0142581422798	-40.4076777858
gpc_glycerol	165.0	0.097	0.087	83	3.85734915422	0.0229788561991	142.524506263
gpc_glycerol	165.0	0.097	0.087	84	3.85758981067	0.0123150096736	61.6696258681
gpc_glycerol	165.0	0.097	0.087	85	3.85748643756	0.0142674250863	221.596417707
gpc_glycerol	165.0	0.097	0.087	86	3.86306839524	0.0190398152982	18.7547839191
gpc_glycerol	165.0	0.097	0.087	87	3.86362325475	0.00447297056265	195.956310627
gpc_glycerol	165.0	0.097	0.087	88	3.86528117596	0.016021949143	34.3594997369
gpc_glycerol	165.0	0.097	0.087	89	3.86663394259	0.0108207070794	115.145286702
gpc_glycerol	165.0	0.097	0.087	90	3.87259474796	0.0450830059907	-19.3702600808
gpc_glycerol	165.0	0.097	0.087	91	3.87436111048	0.0403824646822	200.075981523
gpc_glycerol	165.0	0.097	0.087	92	3.88014930752	0.0773518546839	-4.61442597272
gpc_glycerol	165.0	0.097	0.087	93	3.88053700844	0.0105118913336	176.852758099
gpc_glycerol	165.0	0.097	0.087	94	3.88267873654	0.00992407485342	-63.4401770069
gpc_glycerol	165.0	0.097	0.087	95	3.88504855277	0.0246513513866	10.1779514761
gpc_glycerol	165.0	0.097	0.087	96	3.88542453394	0.0259638780044	121.015711522
gpc_glycerol	165.0	0.097	0.087	97	3.89008734653	0.0570475617244	231.972016237
gpc_glycerol	165.0	0.097	0.087	98	3.89040668176	0.0747832348413	28.3306304424
gpc_glycerol	165.0	0.097	0.087	99	3.89322786739	0.0627242802409	210.221937804
gpc_glycerol	165.0	0.097	0.087	100	3.89434440005	0.0803840174016	-3.28244212055
gpc_glycerol	165.0	0.097	0.087	101	3.89504430475	0.0133167558858	203.027189136
gpc_glycerol	165.0	0.097	0.087	102	3.89595799836	0.0368601147827	-28.9144394958
gpc_glycerol	165.0	0.097	0.087	103	3.89821850678	0.0260491512564	109.662770561
gpc_glycerol	165.0	0.097	0.087	104	3.90027630909	0.066362488349	-27.3238177268
gpc_glycerol	165.0	0.097	0.087	105	3.90015599439	0.00727616984231	234.998589816
gpc_glycerol	165.0	0.097	0.087	106	3.9004198231	0.0117781954025	40.6165554541
gpc_glycerol	165.0	0.097	0.087	107	3.90214892106	0.0133933363064	190.043295314
gpc_glycerol	165.0	0.097	0.087	108	3.90238905237	0.0675677751813	-31.93891633
gpc_glycerol	165.0	0.097	0.087	109	3.90404054368	0.0262803024128	171.712143953
gpc_glycerol	165.0	0.097	0.087	110	3.90438530917	0.00889680220004	23.3011875319
gpc_glycerol	165.0	0.097	0.087	111	3.90716126693	0.0671293608918	-3.46704127154
gpc_glycerol	165.0	0.097	0.087	112	3.90965106595	0.030951986157	-80.2682602576
gpc_glycerol	165.0	0.097	0.087	113	3.91105194497	0.00819988565234	224.996356192
gpc_glycerol	165.0	0.097	0.087	114	3.91221973518	0.0526285029088	146.898248281
gpc_glycerol	165.0	0.097	0.087	115	3.9146173942	0.0598286157512	100.691934403
gpc_glycerol	165.0	0.097	0.087	116	3.91642509713	0.013093060964	-16.7484701846
gpc_glycerol	165.0	0.097	0.087	117	3.9164784076	0.0242425060533	-39.0822180074
gpc_glycerol	165.0	0.097	0.087	118	3.92028522955	0.0978365297004	-6.34354132739
gpc_glycerol	165.0	0.097	0.087	119	3.91948983091	0.00557394055555	70.3139504131
gpc_glycerol	165.0	0.097	0.087	120	3.91981509692	0.0131394466522	268.13604574
gpc_glycerol	165.0	0.097	0.087	121	3.92201663417	0.00344960221603	241.843706993
gpc_glycerol	165.0	0.097	0.087	122	3.92321146144	0.027968786355	-74.8995313494
gpc_glycerol	165.0	0.097	0.087	123	3.92427400734	0.0320016693898	-6.70404008858
gpc_glycerol	165.0	0.097	0.087	124	3.92527810152	0.0266162127523	245.7802538
gpc_glycerol	165.0	0.097	0.087	125	3.92702354205	0.0147789054561	232.024311632
gpc_glycerol	165.0	0.097	0.087	126	3.93018278932	0.0265910954007	-41.5936236456
gpc_glycerol	165.0	0.097	0.087	127	3.93175332957	0.0290774131179	-33.9280957186
gpc_glycerol	165.0	0.097	0.087	128	3.93414090909	0.0249197404576	-63.9522071299
gpc_glycerol	165.0	0.097	0.087	129	3.94366086651	0.0115575543788	140.703164982
gpc_glycerol	165.0	0.097	0.087	130	3.94432926832	0.0030220729111	57.2394457385
gpc_glycerol	165.0	0.097	0.087	131	3.94594586238	0.00194896869694	-84.4837526231
gpc_glycerol	165.0	0.097	0.087	132	3.94772747455	0.00732253032971	135.375532676
gpc_glycerol	165.0	0.097	0.087	133	3.94883026999	0.00459834893454	-45.0478061337
gpc_glycerol	165.0	0.097	0.087	134	3.95010858429	0.022883308211	235.570575497
gpc_glycerol	165.0	0.097	0.087	135	3.95350400826	0.00290642690461	2.74251235481
gpc_glycerol	165.0	0.097	0.087	136	3.95753847857	0.00266140485651	255.025823841
gpc_glycerol	165.0	0.097	0.087	137	3.96074882684	0.0774885821976	19.8496231935
gpc_glycerol	165.0	0.097	0.087	138	3.96555307488	0.0132022058681	-27.4047577002
gpc_glycerol	165.0	0.097	0.087	139	3.97118068197	0.0415432256777	149.138090735
gpc_glycerol	165.0	0.097	0.087	140	3.97218450993	0.00181622888361	39.4288616611
gpc_glycerol	165.0	0.097	0.087	141	3.9734376796	0.00735955925624	247.468946096
gpc_glycerol	165.0	0.097	0.087	142	3.98096305332	0.027945038065	13.9854537673
gpc_glycerol	165.0	0.097	0.087	143	3.98097371968	0.0203145877071	63.8464356009
gpc_glycerol	165.0	0.097	0.087	144	3.98313880554	0.00610040383478	108.398877155
gpc_glycerol	165.0	0.097	0.087	145	3.98536453393	0.00429142027802	171.826690614
gpc_glycerol	165.0	0.097	0.087	146	3.98842450408	0.00564198637252	178.937140175
gpc_glycerol	165.0	0.097	0.087	147	3.99085659676	0.0123914686904	97.866407984
gpc_glycerol	165.0	0.097	0.087	148	3.99829034924	0.00187155200619	253.210026372
gpc_glycerol	165.0	0.097	0.087	149	4.00146745403	0.00123223754556	239.941428283
gpc_glycerol	165.0	0.097	0.087	150	4.00269944645	0.00889954864968	52.6703770162
gpc_glycerol	165.0	0.097	0.087	151	4.0065617582	0.00720322637616	87.878729962
gpc_glycerol	165.0	0.097	0.087	152	4.00824283197	0.00375321250618	-36.6072647608
gpc_glycerol	165.0	0.097	0.087	153	4.0148140493	0.00150352764535	226.551096191
gpc_glycerol	165.0	0.097	0.087	154	4.01782892618	0.00239287545539	149.4096645
gpc_N(CH3)3_b	165.0	0.097	0.121	0	3.21008187989	1.66062512624	-6.24096831525
gpc_N(CH3)3_b	165.0	0.097	0.121	1	3.21199956075	0.409451473159	-10.2467009751
gpc_N(CH3)3_b	165.0	0.097	0.121	2	3.2119995608	0.0649828920246	162.399506701
gpc_N(CH3)3_b	165.0	0.097	0.121	3	3.21199956094	0.287300848054	-14.1191033026
gpc_N(CH3)3_b	165.0	0.097	0.121	4	3.21199956095	0.0944355912485	258.035714039
gpc_N(CH3)3_b	165.0	0.097	0.121	5	3.21199956091	0.0562255292445	64.9250369776
gpc_N(CH3)3_b	165.0	0.097	0.121	6	3.21199956087	0.00807882443575	-64.858070616
gpc_N(CH3)3_b	165.0	0.097	0.121	7	3.21391763439	0.61992080175	-9.66372846632
gpc_N(CH3)3_b	165.0	0.097	0.121	8	3.21391764932	0.636710293538	-3.37563539019
gpc_N(CH3)3_b	165.0	0.097	0.121	9	3.21391766867	0.0634514277991	240.013049823
gpc_N(CH3)3_b	165.0	0.097	0.121	10	3.2139178276	0.0317865405283	181.824290034
gpc_N(CH3)3_b	165.0	0.097	0.121	11	3.21391854195	0.0547307612492	106.48938321
gpc_N(CH3)3_b	165.0	0.097	0.121	12	3.2139181199	0.00413609654369	-59.9084109093
gpc_7-CH2_8-CH2	165.0	0.097	0.087	0	3.64350218094	0.129436482663	-84.0230126337
gpc_7-CH2_8-CH2	165.0	0.097	0.087	1	3.64350840162	0.0171225459853	36.4094437997
gpc_7-CH2_8-CH2	165.0	0.097	0.087	2	3.64374221414	0.282862713147	256.252747898
gpc_7-CH2_8-CH2	165.0	0.097	0.087	3	3.6438348234	0.0234233103769	130.383288604
gpc_7-CH2_8-CH2	165.0	0.097	0.087	4	3.65425536098	0.209237294841	78.6205423079
gpc_7-CH2_8-CH2	165.0	0.097	0.087	5	3.65425474258	0.0170920515992	204.537056035
gpc_7-CH2_8-CH2	165.0	0.097	0.087	6	3.65867674271	0.375794181197	-7.99171522393
gpc_7-CH2_8-CH2	165.0	0.097	0.087	7	3.65828141363	0.00639757790668	148.768358658
gpc_7-CH2_8-CH2	165.0	0.097	0.087	8	3.65901798398	0.0124905230911	91.3116630466
gpc_7-CH2_8-CH2	165.0	0.097	0.087	9	3.66367662333	0.204561480271	263.874359162
gpc_7-CH2_8-CH2	165.0	0.097	0.087	10	3.6636737941	0.00789781914763	-86.344335791
gpc_7-CH2_8-CH2	165.0	0.097	0.087	11	3.6636796249	0.0106041696196	37.4305154033
gpc_7-CH2_8-CH2	165.0	0.097	0.087	12	3.67394931014	0.420944704605	78.4425170014
gpc_7-CH2_8-CH2	165.0	0.097	0.087	13	3.67379101706	0.0158845045771	168.941993128
gpc_7-CH2_8-CH2	165.0	0.097	0.087	14	3.6740962265	0.0253899733236	221.053160801
gpc_7-CH2_8-CH2	165.0	0.097	0.087	15	3.72172131336	0.0019237770435	214.805976989
gpc_7-CH2_8-CH2	165.0	0.097	0.087	16	4.25043423145	0.00184557868821	232.216818692
gpc_7-CH2_8-CH2	165.0	0.097	0.087	17	4.27777705661	0.0469678261356	257.092114045
gpc_7-CH2_8-CH2	165.0	0.097	0.087	18	4.27807529501	0.0389931872736	-78.4630779037
gpc_7-CH2_8-CH2	165.0	0.097	0.087	19	4.28674904055	0.0456468055914	258.460428886
gpc_7-CH2_8-CH2	165.0	0.097	0.087	20	4.28705406963	0.0393142605457	-77.8873025379
gpc_7-CH2_8-CH2	165.0	0.097	0.087	21	4.28818766407	0.0408042028169	84.7007873355
gpc_7-CH2_8-CH2	165.0	0.097	0.087	22	4.29317014003	0.0684595714659	0.41848906384
gpc_7-CH2_8-CH2	165.0	0.097	0.087	23	4.29573206694	0.0444175487693	260.090437709
gpc_7-CH2_8-CH2	165.0	0.097	0.087	24	4.29604407522	0.0400125779077	-79.9791201115
gpc_7-CH2_8-CH2	165.0	0.097	0.087	25	4.29755025902	0.0716992821107	74.2225614965
gpc_7-CH2_8-CH2	165.0	0.097	0.087	26	4.29760893564	0.0419415565986	266.514362558
gpc_7-CH2_8-CH2	165.0	0.097	0.087	27	4.29835870659	0.00359506862767	-18.3007413183
gpc_7-CH2_8-CH2	165.0	0.097	0.087	28	4.30214953767	0.0714026842049	-2.21663805315
gpc_7-CH2_8-CH2	165.0	0.097	0.087	29	4.30615438911	0.0409970575092	84.2309020498
gpc_7-CH2_8-CH2	165.0	0.097	0.087	30	4.30681030499	0.084221478942	264.598415837
gpc_7-CH2_8-CH2	165.0	0.097	0.087	31	4.3074494899	0.0457061260966	-85.350607218
gpc_7-CH2_8-CH2	165.0	0.097	0.087	32	4.30820902404	0.0813296303981	79.3227508163
gpc_7-CH2_8-CH2	165.0	0.097	0.087	33	4.30847594366	0.00212839080021	237.588699617
gpc_7-CH2_8-CH2	165.0	0.097	0.087	34	4.31114593409	0.0745765147855	-4.73893986773
gpc_7-CH2_8-CH2	165.0	0.097	0.087	35	4.31313171859	0.00601935862966	-6.43485872449
gpc_7-CH2_8-CH2	165.0	0.097	0.087	36	4.31387413118	0.00854803291614	77.6670429997
gpc_7-CH2_8-CH2	165.0	0.097	0.087	37	4.31597429325	0.124191468332	266.5054125
gpc_7-CH2_8-CH2	165.0	0.097	0.087	38	4.31731209539	0.130967609315	79.2376857527
gpc_7-CH2_8-CH2	165.0	0.097	0.087	39	4.31789720277	0.0098179422177	218.900874412
gpc_7-CH2_8-CH2	165.0	0.097	0.087	40	4.32246633529	0.0785075550566	-7.05001838862
gpc_7-CH2_8-CH2	165.0	0.097	0.087	41	4.32625911591	0.123743561639	82.5348125035
gpc_7-CH2_8-CH2	165.0	0.097	0.087	42	4.32687501785	0.041238863265	269.817010738
gpc_7-CH2_8-CH2	165.0	0.097	0.087	43	4.32831487917	0.0104349139931	12.0895547203
gpc_7-CH2_8-CH2	165.0	0.097	0.087	44	4.32864716427	0.0152087801914	154.28778941
gpc_7-CH2_8-CH2	165.0	0.097	0.087	45	4.33147690251	0.0812312034926	-7.97250037455
gpc_7-CH2_8-CH2	165.0	0.097	0.087	46	4.33586397748	0.0408289484436	-88.154122593
gpc_7-CH2_8-CH2	165.0	0.097	0.087	47	4.33745715687	0.0826032367965	87.4392382631
gpc_7-CH2_8-CH2	165.0	0.097	0.087	48	4.34644065496	0.0822782870858	90.3806815706
gpc_7-CH2_8-CH2	165.0	0.097	0.087	49	4.37657161832	0.000603295048777	194.805436635
naa_acetyl	165.0	1.0	0.13	0	2.008	1.80627070386	37.356898192
lactate	165.0	0.039	0.087	0	1.30248784898	0.879729631864	153.853360097
lactate	165.0	0.039	0.087	1	1.32581069625	0.410990419091	-82.6121872836
lactate	165.0	0.039	0.087	2	4.06255628652	0.0971433031746	265.222632878
lactate	165.0	0.039	0.087	3	4.0858372484	0.27200973589	205.363530863
lactate	165.0	0.039	0.087	4	4.10915821829	0.262523313537	147.300166986
lactate	165.0	0.039	0.087	5	4.13253700483	0.0867483206483	89.8826724226
myoinositol	165.0	0.578	0.087	0	3.1578944905	0.00204010161646	89.9527797496
myoinositol	165.0	0.578	0.087	1	3.18750103155	0.000836286802374	18.5510513367
myoinositol	165.0	0.578	0.087	2	3.23602131417	0.121944268515	216.312103458
myoinositol	165.0	0.578	0.087	3	3.23683939093	0.110963898213	169.025906803
myoinositol	165.0	0.578	0.087	4	3.23786812094	0.0276802722036	51.1473335274
myoinositol	165.0	0.578	0.087	5	3.26490684787	0.00644310393488	85.5389675696
myoinositol	165.0	0.578	0.087	6	3.26508807032	0.0144543058474	-37.5277909656
myoinositol	165.0	0.578	0.087	7	3.26749238088	0.332371952259	-15.7915721519
myoinositol	165.0	0.578	0.087	8	3.26797865311	0.0552464690666	36.621270555
myoinositol	165.0	0.578	0.087	9	3.26991343225	0.0616551645082	-45.8893985588
myoinositol	165.0	0.578	0.087	10	3.29805144169	0.204281229215	200.351323046
myoinositol	165.0	0.578	0.087	11	3.29944039474	0.0547452307191	114.357415723
myoinositol	165.0	0.578	0.087	12	3.34544819022	0.00146993440822	26.0270804564
myoinositol	165.0	0.578	0.087	13	3.34741327268	0.00299340913814	32.1018551287
myoinositol	165.0	0.578	0.087	14	3.37726816961	0.00325547397238	-85.1372224114
myoinositol	165.0	0.578	0.087	15	3.37836302088	0.00217866593852	205.652808791
myoinositol	165.0	0.578	0.087	16	3.49708408273	0.286031478598	16.4313398313
myoinositol	165.0	0.578	0.087	17	3.50577426911	0.0870667542802	265.86894545
myoinositol	165.0	0.578	0.087	18	3.50626906008	0.148389065588	-83.5797623504
myoinositol	165.0	0.578	0.087	19	3.50721195217	0.195627570328	192.993054584
myoinositol	165.0	0.578	0.087	20	3.53063588607	0.663968505456	147.239680601
myoinositol	165.0	0.578	0.087	21	3.54029189912	0.401696087999	-19.4302861869
myoinositol	165.0	0.578	0.087	22	3.58583314803	0.583735980044	191.013649766
myoinositol	165.0	0.578	0.087	23	3.61673532889	0.4421246292	2.58949477025
myoinositol	165.0	0.578	0.087	24	3.6193319887	0.134966161854	-29.3669490331
myoinositol	165.0	0.578	0.087	25	3.61964549164	0.205361096423	-58.0855342153
myoinositol	165.0	0.578	0.087	26	3.6196993299	0.107148285735	266.697925379
myoinositol	165.0	0.578	0.087	27	3.65044831735	0.385148885389	130.866895345
myoinositol	165.0	0.578	0.087	28	4.04424392483	0.203689305595	156.379252528
myoinositol	165.0	0.578	0.087	29	4.05388298392	0.415702873153	-9.8167896591
myoinositol	165.0	0.578	0.087	30	4.05389472599	0.00101051232059	177.5048226
myoinositol	165.0	0.578	0.087	31	4.05441720022	0.0493894481507	-45.8331061485
myoinositol	165.0	0.578	0.087	32	4.06355687887	0.222442024534	196.43386718
naa_aspartate	165.0	1.0	0.069	0	2.42994709784	0.0865499086045	74.57393367
naa_aspartate	165.0	1.0	0.069	1	2.46264912059	0.152002474266	-51.522745786
naa_aspartate	165.0	1.0	0.069	2	2.48240741399	0.364185033121	198.666127148
naa_aspartate	165.0	1.0	0.069	3	2.51510941857	0.307129274746	-5.47325321315
naa_aspartate	165.0	1.0	0.069	4	2.6334073171	0.342721675114	232.929231979
naa_aspartate	165.0	1.0	0.069	5	2.6467383951	0.315216371508	-6.95912358072
naa_aspartate	165.0	1.0	0.069	6	2.68586755937	0.0952687411757	-2.93214225461
naa_aspartate	165.0	1.0	0.069	7	2.69919864334	0.139305485466	49.8819976109
naa_aspartate	165.0	1.0	0.069	8	4.33805226897	0.10993846086	224.642118727
naa_aspartate	165.0	1.0	0.069	9	4.3513830937	0.098773202451	-28.3197136569
naa_aspartate	165.0	1.0	0.069	10	4.35958461114	0.0956495386717	210.842969044
naa_aspartate	165.0	1.0	0.069	11	4.3707545707	0.0893833169686	37.5024067724
naa_aspartate	165.0	1.0	0.069	12	4.37291590033	0.0884353670737	-39.8958089283
naa_aspartate	165.0	1.0	0.069	13	4.38408539298	0.104601318803	140.254088074
naa_aspartate	165.0	1.0	0.069	14	4.39228650928	0.130404590887	12.8331249784
naa_aspartate	165.0	1.0	0.069	15	4.40561779602	0.101264323774	128.567480585
naag_acetyl	165.0	0.16	0.13	0	2.032	1.9068682968	54.1435857311
naag_aspartyl	165.0	0.16	0.087	0	2.46274169543	0.108662367019	49.338429582
naag_aspartyl	165.0	0.16	0.087	1	2.49450147826	0.141232730071	-49.9088040026
naag_aspartyl	165.0	0.16	0.087	2	2.51627255614	0.337819760484	167.960259197
naag_aspartyl	165.0	0.16	0.087	3	2.54803233898	0.303011206664	-20.5151373662
naag_aspartyl	165.0	0.16	0.087	4	2.68014621287	0.327100101468	261.842795861
naag_aspartyl	165.0	0.16	0.087	5	2.69524501619	0.338716162318	1.61881899
naag_aspartyl	165.0	0.16	0.087	6	2.73367707359	0.129314589249	32.9973723532
naag_aspartyl	165.0	0.16	0.087	7	2.7487758769	0.149662026144	38.3111938586
naag_aspartyl	165.0	0.16	0.087	8	4.57372264483	0.245409299424	37.860333102
naag_aspartyl	165.0	0.16	0.087	9	4.58882144815	0.192113115544	135.516940478
naag_aspartyl	165.0	0.16	0.087	10	4.60548242767	0.220766723161	231.547248797
naag_aspartyl	165.0	0.16	0.087	11	4.62058123099	0.221752143437	-52.8353094984
pcho_N(CH3)3_a	165.0	0.058	0.121	0	3.2060818805	1.32780260477	-6.19116035407
pcho_N(CH3)3_a	165.0	0.058	0.121	1	3.20799956086	0.054258532265	238.039699163
pcho_N(CH3)3_a	165.0	0.058	0.121	2	3.20799956129	0.0349912983491	-79.9389236497
pcho_N(CH3)3_a	165.0	0.058	0.121	3	3.20799956093	0.0779524334398	23.0541653087
pcho_N(CH3)3_a	165.0	0.058	0.121	4	3.20799956099	0.128801531654	116.427494587
pcho_N(CH3)3_a	165.0	0.058	0.121	5	3.20991786437	0.305105385776	-14.472361338
pcho_N(CH3)3_a	165.0	0.058	0.121	6	3.20991754768	0.0951278128569	254.551113115
pcho_N(CH3)3_a	165.0	0.058	0.121	7	3.20991754837	0.0235260147797	111.682970558
pcho_N(CH3)3_a	165.0	0.058	0.121	8	3.20991766927	0.0920078737108	188.601913838
naag_glutamate	165.0	0.16	0.087	0	1.871	0.581493412598	60.3334796294
naag_glutamate	165.0	0.16	0.087	1	2.039	0.64408870742	56.278604409
naag_glutamate	165.0	0.16	0.087	2	2.17	0.730225669585	34.2502184025
naag_glutamate	165.0	0.16	0.087	3	2.18	0.740966272085	33.1604110473
naag_glutamate	165.0	0.16	0.087	4	4.118	0.994619373292	-6.13315403693
pcho_X	165.0	0.058	0.087	0	3.54205005565	0.00144508565115	157.20260809
pcho_X	165.0	0.058	0.087	1	3.62465871887	0.329976937144	-75.4283581996
pcho_X	165.0	0.058	0.087	2	3.62455171624	0.00571796405693	156.712637868
pcho_X	165.0	0.058	0.087	3	3.62486580194	0.0887253684421	266.728284768
pcho_X	165.0	0.058	0.087	4	3.6311861429	0.0966020532581	170.185661013
pcho_X	165.0	0.058	0.087	5	3.63118171948	0.00468599576704	66.2515365192
pcho_X	165.0	0.058	0.087	6	3.63354006852	0.113840593132	129.787212361
pcho_X	165.0	0.058	0.087	7	3.63354360984	0.00301052000585	-27.8396108004
pcho_X	165.0	0.058	0.087	8	3.64069908999	0.361427556414	-13.4386011034
pcho_X	165.0	0.058	0.087	9	3.63985464391	0.0135276740534	67.0749018786
pcho_X	165.0	0.058	0.087	10	3.64823687199	0.109873497496	215.156808948
pcho_X	165.0	0.058	0.087	11	3.64823331038	0.0156145622491	-35.996124393
pcho_X	165.0	0.058	0.087	12	3.65059085563	0.0937488646618	169.08484844
pcho_X	165.0	0.058	0.087	13	3.65059520074	0.00329087520509	63.1230027063
pcho_X	165.0	0.058	0.087	14	3.65678488988	0.426033235944	62.6434124269
pcho_X	165.0	0.058	0.087	15	3.65664517235	0.00430778735171	-13.7338569572
pcho_X	165.0	0.058	0.087	16	3.65690731178	0.0203235278111	175.650635001
pcho_X	165.0	0.058	0.087	17	3.73913965506	0.00139495087533	51.0994452483
pcho_X	165.0	0.058	0.087	18	3.7391474082	0.00150111408589	105.750587558
pcho_X	165.0	0.058	0.087	19	4.16263165485	0.00079105579552	-65.4744762322
pcho_X	165.0	0.058	0.087	20	4.17179708887	0.000601771291068	-64.3542600401
pcho_X	165.0	0.058	0.087	21	4.18372970344	0.00113418131989	-41.2806767171
pcho_X	165.0	0.058	0.087	22	4.24498493491	0.0879362950356	-79.1986180974
pcho_X	165.0	0.058	0.087	23	4.25117623034	0.018712752456	177.174988292
pcho_X	165.0	0.058	0.087	24	4.25353002872	0.0223349027583	129.601843018
pcho_X	165.0	0.058	0.087	25	4.25414800105	0.0855732013082	-76.8021034759
pcho_X	165.0	0.058	0.087	26	4.26034183364	0.0187997923864	178.872751069
pcho_X	165.0	0.058	0.087	27	4.26042599344	0.0375941452728	-9.88781113623
pcho_X	165.0	0.058	0.087	28	4.26193398259	0.0276292935789	25.2614531551
pcho_X	165.0	0.058	0.087	29	4.26269565333	0.0218595856519	131.26201729
pcho_X	165.0	0.058	0.087	30	4.26332338077	0.0843824487739	-75.0480828802
pcho_X	165.0	0.058	0.087	31	4.26607751402	0.0163595069421	-40.2501605092
pcho_X	165.0	0.058	0.087	32	4.26881458499	0.0415125772494	199.177266801
pcho_X	165.0	0.058	0.087	33	4.27023595722	0.0675996242156	3.31610417634
pcho_X	165.0	0.058	0.087	34	4.2712719077	0.0405206711837	153.138032893
pcho_X	165.0	0.058	0.087	35	4.27228196813	0.0149428078344	225.909395541
pcho_X	165.0	0.058	0.087	36	4.27518151649	0.0950386489765	-72.4832474162
pcho_X	165.0	0.058	0.087	37	4.27707552544	0.0809880659933	63.2560934827
pcho_X	165.0	0.058	0.087	38	4.27739365253	0.0226189148329	214.776232436
pcho_X	165.0	0.058	0.087	39	4.27941151465	0.0705857763551	0.532736713232
pcho_X	165.0	0.058	0.087	40	4.27974747222	0.019310704934	175.521423411
pcho_X	165.0	0.058	0.087	41	4.28148547516	0.0357117155757	193.065599566
pcho_X	165.0	0.058	0.087	42	4.28431483516	0.0913560605365	-72.3391750141
pcho_X	165.0	0.058	0.087	43	4.28380142513	0.021829869441	132.495451065
pcho_X	165.0	0.058	0.087	44	4.28623940024	0.0813274422317	62.2806128998
pcho_X	165.0	0.058	0.087	45	4.28656905173	0.0225903420565	215.206566596
pcho_X	165.0	0.058	0.087	46	4.2891058853	0.0351788573989	162.68001746
pcho_X	165.0	0.058	0.087	47	4.29062489313	0.0186656395749	174.548688287
pcho_X	165.0	0.058	0.087	48	4.29137629585	0.0812096445274	-7.79060481479
pcho_X	165.0	0.058	0.087	49	4.29297881002	0.0223011058141	131.295107025
pcho_X	165.0	0.058	0.087	50	4.29541321523	0.0813209937237	63.0268827398
pcho_X	165.0	0.058	0.087	51	4.29814539304	0.0379463233873	0.252278977007
pcho_X	165.0	0.058	0.087	52	4.29849781429	0.0226638575476	217.588450133
pcho_X	165.0	0.058	0.087	53	4.30055822988	0.078004841781	-6.26998380317
pcho_X	165.0	0.058	0.087	54	4.300851686	0.0193785565398	176.095899747
pcho_X	165.0	0.058	0.087	55	4.30733609136	0.0815866321071	66.3046292829
pcho_X	165.0	0.058	0.087	56	4.30767344445	0.0227573319238	220.408547025
pcho_X	165.0	0.058	0.087	57	4.31002736134	0.0189880133689	177.907397028
pcho_X	165.0	0.058	0.087	58	4.3165065889	0.08204043464	69.8301366016
pcho_X	165.0	0.058	0.087	59	4.38082028267	0.000983893415366	242.377053018
pcho_N(CH3)3_b	165.0	0.058	0.121	0	3.20608188019	1.65970752044	-6.19115440699
pcho_N(CH3)3_b	165.0	0.058	0.121	1	3.20799956094	0.433425220138	-10.3772711869
pcho_N(CH3)3_b	165.0	0.058	0.121	2	3.2079995611	0.0605498144715	98.2564877876
pcho_N(CH3)3_b	165.0	0.058	0.121	3	3.20799956107	0.340912108232	-19.8129976477
pcho_N(CH3)3_b	165.0	0.058	0.121	4	3.20799956117	0.0489904051998	199.165566809
pcho_N(CH3)3_b	165.0	0.058	0.121	5	3.20799956138	0.146381431628	-8.01505618774
pcho_N(CH3)3_b	165.0	0.058	0.121	6	3.20799956098	0.0378232267396	-84.3787023138
pcho_N(CH3)3_b	165.0	0.058	0.121	7	3.20799956137	0.0360787869785	252.147927885
pcho_N(CH3)3_b	165.0	0.058	0.121	8	3.20991766652	0.614717589783	-7.43300207881
pcho_N(CH3)3_b	165.0	0.058	0.121	9	3.20991785641	0.213162421774	18.7935212636
pcho_N(CH3)3_b	165.0	0.058	0.121	10	3.20991765906	0.0750998619197	229.998307441
pcho_N(CH3)3_b	165.0	0.058	0.121	11	3.20991798617	0.25569673186	-6.7886624051
pcho_N(CH3)3_b	165.0	0.058	0.121	12	3.20991838267	0.0613041208559	147.463381272
pcho_N(CH3)3_b	165.0	0.058	0.121	13	3.20991811979	0.120882671827	-11.3933052219
pcr_X	165.0	0.422	0.081	0	3.93	1.98905693707	-7.58105420939
pcr_N(CH3)	165.0	0.422	0.09	0	3.029	2.94973259418	-2.77578731933
scyllo-inositol	165.0	0.044	0.087	0	3.34	5.96656314453	-8.26263806823
peth	165.0	0.126	0.087	0	3.19889871407	0.381229453357	-63.8000535654
peth	165.0	0.126	0.087	1	3.19873012631	0.0141406305986	248.076447467
peth	165.0	0.126	0.087	2	3.19907176336	0.00448808823774	163.734801344
peth	165.0	0.126	0.087	3	3.20941724204	0.206835539876	106.519886833
peth	165.0	0.126	0.087	4	3.2096625645	0.00686509236428	229.709911219
peth	165.0	0.126	0.087	5	3.21561323552	0.412249276527	-13.2306551649
peth	165.0	0.126	0.087	6	3.21599234185	0.220990115445	-34.587259089
peth	165.0	0.126	0.087	7	3.2160790825	0.0108334863177	85.0988065598
peth	165.0	0.126	0.087	8	3.22239740216	0.0231968205371	111.806028391
peth	165.0	0.126	0.087	9	3.22246503372	0.214468155625	239.831298344
peth	165.0	0.126	0.087	10	3.2326663101	0.443002190578	56.0741955702
peth	165.0	0.126	0.087	11	3.23272878123	0.312299206896	52.1655994168
peth	165.0	0.126	0.087	12	3.31453774467	0.00111802439194	178.080905038
peth	165.0	0.126	0.087	13	3.94597628197	0.0899113050679	-73.9128929327
peth	165.0	0.126	0.087	14	3.94774490864	0.0894959377346	-73.5416851159
peth	165.0	0.126	0.087	15	3.94951391465	0.0888999914067	-73.1627776308
peth	165.0	0.126	0.087	16	3.95665523706	0.0649889495465	106.008789731
peth	165.0	0.126	0.087	17	3.95918777603	0.0664076576081	103.464698102
peth	165.0	0.126	0.087	18	3.96257045823	0.0382177507338	31.8976200621
peth	165.0	0.126	0.087	19	3.96346103461	0.0406674680219	-22.6404115221
peth	165.0	0.126	0.087	20	3.96433877928	0.0383982053848	30.8052459089
peth	165.0	0.126	0.087	21	3.96523018579	0.0407649217763	-22.2048155017
peth	165.0	0.126	0.087	22	3.96610570102	0.0385434498503	29.6365308863
peth	165.0	0.126	0.087	23	3.96700157797	0.0408598713647	-21.7999819554
peth	165.0	0.126	0.087	24	3.96920857513	0.0386456408634	241.812363641
peth	165.0	0.126	0.087	25	3.97000103599	0.00561614784855	-38.3990051973
peth	165.0	0.126	0.087	26	3.97029284144	0.00588138465952	55.4488875053
peth	165.0	0.126	0.087	27	3.97097803943	0.0388021691907	241.394521251
peth	165.0	0.126	0.087	28	3.97192117392	0.0794715450235	-67.7472380703
peth	165.0	0.126	0.087	29	3.97274754863	0.0389166767464	240.945761767
peth	165.0	0.126	0.087	30	3.97369099638	0.0786964091354	-67.2862853759
peth	165.0	0.126	0.087	31	3.97977988852	0.0759669071084	47.1616682101
peth	165.0	0.126	0.087	32	3.98008497677	0.00862411461759	122.912163417
peth	165.0	0.126	0.087	33	3.9815034233	0.0726834239978	49.1179518677
peth	165.0	0.126	0.087	34	3.98314276258	0.118451436859	95.4878798387
peth	165.0	0.126	0.087	35	3.98327321633	0.0733061265684	48.8552234169
peth	165.0	0.126	0.087	36	3.98674994644	0.0176131256279	35.001321899
peth	165.0	0.126	0.087	37	3.98933320353	0.134057681341	-2.58603056564
peth	165.0	0.126	0.087	38	3.99116383508	0.0438215011974	-16.2287907286
peth	165.0	0.126	0.087	39	3.99324911893	0.00962122674429	193.760493689
peth	165.0	0.126	0.087	40	3.99516497968	0.0413285120563	236.557424751
peth	165.0	0.126	0.087	41	3.99693509793	0.0414739137879	236.307277113
peth	165.0	0.126	0.087	42	4.00375726558	0.0028562843183	171.499163091
peth	165.0	0.126	0.087	43	4.00536098914	0.101939484933	43.1107755444
peth	165.0	0.126	0.087	44	4.0074611722	0.0813692026057	49.9940273342
peth	165.0	0.126	0.087	45	4.0861004598	0.000556902352762	245.667754573
taurine	165.0	0.117	0.085	0	3.2209127337	0.18849913758	35.119176243
taurine	165.0	0.117	0.085	1	3.22397870406	0.16395798649	-12.0098179869
taurine	165.0	0.117	0.085	2	3.24241160821	0.212721758848	-51.7828215762
taurine	165.0	0.117	0.085	3	3.24387157791	0.122761088525	3.32519047501
taurine	165.0	0.117	0.085	4	3.24589853408	0.455831623126	-6.67137174314
taurine	165.0	0.117	0.085	5	3.24772584198	0.0219198578193	-39.2862779626
taurine	165.0	0.117	0.085	6	3.26532934784	0.309360491422	-30.1313168187
taurine	165.0	0.117	0.085	7	3.26768692835	0.317115721878	16.3875870292
taurine	165.0	0.117	0.085	8	3.39881286344	0.316913519948	-31.6592557011
taurine	165.0	0.117	0.085	9	3.40117086037	0.308996932668	14.9356045306
taurine	165.0	0.117	0.085	10	3.41877394265	0.0219328563017	24.232664614
taurine	165.0	0.117	0.085	11	3.42060145454	0.45550629383	-8.32248272007
taurine	165.0	0.117	0.085	12	3.42262887483	0.12324384393	-18.1371517794
taurine	165.0	0.117	0.085	13	3.42408818358	0.213355085969	36.3701146517
taurine	165.0	0.117	0.085	14	3.44252147965	0.162739262282	-3.89342534008
taurine	165.0	0.117	0.085	15	3.4455870826	0.187967259741	-50.7348441022
lm1	165.0	1.0	0.945781	L	50.72009	3.550126	-1.138201
lm2	165.0	1.0	1.475781	L	54.12614	2.855701	0.05457026
lm3	165.0	1.0	1.705781	L	68.32043	3.90728	-0.06015777
lm4	165.0	1.0	2.115781	L	96.4358	4.719139	-0.09620739
lm5	165.0	1.0	2.315781	L	69.70896	2.784562	-0.5775946
lm6	165.0	1.0	3.015781	L	42.72932	1.01768	-0.6582785
lm7	165.0	1.0	3.9854041	L	29.64625	1.209407	0.2889715
lm8	165.0	1.0	7.125781	L	274.476	4.046641	0.3027004
lm9	165.0	1.0	7.855781	L	37.37627	1.313574	0.02022181
lm10	165.0	1.0	2.655781	L	121.4557	2.349968	-0.5826102
lm11	165.0	1.0	1.235781	L	30.68139	0.7444791	-1.138201
lm12	165.0	1.0	-0.62824	L	1789.202	21.51878	-3.652967
lm13	165.0	1.0	3.295781	L	109.4958	1.665539	0.1635756
lm14	165.0	1.0	3.705781	L	169.6304	4.873533	-1.354319
