;PINTS for FITMAN Simulation Output
;Experiment Information
;---------------------------------------------------------------------------
;Name: semi-LASER
;Created: 2017_10_30
;Comment: Density-matrix simulations of metabolites using PyGAMMA and metabolite parameters from V. Govindaraju et. al, NMR Biomed. 2000;13:129-153
;PI: bartha-olemew
;b0: 297.2
;49 Metabolites: alanine, aspartate, choline_1-CH2_2-CH2, choline_N(CH3)3_a, choline_N(CH3)3_b, creatine_N(CH3), creatine_X, d-glucose-alpha, d-glucose-beta, gaba, glutamate, glutamine, glutathione_cysteine, glutathione_glutamate, glutathione_glycine, glycine, gpc_7-CH2_8-CH2, gpc_glycerol, gpc_N(CH3)3_a, gpc_N(CH3)3_b, lactate, myoinositol, naa_acetyl, naa_aspartate, naag_acetyl, naag_aspartyl, naag_glutamate, pcho_N(CH3)3_a, pcho_N(CH3)3_b, pcho_X, pcr_N(CH3), pcr_X, peth, scyllo-inositol, taurine, lm1, lm2, lm3, lm4, lm5, lm6, lm7, lm8, lm9, lm10, lm11, lm12, lm13, lm14
;Simulation Results
;---------------------------------------------------------------------------
choline_1-CH2_2-CH2	145.0	0.165	0.087	0	3.40528755443	0.00257833163417	-47.3466716011
choline_1-CH2_2-CH2	145.0	0.165	0.087	1	3.48339471277	0.152092720408	248.241540068
choline_1-CH2_2-CH2	145.0	0.165	0.087	2	3.48340724382	0.02841445735	-11.0637324022
choline_1-CH2_2-CH2	145.0	0.165	0.087	3	3.48387435916	0.112599177814	-77.5635456311
choline_1-CH2_2-CH2	145.0	0.165	0.087	4	3.4838750549	0.0454131742769	81.8235957852
choline_1-CH2_2-CH2	145.0	0.165	0.087	5	3.49446207713	0.160762321519	88.9968223091
choline_1-CH2_2-CH2	145.0	0.165	0.087	6	3.49443504534	0.0226630259098	-25.4730207319
choline_1-CH2_2-CH2	145.0	0.165	0.087	7	3.50056039426	0.323536290099	-22.8274060591
choline_1-CH2_2-CH2	145.0	0.165	0.087	8	3.50001051972	0.0258507669936	256.365880445
choline_1-CH2_2-CH2	145.0	0.165	0.087	9	3.50095191714	0.00975017167794	153.168982324
choline_1-CH2_2-CH2	145.0	0.165	0.087	10	3.50738816176	0.181349945774	253.144483837
choline_1-CH2_2-CH2	145.0	0.165	0.087	11	3.50734198018	0.0047998713471	23.8792167831
choline_1-CH2_2-CH2	145.0	0.165	0.087	12	3.51773668208	0.42678418483	94.2516666903
choline_1-CH2_2-CH2	145.0	0.165	0.087	13	3.51797091101	0.0451003471976	-55.656506847
choline_1-CH2_2-CH2	145.0	0.165	0.087	14	3.59567488242	0.00201212664919	-72.4133213125
choline_1-CH2_2-CH2	145.0	0.165	0.087	15	3.96815265095	0.00184012667635	151.170510956
choline_1-CH2_2-CH2	145.0	0.165	0.087	16	4.02839492499	0.188502576343	254.48666628
choline_1-CH2_2-CH2	145.0	0.165	0.087	17	4.03722584933	0.18277168139	255.948947788
choline_1-CH2_2-CH2	145.0	0.165	0.087	18	4.03877248691	0.0857715686224	91.3658340129
choline_1-CH2_2-CH2	145.0	0.165	0.087	19	4.045751851	0.212003205687	1.56565792987
choline_1-CH2_2-CH2	145.0	0.165	0.087	20	4.04760337385	0.0853296578447	92.2469928756
choline_1-CH2_2-CH2	145.0	0.165	0.087	21	4.05169560098	0.0793864616596	256.051911179
choline_1-CH2_2-CH2	145.0	0.165	0.087	22	4.05443625714	0.164806573972	6.84253530429
choline_1-CH2_2-CH2	145.0	0.165	0.087	23	4.05639419526	0.0100529170078	123.20028625
choline_1-CH2_2-CH2	145.0	0.165	0.087	24	4.05649512241	0.0176421788447	8.03007539227
choline_1-CH2_2-CH2	145.0	0.165	0.087	25	4.06052685343	0.0799520255731	255.094800689
choline_1-CH2_2-CH2	145.0	0.165	0.087	26	4.06256296013	0.129756464689	81.0606936062
choline_1-CH2_2-CH2	145.0	0.165	0.087	27	4.06361837692	0.0599209334272	221.325674022
choline_1-CH2_2-CH2	145.0	0.165	0.087	28	4.06931808487	0.0159502592018	-24.1388207695
choline_1-CH2_2-CH2	145.0	0.165	0.087	29	4.06941901201	0.00507395921611	199.715075452
choline_1-CH2_2-CH2	145.0	0.165	0.087	30	4.07138707318	0.1327173895	80.7792542356
choline_1-CH2_2-CH2	145.0	0.165	0.087	31	4.07996127587	0.0338062603932	9.92078773403
choline_1-CH2_2-CH2	145.0	0.165	0.087	32	4.08042102971	0.0200069514789	145.012584269
alanine	145.0	0.078	0.087	0	1.45446469938	0.505365719683	172.848384563
alanine	145.0	0.078	0.087	1	1.47880296471	0.55498406698	189.871343217
alanine	145.0	0.078	0.087	2	3.7382838008	0.125185117979	186.667715571
alanine	145.0	0.078	0.087	3	3.7626278411	0.378608114937	172.026044803
alanine	145.0	0.078	0.087	4	3.78695532997	0.34955842686	168.784601156
alanine	145.0	0.078	0.087	5	3.81130127456	0.120636710017	159.478578398
choline_N(CH3)3_a	145.0	0.165	0.121	0	3.18308188091	1.33150460163	-5.51704551647
choline_N(CH3)3_a	145.0	0.165	0.121	1	3.18499956217	0.177015919284	-7.99094834991
choline_N(CH3)3_a	145.0	0.165	0.121	2	3.18499956237	0.147751974419	93.6397368188
choline_N(CH3)3_a	145.0	0.165	0.121	3	3.18499956207	0.186316632334	-50.946217179
choline_N(CH3)3_a	145.0	0.165	0.121	4	3.18499956221	0.0209301894258	246.956868708
choline_N(CH3)3_a	145.0	0.165	0.121	5	3.18499956217	0.0175466921525	159.916636706
choline_N(CH3)3_a	145.0	0.165	0.121	6	3.18499956237	0.0945169457884	4.09623530551
choline_N(CH3)3_a	145.0	0.165	0.121	7	3.18691757631	0.174090848622	-55.6670349353
choline_N(CH3)3_a	145.0	0.165	0.121	8	3.18691777699	0.164926774123	130.622350352
choline_N(CH3)3_a	145.0	0.165	0.121	9	3.18691755329	0.0246932676155	11.2738415581
choline_N(CH3)3_a	145.0	0.165	0.121	10	3.18691794069	0.10186990088	97.7513364966
choline_N(CH3)3_a	145.0	0.165	0.121	11	3.1869179003	0.0499445663365	236.597928861
aspartate	145.0	0.117	0.087	0	2.60315461543	0.22545222721	-41.8158393843
aspartate	145.0	0.117	0.087	1	2.63321004478	0.21112154797	209.119118384
aspartate	145.0	0.117	0.087	2	2.66178300881	0.227990938256	62.9537734849
aspartate	145.0	0.117	0.087	3	2.69183843816	0.263797595055	45.9069894909
aspartate	145.0	0.117	0.087	4	2.77093866344	0.174570930852	-74.6231338799
aspartate	145.0	0.117	0.087	5	2.78379157363	0.288250982608	8.31869541343
aspartate	145.0	0.117	0.087	6	2.82956705682	0.238653167219	32.2099969231
aspartate	145.0	0.117	0.087	7	2.84241996702	0.196608205102	192.14576169
aspartate	145.0	0.117	0.087	8	3.8701699882	0.239516782288	-40.023876522
aspartate	145.0	0.117	0.087	9	3.8830228984	0.199029745261	104.287987131
aspartate	145.0	0.117	0.087	10	3.90022541756	0.211655290739	252.320020567
aspartate	145.0	0.117	0.087	11	3.91307832775	0.210045568049	18.6087544729
creatine_N(CH3)	145.0	0.296	0.09	0	3.027	2.99169117093	-1.86199029428
choline_N(CH3)3_b	145.0	0.165	0.121	0	3.18308188064	1.66326115238	-5.51705275989
choline_N(CH3)3_b	145.0	0.165	0.121	1	3.18499956216	0.314531253286	-8.15787608472
choline_N(CH3)3_b	145.0	0.165	0.121	2	3.18499956202	0.0688618105741	243.890177997
choline_N(CH3)3_b	145.0	0.165	0.121	3	3.1849995621	0.0684396643865	105.327146458
choline_N(CH3)3_b	145.0	0.165	0.121	4	3.18499956232	0.232357970922	-13.7947371109
choline_N(CH3)3_b	145.0	0.165	0.121	5	3.18499956261	0.111630750255	166.257444072
choline_N(CH3)3_b	145.0	0.165	0.121	6	3.1849995625	0.0389512337349	-53.7150525222
choline_N(CH3)3_b	145.0	0.165	0.121	7	3.18691771142	0.624200528098	-5.11976739298
choline_N(CH3)3_b	145.0	0.165	0.121	8	3.18691773849	0.063346002357	221.829153214
choline_N(CH3)3_b	145.0	0.165	0.121	9	3.18691773536	0.616738332166	-2.69041786991
choline_N(CH3)3_b	145.0	0.165	0.121	10	3.18691761003	0.0274189265463	118.162881929
choline_N(CH3)3_b	145.0	0.165	0.121	11	3.18691805509	0.277809901238	-1.34347189455
choline_N(CH3)3_b	145.0	0.165	0.121	12	3.18691811894	0.0245786088191	-77.7257068536
choline_N(CH3)3_b	145.0	0.165	0.121	13	3.18691811919	0.00419038478939	171.129410858
creatine_X	145.0	0.296	0.081	0	3.913	1.99086977236	-8.07629851176
d-glucose-alpha	145.0	0.049	0.087	0	3.31840959245	0.0032975144382	211.60242971
d-glucose-alpha	145.0	0.049	0.087	1	3.34962371436	0.00285011188076	157.117011443
d-glucose-alpha	145.0	0.049	0.087	2	3.35209130561	0.00519477047232	244.316556547
d-glucose-alpha	145.0	0.049	0.087	3	3.35228634156	0.00366875957041	213.440446332
d-glucose-alpha	145.0	0.049	0.087	4	3.36141561006	0.161757860425	125.12717846
d-glucose-alpha	145.0	0.049	0.087	5	3.36378244585	0.0371275604194	92.9749906657
d-glucose-alpha	145.0	0.049	0.087	6	3.38333705856	0.0103631442192	86.1232085432
d-glucose-alpha	145.0	0.049	0.087	7	3.39257093946	0.169946546276	5.77362788156
d-glucose-alpha	145.0	0.049	0.087	8	3.3932484758	0.0178589148604	166.151390314
d-glucose-alpha	145.0	0.049	0.087	9	3.39464641823	0.0741723290606	-38.8066298676
d-glucose-alpha	145.0	0.049	0.087	10	3.39470349895	0.0897609125528	-17.9309916988
d-glucose-alpha	145.0	0.049	0.087	11	3.40387876357	0.00803628236112	235.436070699
d-glucose-alpha	145.0	0.049	0.087	12	3.42373539716	0.0652728636016	220.444345618
d-glucose-alpha	145.0	0.049	0.087	13	3.42481054713	0.0155090011612	-80.5200936696
d-glucose-alpha	145.0	0.049	0.087	14	3.42569526601	0.132024856461	219.246293186
d-glucose-alpha	145.0	0.049	0.087	15	3.43528684831	0.0154989727057	168.062446831
d-glucose-alpha	145.0	0.049	0.087	16	3.43727934526	0.0048849626083	196.014264407
d-glucose-alpha	145.0	0.049	0.087	17	3.46875530347	0.00721848403806	87.1773248127
d-glucose-alpha	145.0	0.049	0.087	18	3.49509299651	0.193341380647	-39.334463649
d-glucose-alpha	145.0	0.049	0.087	19	3.50779665058	0.19444884585	131.46906345
d-glucose-alpha	145.0	0.049	0.087	20	3.51599359422	0.000810822205747	79.36502259
d-glucose-alpha	145.0	0.049	0.087	21	3.5272847068	0.262802658446	210.723166158
d-glucose-alpha	145.0	0.049	0.087	22	3.53995808065	0.263984085541	9.36151514535
d-glucose-alpha	145.0	0.049	0.087	23	3.66849534328	0.348038926727	110.655668847
d-glucose-alpha	145.0	0.049	0.087	24	3.70025516011	0.351152089381	-13.0821009632
d-glucose-alpha	145.0	0.049	0.087	25	3.70032062614	0.314643525415	-9.60192060288
d-glucose-alpha	145.0	0.049	0.087	26	3.71005779341	0.0552647174822	-16.3069751546
d-glucose-alpha	145.0	0.049	0.087	27	3.71259355716	0.0572603140142	-43.7964454817
d-glucose-alpha	145.0	0.049	0.087	28	3.72176134635	0.0206920900216	206.66405573
d-glucose-alpha	145.0	0.049	0.087	29	3.7320655716	0.203044838813	226.991295324
d-glucose-alpha	145.0	0.049	0.087	30	3.73213825636	0.0650211156131	-81.2098490171
d-glucose-alpha	145.0	0.049	0.087	31	3.7323711697	0.0917526519646	167.014918201
d-glucose-alpha	145.0	0.049	0.087	32	3.7521176411	0.0684936786886	33.0423557631
d-glucose-alpha	145.0	0.049	0.087	33	3.75317829294	0.164236325111	186.854332927
d-glucose-alpha	145.0	0.049	0.087	34	3.76248234015	0.0734442780441	-60.7487749908
d-glucose-alpha	145.0	0.049	0.087	35	3.77310132113	0.149106434749	264.695955895
d-glucose-alpha	145.0	0.049	0.087	36	3.77417673923	0.120556135958	-73.7287005151
d-glucose-alpha	145.0	0.049	0.087	37	3.79606239991	0.162018281994	51.9915658174
d-glucose-alpha	145.0	0.049	0.087	38	3.80033782104	0.104728003037	-35.8934960901
d-glucose-alpha	145.0	0.049	0.087	39	3.8078363911	0.139800011314	-56.0530836878
d-glucose-alpha	145.0	0.049	0.087	40	3.80785742106	0.137633358188	-57.0973408161
d-glucose-alpha	145.0	0.049	0.087	41	3.81079414247	0.208079756134	259.885830868
d-glucose-alpha	145.0	0.049	0.087	42	3.81304715658	0.204361307506	-74.088155919
d-glucose-alpha	145.0	0.049	0.087	43	3.81822081242	0.162938843828	-54.2291367754
d-glucose-alpha	145.0	0.049	0.087	44	3.82249218976	0.0289796775818	89.9037526375
d-glucose-alpha	145.0	0.049	0.087	45	3.82813218226	0.0936094384809	-77.680496703
d-glucose-alpha	145.0	0.049	0.087	46	3.83327140616	0.121529549506	194.726827548
d-glucose-alpha	145.0	0.049	0.087	47	3.84805876081	0.120385070941	-69.2827119701
d-glucose-alpha	145.0	0.049	0.087	48	3.84848383312	0.173607847833	123.666544008
d-glucose-alpha	145.0	0.049	0.087	49	3.85299634831	0.158849836238	-20.0515592071
d-glucose-alpha	145.0	0.049	0.087	50	3.85362971916	0.0315338007324	252.15299045
glutamate	145.0	0.898	0.088	0	1.96706804127	0.0111471159683	251.717041002
glutamate	145.0	0.898	0.088	1	1.99094252965	0.0164826965721	232.099776943
glutamate	145.0	0.898	0.088	2	1.9909810453	0.0137880269535	-26.5206620378
glutamate	145.0	0.898	0.088	3	1.99400006985	0.00921783276041	214.317498869
glutamate	145.0	0.898	0.088	4	2.01485536067	0.0179481533174	-56.5826183408
glutamate	145.0	0.898	0.088	5	2.01702040877	0.0834766577763	212.85397525
glutamate	145.0	0.898	0.088	6	2.01806205099	0.0109428621622	-67.8841890356
glutamate	145.0	0.898	0.088	7	2.04052312646	0.0968561783811	216.335137284
glutamate	145.0	0.898	0.088	8	2.04202460837	0.0332728455606	238.499980857
glutamate	145.0	0.898	0.088	9	2.04412977497	0.051069489956	219.191975538
glutamate	145.0	0.898	0.088	10	2.06405000071	0.0284292466637	185.872243338
glutamate	145.0	0.898	0.088	11	2.06745024183	0.0405145945933	235.546805945
glutamate	145.0	0.898	0.088	12	2.06781434822	0.104621244084	158.775742593
glutamate	145.0	0.898	0.088	13	2.08373400035	0.0567555760983	-39.1955516275
glutamate	145.0	0.898	0.088	14	2.09223936079	0.225285422874	176.388649055
glutamate	145.0	0.898	0.088	15	2.09705104587	0.00357301079503	204.633074824
glutamate	145.0	0.898	0.088	16	2.10880532405	0.105059712469	-57.0846722514
glutamate	145.0	0.898	0.088	17	2.11718319984	0.00418743416195	70.9834099874
glutamate	145.0	0.898	0.088	18	2.11766375294	0.0838653005842	156.103064151
glutamate	145.0	0.898	0.088	19	2.13363293438	0.0886882664678	234.804071953
glutamate	145.0	0.898	0.088	20	2.1414089918	0.0235812934089	125.52615872
glutamate	145.0	0.898	0.088	21	2.14323256942	0.0270101225709	146.735714362
glutamate	145.0	0.898	0.088	22	2.15745696313	0.0136733401684	192.065299938
glutamate	145.0	0.898	0.088	23	2.15947305764	0.015096090128	246.301586481
glutamate	145.0	0.898	0.088	24	2.16730562707	0.0194438385667	88.4876032368
glutamate	145.0	0.898	0.088	25	2.18329414391	0.0228470870856	159.616539745
glutamate	145.0	0.898	0.088	26	2.21221850114	0.0017975582948	72.8125598843
glutamate	145.0	0.898	0.088	27	2.26792906482	0.022745825415	203.950016866
glutamate	145.0	0.898	0.088	28	2.29147927496	0.0449559484601	156.850747258
glutamate	145.0	0.898	0.088	29	2.31581338983	0.0180316041499	125.663950748
glutamate	145.0	0.898	0.088	30	2.3207606662	0.0921389137523	15.8017371871
glutamate	145.0	0.898	0.088	31	2.32117846411	0.0733771071002	108.391033561
glutamate	145.0	0.898	0.088	32	2.34486556004	0.256025533303	54.5194039046
glutamate	145.0	0.898	0.088	33	2.3472027636	0.238846281332	-2.77986309201
glutamate	145.0	0.898	0.088	34	2.36914107801	0.0660149951219	24.2832993862
glutamate	145.0	0.898	0.088	35	2.37375753298	0.106900371015	-54.9470858254
glutamate	145.0	0.898	0.088	36	2.4007599108	0.0284874866603	250.283630487
glutamate	145.0	0.898	0.088	37	2.40130127065	0.0146993062917	-88.4654676271
glutamate	145.0	0.898	0.088	38	2.42702691871	0.0209187066328	213.978923724
glutamate	145.0	0.898	0.088	39	3.72336922971	0.219295117393	-63.4976199616
glutamate	145.0	0.898	0.088	40	3.73950635991	0.219157640652	36.4248491532
glutamate	145.0	0.898	0.088	41	3.74732878179	0.210081506679	-56.420381923
glutamate	145.0	0.898	0.088	42	3.76350226662	0.235707038804	43.5811417211
gaba	145.0	0.155	0.082	0	1.83609170247	0.0166020399614	85.8704479095
gaba	145.0	0.155	0.082	1	1.83815637494	0.0379067151582	90.1178969214
gaba	145.0	0.155	0.082	2	1.85696880793	0.00497771354326	147.360897514
gaba	145.0	0.155	0.082	3	1.86075155701	0.0748354532706	125.841462011
gaba	145.0	0.155	0.082	4	1.86061042851	0.0994373258673	116.645995217
gaba	145.0	0.155	0.082	5	1.86148493875	0.00893506201203	-44.786703038
gaba	145.0	0.155	0.082	6	1.86268519429	0.0452861807254	57.2592110205
gaba	145.0	0.155	0.082	7	1.86262428444	0.0194347723569	132.055953314
gaba	145.0	0.155	0.082	8	1.86526333054	0.0241256768262	17.5650993506
gaba	145.0	0.155	0.082	9	1.86824473535	0.0091892110271	8.7579695298
gaba	145.0	0.155	0.082	10	1.87964134091	0.00189899618745	133.6731517
gaba	145.0	0.155	0.082	11	1.88218554353	0.0150595230033	116.589855072
gaba	145.0	0.155	0.082	12	1.88614078608	0.141516031351	-5.06449060668
gaba	145.0	0.155	0.082	13	1.88429080154	0.00559339026112	87.7223805206
gaba	145.0	0.155	0.082	14	1.88632890751	0.0803753566096	88.865790525
gaba	145.0	0.155	0.082	15	1.88839946873	0.122335108374	12.0139574386
gaba	145.0	0.155	0.082	16	1.8891047616	0.0036247556614	77.1959203454
gaba	145.0	0.155	0.082	17	1.8913657625	0.0172015209969	-50.9778211058
gaba	145.0	0.155	0.082	18	1.89327876399	0.00203312624544	267.993381704
gaba	145.0	0.155	0.082	19	1.89335261366	0.0119741700088	-55.5956065354
gaba	145.0	0.155	0.082	20	1.90683793964	0.00379338873902	58.8972930211
gaba	145.0	0.155	0.082	21	1.90984532125	0.0260859350416	40.6337800536
gaba	145.0	0.155	0.082	22	1.91146258357	0.220180602282	-43.8245327868
gaba	145.0	0.155	0.082	23	1.91366712256	0.0570741875655	-47.6620984916
gaba	145.0	0.155	0.082	24	1.9168031247	0.0242920864478	-84.0561919032
gaba	145.0	0.155	0.082	25	1.93570839362	0.0349371727845	14.0646795634
gaba	145.0	0.155	0.082	26	1.93776531495	0.0537480422824	26.9797475162
gaba	145.0	0.155	0.082	27	2.26015329798	0.376736840618	47.5536242424
gaba	145.0	0.155	0.082	28	2.28055265844	0.0101224104535	87.0074371586
gaba	145.0	0.155	0.082	29	2.28461836636	0.606904464815	30.1428609933
gaba	145.0	0.155	0.082	30	2.28587575799	0.0198638395917	102.739649308
gaba	145.0	0.155	0.082	31	2.2874589071	0.00928357419644	-20.8361808988
gaba	145.0	0.155	0.082	32	2.30857025838	0.174385783008	9.10997437119
gaba	145.0	0.155	0.082	33	2.31018241399	0.165981041703	-2.85942021358
gaba	145.0	0.155	0.082	34	2.98810147313	0.463903311582	34.6123435174
gaba	145.0	0.155	0.082	35	3.00446935579	0.000978241567848	126.125390729
gaba	145.0	0.155	0.082	36	3.00788330319	0.0736126964603	74.4486672598
gaba	145.0	0.155	0.082	37	3.01091480852	0.175668424295	30.8594067862
gaba	145.0	0.155	0.082	38	3.01389410059	0.514162979519	-9.14939783317
gaba	145.0	0.155	0.082	39	3.01570244453	0.0500015669385	-33.7643978907
gaba	145.0	0.155	0.082	40	3.01770046009	0.0506244574197	-75.9522761186
gaba	145.0	0.155	0.082	41	3.01945431194	0.0157181042004	-89.5561623302
gaba	145.0	0.155	0.082	42	3.01987344756	0.00319994016736	248.730173679
gaba	145.0	0.155	0.082	43	3.03849476256	0.383037681157	-31.0606694622
glutamine	145.0	0.427	0.087	0	2.02959843313	0.014427687956	-24.008282447
glutamine	145.0	0.427	0.087	1	2.04903832083	0.00598481675846	10.6647085096
glutamine	145.0	0.427	0.087	2	2.05078450944	0.0072270369831	8.11962569001
glutamine	145.0	0.427	0.087	3	2.05771963287	0.0129967125302	-63.1625889617
glutamine	145.0	0.427	0.087	4	2.05789178012	0.0107316243178	261.222714619
glutamine	145.0	0.427	0.087	5	2.06949146946	0.00259491261898	127.285324083
glutamine	145.0	0.427	0.087	6	2.07824700764	0.0103946474827	91.6673921798
glutamine	145.0	0.427	0.087	7	2.0789471422	0.026419346614	-54.6157086145
glutamine	145.0	0.427	0.087	8	2.08348312725	0.0244438576547	266.83074392
glutamine	145.0	0.427	0.087	9	2.08467424299	0.00654388724449	175.777382146
glutamine	145.0	0.427	0.087	10	2.0994120015	0.0236618374983	189.917593524
glutamine	145.0	0.427	0.087	11	2.10110091148	0.0217386880059	204.072882809
glutamine	145.0	0.427	0.087	12	2.10307683112	0.0393292523156	79.2347945974
glutamine	145.0	0.427	0.087	13	2.10479853377	0.0167290351307	-48.9582907124
glutamine	145.0	0.427	0.087	14	2.10493473898	0.0357352796486	79.783158689
glutamine	145.0	0.427	0.087	15	2.10705943378	0.00551117019341	99.6957288614
glutamine	145.0	0.427	0.087	16	2.10978222351	0.0282737473487	147.126322262
glutamine	145.0	0.427	0.087	17	2.11007205827	0.0173221356784	8.03638491723
glutamine	145.0	0.427	0.087	18	2.11574074582	0.0153480266591	-82.8926862046
glutamine	145.0	0.427	0.087	19	2.12154007131	0.0188421826528	93.6110471293
glutamine	145.0	0.427	0.087	20	2.12427844833	0.0102991591981	72.3676346387
glutamine	145.0	0.427	0.087	21	2.12762581022	0.0307534241109	216.058968911
glutamine	145.0	0.427	0.087	22	2.13015833943	0.00749996259529	-26.3993936532
glutamine	145.0	0.427	0.087	23	2.13129059613	0.0557907797197	-60.3930519999
glutamine	145.0	0.427	0.087	24	2.1333228175	0.0107849473552	118.475814614
glutamine	145.0	0.427	0.087	25	2.13493755571	0.016147538998	163.86585094
glutamine	145.0	0.427	0.087	26	2.1368241746	0.0190518757641	98.5263050129
glutamine	145.0	0.427	0.087	27	2.15336547463	0.0265535551839	54.7194448779
glutamine	145.0	0.427	0.087	28	2.15356223104	0.0121235242432	162.613544426
glutamine	145.0	0.427	0.087	29	2.15502822922	0.0355724552617	-42.5729919079
glutamine	145.0	0.427	0.087	30	2.15542925651	0.00781850914153	97.9232439985
glutamine	145.0	0.427	0.087	31	2.15894987717	0.0199807201658	107.585088324
glutamine	145.0	0.427	0.087	32	2.16411056855	0.00725239115076	41.5363732795
glutamine	145.0	0.427	0.087	33	2.17574695392	0.0071102917399	156.445751685
glutamine	145.0	0.427	0.087	34	2.17923162819	0.011646367833	173.877313356
glutamine	145.0	0.427	0.087	35	2.18353662329	0.0105956147983	73.9855661469
glutamine	145.0	0.427	0.087	36	2.1849453183	0.00776600979824	20.3268038055
glutamine	145.0	0.427	0.087	37	2.20359517008	0.010822593383	81.5822958267
glutamine	145.0	0.427	0.087	38	2.33941149415	0.00310311204148	-71.6993554999
glutamine	145.0	0.427	0.087	39	2.36520945855	0.0304743097594	198.957801572
glutamine	145.0	0.427	0.087	40	2.387655538	0.0287638314545	210.308701815
glutamine	145.0	0.427	0.087	41	2.38967670068	0.0353386427496	126.854341657
glutamine	145.0	0.427	0.087	42	2.39657591748	0.0133386263399	95.2501350022
glutamine	145.0	0.427	0.087	43	2.41530171411	0.0303462905441	115.405968566
glutamine	145.0	0.427	0.087	44	2.41663089167	0.0417652523982	173.589418997
glutamine	145.0	0.427	0.087	45	2.4167628768	0.0416127597548	233.354738307
glutamine	145.0	0.427	0.087	46	2.41946601911	0.0875093189006	264.283999124
glutamine	145.0	0.427	0.087	47	2.43842403041	0.0309346674686	-66.2151380914
glutamine	145.0	0.427	0.087	48	2.43873733068	0.0337561246552	211.717584306
glutamine	145.0	0.427	0.087	49	2.43894759968	0.0347920865921	147.199093788
glutamine	145.0	0.427	0.087	50	2.44146071515	0.0557805151136	182.827156375
glutamine	145.0	0.427	0.087	51	2.44162932363	0.00389355451329	127.59913753
glutamine	145.0	0.427	0.087	52	2.44787273636	0.0734137861624	207.706116407
glutamine	145.0	0.427	0.087	53	2.44741864272	0.0145856059819	139.582644706
glutamine	145.0	0.427	0.087	54	2.44780576179	0.0270289645467	54.7729322332
glutamine	145.0	0.427	0.087	55	2.44857155662	0.0151613038648	258.731202476
glutamine	145.0	0.427	0.087	56	2.46685524966	0.0794199750731	135.400305401
glutamine	145.0	0.427	0.087	57	2.47096392619	0.0512650639766	-68.5850521709
glutamine	145.0	0.427	0.087	58	2.47331437655	0.0405659369336	189.215706425
glutamine	145.0	0.427	0.087	59	2.47344144642	0.0111670199787	129.652818291
glutamine	145.0	0.427	0.087	60	2.49342405811	0.0193363166117	-56.296552764
glutamine	145.0	0.427	0.087	61	2.49662015039	0.0296481456316	-75.2675356995
glutamine	145.0	0.427	0.087	62	2.50240558067	0.0175814152106	196.555404817
glutamine	145.0	0.427	0.087	63	2.52492522845	0.0278236765937	211.810552433
glutamine	145.0	0.427	0.087	64	3.73242690622	0.195888436256	-44.6612175467
glutamine	145.0	0.427	0.087	65	3.7531145718	0.399055824542	-10.1192343455
glutamine	145.0	0.427	0.087	66	3.77384313495	0.211966825462	28.4127378874
d-glucose-beta	145.0	0.049	0.087	0	3.1326200755	0.00196417046693	-10.2456471288
d-glucose-beta	145.0	0.049	0.087	1	3.18000789313	0.00162363201889	107.090626327
d-glucose-beta	145.0	0.049	0.087	2	3.18010918846	0.000563860719139	-38.2407534177
d-glucose-beta	145.0	0.049	0.087	3	3.1848501588	0.00182388683743	63.0460879684
d-glucose-beta	145.0	0.049	0.087	4	3.18531573708	0.000956056607987	257.271475611
d-glucose-beta	145.0	0.049	0.087	5	3.19507767206	0.00573618302537	-5.24472894605
d-glucose-beta	145.0	0.049	0.087	6	3.1961011039	0.0043657862584	130.705268147
d-glucose-beta	145.0	0.049	0.087	7	3.19817436453	0.0110318745495	-23.3353597858
d-glucose-beta	145.0	0.049	0.087	8	3.19858675256	0.0103275992347	95.964601066
d-glucose-beta	145.0	0.049	0.087	9	3.20059026149	0.144678837871	83.5206300663
d-glucose-beta	145.0	0.049	0.087	10	3.20248161417	0.0434110370011	-6.55693547476
d-glucose-beta	145.0	0.049	0.087	11	3.20521856878	0.0103856427521	24.9705620179
d-glucose-beta	145.0	0.049	0.087	12	3.20674380763	0.00131609235382	61.3683613331
d-glucose-beta	145.0	0.049	0.087	13	3.20679107353	0.000639942107619	-74.9391641155
d-glucose-beta	145.0	0.049	0.087	14	3.2115885965	0.00151513750885	23.2566641204
d-glucose-beta	145.0	0.049	0.087	15	3.21199939533	0.000800785215831	239.120051167
d-glucose-beta	145.0	0.049	0.087	16	3.22183773397	0.00431672250045	-31.164356869
d-glucose-beta	145.0	0.049	0.087	17	3.22281796337	0.00199359456394	86.3717520658
d-glucose-beta	145.0	0.049	0.087	18	3.22496277572	0.00899076621184	-46.4404904896
d-glucose-beta	145.0	0.049	0.087	19	3.22735276398	0.183334236149	4.71002208979
d-glucose-beta	145.0	0.049	0.087	20	3.22998876479	0.20523934069	-25.6945119028
d-glucose-beta	145.0	0.049	0.087	21	3.23192919491	0.0182337182331	-28.9590561555
d-glucose-beta	145.0	0.049	0.087	22	3.23409641986	0.0109016154559	-44.9229894379
d-glucose-beta	145.0	0.049	0.087	23	3.23715619294	0.00267665874995	-48.723099295
d-glucose-beta	145.0	0.049	0.087	24	3.24492635208	0.000527591202936	131.030807536
d-glucose-beta	145.0	0.049	0.087	25	3.24732303237	0.00118487140663	-70.1971595774
d-glucose-beta	145.0	0.049	0.087	26	3.25013935444	0.00042947914955	65.9744140638
d-glucose-beta	145.0	0.049	0.087	27	3.25212820118	0.00136413527087	265.396367887
d-glucose-beta	145.0	0.049	0.087	28	3.25322136226	0.0126290590927	-47.5790146982
d-glucose-beta	145.0	0.049	0.087	29	3.2563162832	0.117241904764	-42.9045866443
d-glucose-beta	145.0	0.049	0.087	30	3.25683690924	0.023859145765	-88.4698084484
d-glucose-beta	145.0	0.049	0.087	31	3.25768061993	0.0499022136645	263.790187293
d-glucose-beta	145.0	0.049	0.087	32	3.25846159829	0.00955855695168	-72.5645816421
d-glucose-beta	145.0	0.049	0.087	33	3.26094660673	0.0107625834189	256.810107773
d-glucose-beta	145.0	0.049	0.087	34	3.26403259453	0.0033034520416	239.836191479
d-glucose-beta	145.0	0.049	0.087	35	3.27183568905	0.00093043149584	88.8448804904
d-glucose-beta	145.0	0.049	0.087	36	3.27422061941	0.00100974793632	226.646539343
d-glucose-beta	145.0	0.049	0.087	37	3.27705057309	0.000575895733792	45.763989357
d-glucose-beta	145.0	0.049	0.087	38	3.27902799907	0.00107477810145	202.540765708
d-glucose-beta	145.0	0.049	0.087	39	3.29165931783	0.000413434590656	157.038036098
d-glucose-beta	145.0	0.049	0.087	40	3.29449292134	0.00105288489614	133.694228177
d-glucose-beta	145.0	0.049	0.087	41	3.29991606939	0.00269966646027	79.6399053484
d-glucose-beta	145.0	0.049	0.087	42	3.30191391454	0.000509688779676	50.6502823957
d-glucose-beta	145.0	0.049	0.087	43	3.32136533538	0.000880771524292	93.8125351513
d-glucose-beta	145.0	0.049	0.087	44	3.32468104327	0.00106971042273	-56.9011387258
d-glucose-beta	145.0	0.049	0.087	45	3.32677842701	0.00116596935448	37.2488259557
d-glucose-beta	145.0	0.049	0.087	46	3.32875786796	0.00041774566049	6.34893641574
d-glucose-beta	145.0	0.049	0.087	47	3.34851228348	0.00175855544391	-71.4687210428
d-glucose-beta	145.0	0.049	0.087	48	3.35083673764	0.0332355509738	14.0162003476
d-glucose-beta	145.0	0.049	0.087	49	3.35098650382	0.0201365900706	-60.787738984
d-glucose-beta	145.0	0.049	0.087	50	3.35148545153	0.0458270471759	197.414143115
d-glucose-beta	145.0	0.049	0.087	51	3.3516982698	0.0907635745451	157.582217987
d-glucose-beta	145.0	0.049	0.087	52	3.35400197682	0.00235113558281	225.900163962
d-glucose-beta	145.0	0.049	0.087	53	3.35836287962	0.00674922121315	62.6144854041
d-glucose-beta	145.0	0.049	0.087	54	3.36360009526	0.00840762005914	-3.81518768608
d-glucose-beta	145.0	0.049	0.087	55	3.3735340346	0.0118649114768	249.381823519
d-glucose-beta	145.0	0.049	0.087	56	3.37410548751	0.0146386215474	-82.3231485576
d-glucose-beta	145.0	0.049	0.087	57	3.37882044356	0.0285242574124	100.008702565
d-glucose-beta	145.0	0.049	0.087	58	3.38100133994	0.1008573001	-17.9782216341
d-glucose-beta	145.0	0.049	0.087	59	3.37918360309	0.00148229418796	264.390396342
d-glucose-beta	145.0	0.049	0.087	60	3.38082582981	0.108620754569	-2.22083661967
d-glucose-beta	145.0	0.049	0.087	61	3.38150951974	0.0105579060913	110.414903067
d-glucose-beta	145.0	0.049	0.087	62	3.38252936758	0.012352986035	260.769101136
d-glucose-beta	145.0	0.049	0.087	63	3.38748390218	0.0268223191415	254.124280426
d-glucose-beta	145.0	0.049	0.087	64	3.38762530186	0.0229406996193	12.9228257001
d-glucose-beta	145.0	0.049	0.087	65	3.39629590971	0.0174748525501	10.7583366408
d-glucose-beta	145.0	0.049	0.087	66	3.40083962347	0.0149813279369	-8.30716965443
d-glucose-beta	145.0	0.049	0.087	67	3.40936095489	0.131111613919	-64.4363006106
d-glucose-beta	145.0	0.049	0.087	68	3.41069941335	0.219601218637	245.093643229
d-glucose-beta	145.0	0.049	0.087	69	3.41466052916	0.00783913827528	-77.0615265357
d-glucose-beta	145.0	0.049	0.087	70	3.42581231844	0.0586494557247	40.8843547147
d-glucose-beta	145.0	0.049	0.087	71	3.42570465504	0.00735840039723	231.149720836
d-glucose-beta	145.0	0.049	0.087	72	3.42866313176	0.117159908698	-22.3514038844
d-glucose-beta	145.0	0.049	0.087	73	3.43048317446	0.00729349827532	217.06697497
d-glucose-beta	145.0	0.049	0.087	74	3.43110623736	0.0529088168954	-33.4405184038
d-glucose-beta	145.0	0.049	0.087	75	3.43362374406	0.0429736453287	-74.6699299774
d-glucose-beta	145.0	0.049	0.087	76	3.4336448874	0.035546315929	239.764567
d-glucose-beta	145.0	0.049	0.087	77	3.44167040509	0.00219668554938	-89.4826800337
d-glucose-beta	145.0	0.049	0.087	78	3.44170895941	0.00238718590677	260.080798963
d-glucose-beta	145.0	0.049	0.087	79	3.44327198085	0.0201845729374	190.832012868
d-glucose-beta	145.0	0.049	0.087	80	3.44431260567	0.0577002343648	112.981685593
d-glucose-beta	145.0	0.049	0.087	81	3.44632740709	0.202370774299	116.058579035
d-glucose-beta	145.0	0.049	0.087	82	3.45011144982	0.077594483047	66.2300001648
d-glucose-beta	145.0	0.049	0.087	83	3.45002306344	0.047904432008	98.9380408388
d-glucose-beta	145.0	0.049	0.087	84	3.44911253143	0.0120373960519	-14.2084990245
d-glucose-beta	145.0	0.049	0.087	85	3.45242067461	0.016389152449	-31.9734262355
d-glucose-beta	145.0	0.049	0.087	86	3.45393828221	0.0287393625684	117.013491981
d-glucose-beta	145.0	0.049	0.087	87	3.45512305278	0.0231582261629	56.5624251221
d-glucose-beta	145.0	0.049	0.087	88	3.45702573934	0.00067235159633	-70.4859018357
d-glucose-beta	145.0	0.049	0.087	89	3.45770337789	0.00795605353396	232.022588573
d-glucose-beta	145.0	0.049	0.087	90	3.45908447277	0.0235143243545	112.814730806
d-glucose-beta	145.0	0.049	0.087	91	3.46043162781	0.0190526590471	14.1637704469
d-glucose-beta	145.0	0.049	0.087	92	3.46249545575	0.0127662434642	168.70908168
d-glucose-beta	145.0	0.049	0.087	93	3.46981954847	0.0365516744389	42.5932190806
d-glucose-beta	145.0	0.049	0.087	94	3.47217659965	0.0086123424585	46.3107981128
d-glucose-beta	145.0	0.049	0.087	95	3.47287072261	0.0579589689868	-39.7026942753
d-glucose-beta	145.0	0.049	0.087	96	3.47541049068	0.106170374978	17.5735208429
d-glucose-beta	145.0	0.049	0.087	97	3.47567028215	0.00777877089713	180.94217328
d-glucose-beta	145.0	0.049	0.087	98	3.47578905741	0.0415172567752	-8.77575748218
d-glucose-beta	145.0	0.049	0.087	99	3.47581679318	0.00484722206564	74.1307499661
d-glucose-beta	145.0	0.049	0.087	100	3.47798774306	0.0583635382177	-43.4497958535
d-glucose-beta	145.0	0.049	0.087	101	3.47751435337	0.0238276764719	62.7544238781
d-glucose-beta	145.0	0.049	0.087	102	3.47865913902	0.0693139459704	-17.0153521827
d-glucose-beta	145.0	0.049	0.087	103	3.47882484752	0.0768830118659	235.092910677
d-glucose-beta	145.0	0.049	0.087	104	3.48051211142	0.00527568500498	9.39226031398
d-glucose-beta	145.0	0.049	0.087	105	3.48063156153	0.00864594933627	235.882376707
d-glucose-beta	145.0	0.049	0.087	106	3.48273021298	0.0230187258945	-63.1001906521
d-glucose-beta	145.0	0.049	0.087	107	3.50538475282	0.0334864230833	254.727722718
d-glucose-beta	145.0	0.049	0.087	108	3.50624132154	0.0453248839433	161.465669867
d-glucose-beta	145.0	0.049	0.087	109	3.50795571168	0.109732557677	205.064787675
d-glucose-beta	145.0	0.049	0.087	110	3.52428705686	0.00227869128297	128.462474201
d-glucose-beta	145.0	0.049	0.087	111	3.52912919196	0.00243071014891	88.9296709575
d-glucose-beta	145.0	0.049	0.087	112	3.54032952749	0.00172096529463	27.4765659185
d-glucose-beta	145.0	0.049	0.087	113	3.54544851564	0.00132196486369	1.8474560212
d-glucose-beta	145.0	0.049	0.087	114	3.55307842638	0.000451767825978	-9.93649320208
d-glucose-beta	145.0	0.049	0.087	115	3.55792032991	0.00106421566832	26.0828257601
d-glucose-beta	145.0	0.049	0.087	116	3.56905100586	0.00170640293551	-42.0950784751
d-glucose-beta	145.0	0.049	0.087	117	3.57414544683	0.00142091145906	260.806164299
d-glucose-beta	145.0	0.049	0.087	118	3.59573642752	0.00224778893169	258.253610268
d-glucose-beta	145.0	0.049	0.087	119	3.62418871743	0.000936831222141	31.2544737617
d-glucose-beta	145.0	0.049	0.087	120	3.64220608719	0.00311703416566	-61.6165231158
d-glucose-beta	145.0	0.049	0.087	121	3.67020533901	0.00209712366596	110.873532375
d-glucose-beta	145.0	0.049	0.087	122	3.67116236502	0.00185006358462	170.069181137
d-glucose-beta	145.0	0.049	0.087	123	3.67294934067	0.0362028664819	71.7052199686
d-glucose-beta	145.0	0.049	0.087	124	3.67550020825	0.123695752739	86.2065399415
d-glucose-beta	145.0	0.049	0.087	125	3.67578675165	0.0113168096525	250.727816641
d-glucose-beta	145.0	0.049	0.087	126	3.67945115157	0.0186077622338	94.7418767475
d-glucose-beta	145.0	0.049	0.087	127	3.68861396985	0.00493447463677	-44.5973739498
d-glucose-beta	145.0	0.049	0.087	128	3.68980266701	0.00171840398996	32.9073106903
d-glucose-beta	145.0	0.049	0.087	129	3.69281612942	0.0909713992355	183.531767037
d-glucose-beta	145.0	0.049	0.087	130	3.69261485457	0.0134480852404	-32.01887654
d-glucose-beta	145.0	0.049	0.087	131	3.69458822897	0.00941235179141	-30.9733950569
d-glucose-beta	145.0	0.049	0.087	132	3.69721041257	0.0118528914277	178.188843234
d-glucose-beta	145.0	0.049	0.087	133	3.71136192966	0.0158729100217	143.108857366
d-glucose-beta	145.0	0.049	0.087	134	3.71718442235	0.135289706722	128.746230688
d-glucose-beta	145.0	0.049	0.087	135	3.71719638378	0.0473794641724	18.1415287089
d-glucose-beta	145.0	0.049	0.087	136	3.71942830203	0.0135429539685	89.4800433201
d-glucose-beta	145.0	0.049	0.087	137	3.73336022995	0.0342125502931	50.0321418168
d-glucose-beta	145.0	0.049	0.087	138	3.73315308601	0.0674904413771	-77.3277682817
d-glucose-beta	145.0	0.049	0.087	139	3.73434585454	0.125510851493	256.837099488
d-glucose-beta	145.0	0.049	0.087	140	3.73828899773	0.00641364598151	21.1927710807
d-glucose-beta	145.0	0.049	0.087	141	3.7415113489	0.0130081718097	251.370547009
d-glucose-beta	145.0	0.049	0.087	142	3.78101422855	0.000852713026394	-3.71810180612
d-glucose-beta	145.0	0.049	0.087	143	3.80864373428	0.000414415280228	135.612527433
d-glucose-beta	145.0	0.049	0.087	144	3.85598398635	0.00790396741443	23.1046347602
d-glucose-beta	145.0	0.049	0.087	145	3.85788328846	0.00957827301329	38.0968619647
d-glucose-beta	145.0	0.049	0.087	146	3.86109887103	0.158536144302	-1.67058645687
d-glucose-beta	145.0	0.049	0.087	147	3.86121013506	0.0967517144971	-28.2425396373
d-glucose-beta	145.0	0.049	0.087	148	3.86381090268	0.0948705575019	-38.4098130388
d-glucose-beta	145.0	0.049	0.087	149	3.86641367772	0.210521729737	-80.2640547843
d-glucose-beta	145.0	0.049	0.087	150	3.86950481108	0.00876752788192	-71.7659441102
d-glucose-beta	145.0	0.049	0.087	151	3.87183246401	0.00632138326477	248.602347553
d-glucose-beta	145.0	0.049	0.087	152	3.9025487307	0.196649282704	67.1488898879
d-glucose-beta	145.0	0.049	0.087	153	3.90767299079	0.17712453997	4.57395833646
d-glucose-beta	145.0	0.049	0.087	154	4.61672217674	0.450946702818	204.443026158
d-glucose-beta	145.0	0.049	0.087	155	4.64353870607	0.50885980888	154.108121306
glutathione_glycine	145.0	0.194	0.087	0	3.769	1.99028570858	-8.63700671185
glycine	145.0	0.068	0.087	0	3.548	1.99185788276	-8.81334265031
glutathione_cysteine	145.0	0.194	0.087	0	2.88158786835	0.126912595799	58.0685615216
glutathione_cysteine	145.0	0.194	0.087	1	2.90438113802	0.0727179238646	106.771203806
glutathione_cysteine	145.0	0.194	0.087	2	2.92889438817	0.320058078545	42.9192315462
glutathione_cysteine	145.0	0.194	0.087	3	2.95168765785	0.443324823192	83.9392092576
glutathione_cysteine	145.0	0.194	0.087	4	2.95222786887	0.340897288626	263.092594373
glutathione_cysteine	145.0	0.194	0.087	5	2.96913681216	0.42236583933	-29.0819527963
glutathione_cysteine	145.0	0.194	0.087	6	2.9995343887	0.119076627604	249.632014132
glutathione_cysteine	145.0	0.194	0.087	7	3.01644333198	0.0785289671701	-52.3359064728
glutathione_cysteine	145.0	0.194	0.087	8	4.54107552999	0.280100141341	-52.998313191
glutathione_cysteine	145.0	0.194	0.087	9	4.55798447328	0.226654999302	5.44097847324
glutathione_cysteine	145.0	0.194	0.087	10	4.56386879967	0.223385176634	-17.7225230026
glutathione_cysteine	145.0	0.194	0.087	11	4.58077774296	0.24508392769	57.2890957266
glutathione_glutamate	145.0	0.194	0.087	0	2.06336829863	0.00875596670146	-20.5143357465
glutathione_glutamate	145.0	0.194	0.087	1	2.08480357034	0.00751764598025	17.9754838595
glutathione_glutamate	145.0	0.194	0.087	2	2.08810818058	0.0163735533608	-29.2255289414
glutathione_glutamate	145.0	0.194	0.087	3	2.10958339682	0.0156637649403	-13.0989390866
glutathione_glutamate	145.0	0.194	0.087	4	2.11281857509	0.0099004700305	-57.5963319485
glutathione_glutamate	145.0	0.194	0.087	5	2.11536997153	0.0676332408849	232.64067035
glutathione_glutamate	145.0	0.194	0.087	6	2.11861561635	0.066830527375	204.268348031
glutathione_glutamate	145.0	0.194	0.087	7	2.13432941101	0.012243187625	-25.5896140174
glutathione_glutamate	145.0	0.194	0.087	8	2.13679450303	0.0184292626914	219.863719024
glutathione_glutamate	145.0	0.194	0.087	9	2.14041008319	0.150514875875	192.743701777
glutathione_glutamate	145.0	0.194	0.087	10	2.14268703687	0.0285337819154	173.380159421
glutathione_glutamate	145.0	0.194	0.087	11	2.16147383541	0.0422785730363	244.843823167
glutathione_glutamate	145.0	0.194	0.087	12	2.16240310417	0.026436619701	182.242211807
glutathione_glutamate	145.0	0.194	0.087	13	2.16474208004	0.0874750402865	158.976719097
glutathione_glutamate	145.0	0.194	0.087	14	2.17061728925	0.00899349768817	99.6965288733
glutathione_glutamate	145.0	0.194	0.087	15	2.18632082405	0.140929441334	232.534663623
glutathione_glutamate	145.0	0.194	0.087	16	2.1925124602	0.0116791995733	102.248948099
glutathione_glutamate	145.0	0.194	0.087	17	2.19480388619	0.00965569480465	73.1335108841
glutathione_glutamate	145.0	0.194	0.087	18	2.21425298712	0.00603331662506	97.1084073567
glutathione_glutamate	145.0	0.194	0.087	19	2.21656845985	0.0217026373099	73.0605343288
glutathione_glutamate	145.0	0.194	0.087	20	2.23832992615	0.0129892737049	93.2782309345
glutathione_glutamate	145.0	0.194	0.087	21	2.4489628658	0.0464160694195	-15.1176962349
glutathione_glutamate	145.0	0.194	0.087	22	2.47132761925	0.0529598568283	-15.8111634018
glutathione_glutamate	145.0	0.194	0.087	23	2.47337929333	0.0419524728194	-16.0064163962
glutathione_glutamate	145.0	0.194	0.087	24	2.49587837857	0.0401186411183	-33.3307648224
glutathione_glutamate	145.0	0.194	0.087	25	2.5024271301	0.185971018061	239.939001321
glutathione_glutamate	145.0	0.194	0.087	26	2.52109116809	0.213955805861	182.01508822
glutathione_glutamate	145.0	0.194	0.087	27	2.52487856222	0.16599022661	232.402476937
glutathione_glutamate	145.0	0.194	0.087	28	2.52676422579	0.16438171089	231.630158314
glutathione_glutamate	145.0	0.194	0.087	29	2.545687782	0.316278154271	167.196488491
glutathione_glutamate	145.0	0.194	0.087	30	2.54935533015	0.162090583373	210.535785252
glutathione_glutamate	145.0	0.194	0.087	31	2.5701906204	0.157294372801	150.392990364
glutathione_glutamate	145.0	0.194	0.087	32	2.57454758196	0.0506965614026	74.091877848
glutathione_glutamate	145.0	0.194	0.087	33	2.59913223012	0.0907154008269	53.8328160213
glutathione_glutamate	145.0	0.194	0.087	34	2.62366515077	0.0451578150653	46.6200975656
glutathione_glutamate	145.0	0.194	0.087	35	3.74782379073	0.250652903355	-40.9876601353
glutathione_glutamate	145.0	0.194	0.087	36	3.76913324349	0.458743525957	-8.14564400326
glutathione_glutamate	145.0	0.194	0.087	37	3.7904666037	0.239502245844	21.2520628007
gpc_N(CH3)3_a	145.0	0.097	0.121	0	3.2100818801	1.33061553101	-5.89190076013
gpc_N(CH3)3_a	145.0	0.097	0.121	1	3.21199956051	0.20175077579	168.004931206
gpc_N(CH3)3_a	145.0	0.097	0.121	2	3.2119995609	0.223077888708	-39.6285087439
gpc_N(CH3)3_a	145.0	0.097	0.121	3	3.2119995607	0.126443200914	149.961909557
gpc_N(CH3)3_a	145.0	0.097	0.121	4	3.21199956096	0.0810214088107	1.78415493876
gpc_N(CH3)3_a	145.0	0.097	0.121	5	3.21199956096	0.0333299733459	69.7560166294
gpc_N(CH3)3_a	145.0	0.097	0.121	6	3.21199956136	0.0573384350071	257.089814383
gpc_N(CH3)3_a	145.0	0.097	0.121	7	3.21391742975	0.0718565827289	-55.1198740029
gpc_N(CH3)3_a	145.0	0.097	0.121	8	3.21391792727	0.124441440657	237.013244348
gpc_N(CH3)3_a	145.0	0.097	0.121	9	3.21391800738	0.0970328460843	258.419508869
gpc_N(CH3)3_a	145.0	0.097	0.121	10	3.21391788514	0.0314756257263	105.482610192
gpc_N(CH3)3_a	145.0	0.097	0.121	11	3.2139179003	0.0352409827193	4.96956278553
gpc_7-CH2_8-CH2	145.0	0.097	0.087	0	3.64368607948	0.419525772759	219.603604068
gpc_7-CH2_8-CH2	145.0	0.097	0.087	1	3.64350840162	0.0339936935472	86.7184283898
gpc_7-CH2_8-CH2	145.0	0.097	0.087	2	3.65425536987	0.202159463635	61.6967206991
gpc_7-CH2_8-CH2	145.0	0.097	0.087	3	3.654252535	0.00223629558517	253.014123032
gpc_7-CH2_8-CH2	145.0	0.097	0.087	4	3.65425836579	0.00424932558723	173.966724469
gpc_7-CH2_8-CH2	145.0	0.097	0.087	5	3.65859989549	0.406810524474	-6.66108976102
gpc_7-CH2_8-CH2	145.0	0.097	0.087	6	3.65868876442	0.0199452433657	121.13699402
gpc_7-CH2_8-CH2	145.0	0.097	0.087	7	3.66367670022	0.218910139129	-78.7481268072
gpc_7-CH2_8-CH2	145.0	0.097	0.087	8	3.6636737941	0.00804418607918	148.185911744
gpc_7-CH2_8-CH2	145.0	0.097	0.087	9	3.67392927533	0.411230297791	120.305839753
gpc_7-CH2_8-CH2	145.0	0.097	0.087	10	3.67406326828	0.209638116852	111.284849136
gpc_7-CH2_8-CH2	145.0	0.097	0.087	11	3.6740962265	0.0192811675902	-35.5930350204
gpc_7-CH2_8-CH2	145.0	0.097	0.087	12	3.72172131336	0.00125175094267	122.751711889
gpc_7-CH2_8-CH2	145.0	0.097	0.087	13	4.25043423145	0.00227773781088	-80.8316977881
gpc_7-CH2_8-CH2	145.0	0.097	0.087	14	4.27796233054	0.0727814979413	225.111884918
gpc_7-CH2_8-CH2	145.0	0.097	0.087	15	4.28692887138	0.0766301942709	225.410424213
gpc_7-CH2_8-CH2	145.0	0.097	0.087	16	4.28818766407	0.0426516471042	65.9733070872
gpc_7-CH2_8-CH2	145.0	0.097	0.087	17	4.29332207865	0.0839354882151	-9.03237542122
gpc_7-CH2_8-CH2	145.0	0.097	0.087	18	4.29590446595	0.0813256500365	226.166378231
gpc_7-CH2_8-CH2	145.0	0.097	0.087	19	4.29754075433	0.0622280252353	66.9923620803
gpc_7-CH2_8-CH2	145.0	0.097	0.087	20	4.29767624652	0.0471938452893	-69.702818581
gpc_7-CH2_8-CH2	145.0	0.097	0.087	21	4.30227826129	0.0835034530167	-7.81372282797
gpc_7-CH2_8-CH2	145.0	0.097	0.087	22	4.30615438911	0.0425922317277	66.2103291782
gpc_7-CH2_8-CH2	145.0	0.097	0.087	23	4.30658673879	0.0401367229122	-74.1211968467
gpc_7-CH2_8-CH2	145.0	0.097	0.087	24	4.30718712047	0.0872778156027	227.479535782
gpc_7-CH2_8-CH2	145.0	0.097	0.087	25	4.30818414342	0.0811603662531	128.161900792
gpc_7-CH2_8-CH2	145.0	0.097	0.087	26	4.30847592693	0.0156473408201	34.1498524008
gpc_7-CH2_8-CH2	145.0	0.097	0.087	27	4.30847594366	0.0132253579758	-46.2920158681
gpc_7-CH2_8-CH2	145.0	0.097	0.087	28	4.31123811185	0.0826349620988	-6.50117225723
gpc_7-CH2_8-CH2	145.0	0.097	0.087	29	4.31369550073	0.0149864486841	205.199581909
gpc_7-CH2_8-CH2	145.0	0.097	0.087	30	4.31557564822	0.0402149136603	-74.2050933154
gpc_7-CH2_8-CH2	145.0	0.097	0.087	31	4.31616495688	0.091111205697	228.656254159
gpc_7-CH2_8-CH2	145.0	0.097	0.087	32	4.31723604724	0.0898064191689	124.42924701
gpc_7-CH2_8-CH2	145.0	0.097	0.087	33	4.31753225504	0.0515227794762	70.8178456334
gpc_7-CH2_8-CH2	145.0	0.097	0.087	34	4.31789718603	0.00378503715699	-76.9745116327
gpc_7-CH2_8-CH2	145.0	0.097	0.087	35	4.32249525232	0.0799493171134	-4.86642535521
gpc_7-CH2_8-CH2	145.0	0.097	0.087	36	4.32615059932	0.0801758457193	128.029635737
gpc_7-CH2_8-CH2	145.0	0.097	0.087	37	4.32644270595	0.0421738235756	68.000719819
gpc_7-CH2_8-CH2	145.0	0.097	0.087	38	4.32687501785	0.0404308182719	-74.9114458204
gpc_7-CH2_8-CH2	145.0	0.097	0.087	39	4.32838785424	0.0159834672014	9.39189172758
gpc_7-CH2_8-CH2	145.0	0.097	0.087	40	4.33144807609	0.0762883111848	-3.58204786525
gpc_7-CH2_8-CH2	145.0	0.097	0.087	41	4.33586397748	0.0406842728642	-75.9111427389
gpc_7-CH2_8-CH2	145.0	0.097	0.087	42	4.33745090685	0.0796349759181	126.28429893
gpc_7-CH2_8-CH2	145.0	0.097	0.087	43	4.34644110557	0.0794598072611	124.124439845
gpc_N(CH3)3_b	145.0	0.097	0.121	0	3.21008187989	1.66330949152	-5.89189957421
gpc_N(CH3)3_b	145.0	0.097	0.121	1	3.21199956097	0.158054601489	174.291401403
gpc_N(CH3)3_b	145.0	0.097	0.121	2	3.21199956079	0.347533966709	-0.444821233264
gpc_N(CH3)3_b	145.0	0.097	0.121	3	3.21199956069	0.0922331000293	66.4729354233
gpc_N(CH3)3_b	145.0	0.097	0.121	4	3.2119995608	0.0583614492869	217.948263131
gpc_N(CH3)3_b	145.0	0.097	0.121	5	3.21199956091	0.208189903407	-5.51234482349
gpc_N(CH3)3_b	145.0	0.097	0.121	6	3.21199956127	0.112655580382	151.403021797
gpc_N(CH3)3_b	145.0	0.097	0.121	7	3.21199956087	0.0295731661748	-79.0451355963
gpc_N(CH3)3_b	145.0	0.097	0.121	8	3.21391765065	0.561250026961	-4.25148065222
gpc_N(CH3)3_b	145.0	0.097	0.121	9	3.21391773634	0.472870331358	-17.7724451264
gpc_N(CH3)3_b	145.0	0.097	0.121	10	3.2139178655	0.0520143311124	163.64656301
gpc_N(CH3)3_b	145.0	0.097	0.121	11	3.21391818726	0.105024347663	122.069970036
gpc_N(CH3)3_b	145.0	0.097	0.121	12	3.21391794706	0.223107531623	7.60816069151
gpc_N(CH3)3_b	145.0	0.097	0.121	13	3.2139181199	0.00740167496407	236.992692354
gpc_glycerol	145.0	0.097	0.087	0	3.54638811193	0.00203421661481	120.284712082
gpc_glycerol	145.0	0.097	0.087	1	3.56196719561	0.0462487476029	77.6589757635
gpc_glycerol	145.0	0.097	0.087	2	3.56463347212	0.0173192677258	52.2329863442
gpc_glycerol	145.0	0.097	0.087	3	3.56574445655	0.00292488241713	184.965584685
gpc_glycerol	145.0	0.097	0.087	4	3.5698110646	0.00225039627631	254.109546719
gpc_glycerol	145.0	0.097	0.087	5	3.57049486335	0.0112862267708	-84.9462726355
gpc_glycerol	145.0	0.097	0.087	6	3.57288117716	0.0175222416226	-25.2990793398
gpc_glycerol	145.0	0.097	0.087	7	3.57336044135	0.00849379268355	40.1875712466
gpc_glycerol	145.0	0.097	0.087	8	3.57771069694	0.0172107108077	-81.9249572261
gpc_glycerol	145.0	0.097	0.087	9	3.57849802279	0.0106996526718	266.984022649
gpc_glycerol	145.0	0.097	0.087	10	3.58107823257	0.0155003226341	265.777603974
gpc_glycerol	145.0	0.097	0.087	11	3.58122721099	0.0289318197208	196.97076799
gpc_glycerol	145.0	0.097	0.087	12	3.58128351126	0.00596776105637	63.0192503518
gpc_glycerol	145.0	0.097	0.087	13	3.58297543498	0.00150269776786	144.504090965
gpc_glycerol	145.0	0.097	0.087	14	3.59420207348	0.00200535553826	80.5136120879
gpc_glycerol	145.0	0.097	0.087	15	3.59475643238	0.00680387953226	238.210775795
gpc_glycerol	145.0	0.097	0.087	16	3.59631203502	0.00262141658442	-42.2003906605
gpc_glycerol	145.0	0.097	0.087	17	3.59678339401	0.00147222925998	167.228457025
gpc_glycerol	145.0	0.097	0.087	18	3.61164789217	0.0907038450762	80.6825682752
gpc_glycerol	145.0	0.097	0.087	19	3.61168545599	0.00880701386484	223.409369904
gpc_glycerol	145.0	0.097	0.087	20	3.61351022951	0.00594691020956	113.730075988
gpc_glycerol	145.0	0.097	0.087	21	3.61724479274	0.046846728835	-19.8707034608
gpc_glycerol	145.0	0.097	0.087	22	3.61746620722	0.00710561406884	41.5670592867
gpc_glycerol	145.0	0.097	0.087	23	3.61942412374	0.00113814741572	44.4413419741
gpc_glycerol	145.0	0.097	0.087	24	3.62483973669	0.0399167740911	-54.184816706
gpc_glycerol	145.0	0.097	0.087	25	3.62612395938	0.0403763600212	189.458040915
gpc_glycerol	145.0	0.097	0.087	26	3.62910816806	0.00443017156243	178.62399696
gpc_glycerol	145.0	0.097	0.087	27	3.62946196858	0.0130767996631	-68.8390733334
gpc_glycerol	145.0	0.097	0.087	28	3.63078424402	0.0411284973059	206.591897097
gpc_glycerol	145.0	0.097	0.087	29	3.63098156124	0.04172581184	132.868949346
gpc_glycerol	145.0	0.097	0.087	30	3.63312277017	0.00212672281519	240.246458745
gpc_glycerol	145.0	0.097	0.087	31	3.64650931071	0.00351487173942	251.918714558
gpc_glycerol	145.0	0.097	0.087	32	3.64749587004	0.0796358312247	145.552364263
gpc_glycerol	145.0	0.097	0.087	33	3.64751896874	0.0210030702024	-88.1428300239
gpc_glycerol	145.0	0.097	0.087	34	3.64773613833	0.0117011557159	31.1887667066
gpc_glycerol	145.0	0.097	0.087	35	3.64933404729	0.0389913662934	133.42689816
gpc_glycerol	145.0	0.097	0.087	36	3.6507524004	0.007898829985	75.9579802992
gpc_glycerol	145.0	0.097	0.087	37	3.65303739627	0.00825608087831	131.3940245
gpc_glycerol	145.0	0.097	0.087	38	3.6535081215	0.0344076124205	-10.560195246
gpc_glycerol	145.0	0.097	0.087	39	3.6568299803	0.029641754029	56.6861217217
gpc_glycerol	145.0	0.097	0.087	40	3.65713142765	0.00905182824087	202.376893157
gpc_glycerol	145.0	0.097	0.087	41	3.65964296259	0.0044070358499	173.819678758
gpc_glycerol	145.0	0.097	0.087	42	3.66070475461	0.0360368262646	-11.9667611358
gpc_glycerol	145.0	0.097	0.087	43	3.66262349048	0.0259109223104	186.491524478
gpc_glycerol	145.0	0.097	0.087	44	3.66275184329	0.101136682003	-71.1123264591
gpc_glycerol	145.0	0.097	0.087	45	3.67742925072	0.00533305316667	192.575496284
gpc_glycerol	145.0	0.097	0.087	46	3.67991874377	0.00745349749353	118.257494066
gpc_glycerol	145.0	0.097	0.087	47	3.67958304443	0.00189194984086	-61.205250904
gpc_glycerol	145.0	0.097	0.087	48	3.68128719493	0.00343711795097	-1.16834934252
gpc_glycerol	145.0	0.097	0.087	49	3.69394325096	0.00150617524934	-59.0189661592
gpc_glycerol	145.0	0.097	0.087	50	3.69717606933	0.0416168180543	161.290841687
gpc_glycerol	145.0	0.097	0.087	51	3.69720695609	0.0221401388141	132.073319665
gpc_glycerol	145.0	0.097	0.087	52	3.69851817336	0.00546625323038	227.242193247
gpc_glycerol	145.0	0.097	0.087	53	3.70064618949	0.0083345546082	72.6655895552
gpc_glycerol	145.0	0.097	0.087	54	3.70203707601	0.0195365265737	34.4990280391
gpc_glycerol	145.0	0.097	0.087	55	3.70709486346	0.0123731113885	21.3488845931
gpc_glycerol	145.0	0.097	0.087	56	3.70913721753	0.0161825489774	-81.3070830858
gpc_glycerol	145.0	0.097	0.087	57	3.71200837816	0.0153050789886	140.657978794
gpc_glycerol	145.0	0.097	0.087	58	3.71238978539	0.0130747812865	112.020809649
gpc_glycerol	145.0	0.097	0.087	59	3.71232031878	0.00885919664032	-55.4436844518
gpc_glycerol	145.0	0.097	0.087	60	3.71249505971	0.0188772743675	249.946249054
gpc_glycerol	145.0	0.097	0.087	61	3.72996629265	0.00358723671	99.2763502218
gpc_glycerol	145.0	0.097	0.087	62	3.73115860764	0.00297073520455	-39.0768667121
gpc_glycerol	145.0	0.097	0.087	63	3.74500470696	0.00104088815591	151.206024235
gpc_glycerol	145.0	0.097	0.087	64	3.79209022585	0.00369448948703	5.72184916831
gpc_glycerol	145.0	0.097	0.087	65	3.80401456621	0.00605037987832	142.522732605
gpc_glycerol	145.0	0.097	0.087	66	3.80650602466	0.00784752313535	130.053545245
gpc_glycerol	145.0	0.097	0.087	67	3.81155354505	0.000922806381274	25.8254445035
gpc_glycerol	145.0	0.097	0.087	68	3.81246118215	0.0147581490513	-37.6078305781
gpc_glycerol	145.0	0.097	0.087	69	3.8219021502	0.00894174527372	226.924073533
gpc_glycerol	145.0	0.097	0.087	70	3.8236775389	0.00290892807443	191.339871992
gpc_glycerol	145.0	0.097	0.087	71	3.82533546253	0.0150609554973	157.025238678
gpc_glycerol	145.0	0.097	0.087	72	3.826891376	0.0128995703574	162.076035996
gpc_glycerol	145.0	0.097	0.087	73	3.83616839228	0.0082655749124	8.80735141632
gpc_glycerol	145.0	0.097	0.087	74	3.83737950676	0.0703948264494	252.495087858
gpc_glycerol	145.0	0.097	0.087	75	3.84107198959	0.0136307881943	130.260406252
gpc_glycerol	145.0	0.097	0.087	76	3.84208833958	0.00484108581055	-51.0805336483
gpc_glycerol	145.0	0.097	0.087	77	3.84532177124	0.00208011896607	-6.51106641937
gpc_glycerol	145.0	0.097	0.087	78	3.85718276851	0.0107314692573	226.507456914
gpc_glycerol	145.0	0.097	0.087	79	3.85737801316	0.00603131731764	88.6334593757
gpc_glycerol	145.0	0.097	0.087	80	3.85760980185	0.0154970015707	-59.4032515899
gpc_glycerol	145.0	0.097	0.087	81	3.86301562307	0.0272754439535	143.514423152
gpc_glycerol	145.0	0.097	0.087	82	3.86362325475	0.00491899709906	25.7807174296
gpc_glycerol	145.0	0.097	0.087	83	3.86559070039	0.0320015482268	101.364598593
gpc_glycerol	145.0	0.097	0.087	84	3.87259474796	0.0439096374408	11.4023329017
gpc_glycerol	145.0	0.097	0.087	85	3.87429672482	0.0684579728311	251.23009409
gpc_glycerol	145.0	0.097	0.087	86	3.87711040454	0.00178958060627	181.308792042
gpc_glycerol	145.0	0.097	0.087	87	3.88014930752	0.0627539847316	1.15002073308
gpc_glycerol	145.0	0.097	0.087	88	3.88053700844	0.0170791160264	147.478826045
gpc_glycerol	145.0	0.097	0.087	89	3.88267873654	0.0111352601342	-16.8151545096
gpc_glycerol	145.0	0.097	0.087	90	3.88504855277	0.0379718508534	-88.3357659558
gpc_glycerol	145.0	0.097	0.087	91	3.88542453394	0.0117662519362	26.4976734993
gpc_glycerol	145.0	0.097	0.087	92	3.89015485955	0.0634494656608	211.699796119
gpc_glycerol	145.0	0.097	0.087	93	3.89034115273	0.0429783283772	32.5839911218
gpc_glycerol	145.0	0.097	0.087	94	3.89253276981	0.0100461037347	-50.4777866456
gpc_glycerol	145.0	0.097	0.087	95	3.89332608754	0.0603836214993	204.255633427
gpc_glycerol	145.0	0.097	0.087	96	3.8942345848	0.0642950239329	-43.5068811274
gpc_glycerol	145.0	0.097	0.087	97	3.89504430475	0.0107510404672	136.032513496
gpc_glycerol	145.0	0.097	0.087	98	3.89546617716	0.00519525502311	26.7363537975
gpc_glycerol	145.0	0.097	0.087	99	3.89595799836	0.0376572422698	-29.2638705748
gpc_glycerol	145.0	0.097	0.087	100	3.89821850678	0.00978035627964	-52.3829476355
gpc_glycerol	145.0	0.097	0.087	101	3.90013588706	0.0430615223507	10.9875550853
gpc_glycerol	145.0	0.097	0.087	102	3.90037086496	0.0367584217235	-80.2091221262
gpc_glycerol	145.0	0.097	0.087	103	3.90214892106	0.00332790458457	135.367528144
gpc_glycerol	145.0	0.097	0.087	104	3.9023873163	0.0521187186599	-40.2448601488
gpc_glycerol	145.0	0.097	0.087	105	3.90383623808	0.00638298486765	90.7330321503
gpc_glycerol	145.0	0.097	0.087	106	3.90413724061	0.0210307718654	-0.380997959666
gpc_glycerol	145.0	0.097	0.087	107	3.90438530917	0.0184913723913	251.782222388
gpc_glycerol	145.0	0.097	0.087	108	3.90665754566	0.0321614023396	59.1093336226
gpc_glycerol	145.0	0.097	0.087	109	3.90801031229	0.0146594582867	-47.6621865042
gpc_glycerol	145.0	0.097	0.087	110	3.90965106595	0.0205984689309	-1.87563793431
gpc_glycerol	145.0	0.097	0.087	111	3.91105194497	0.00631242004342	69.9917814297
gpc_glycerol	145.0	0.097	0.087	112	3.91221973518	0.0494910353934	145.595834138
gpc_glycerol	145.0	0.097	0.087	113	3.91411700182	0.00376307029925	-74.874870833
gpc_glycerol	145.0	0.097	0.087	114	3.91467338455	0.0641477285928	123.777082954
gpc_glycerol	145.0	0.097	0.087	115	3.91632072121	0.0209433585781	-64.9113989437
gpc_glycerol	145.0	0.097	0.087	116	3.91668853709	0.0114733655062	101.806703116
gpc_glycerol	145.0	0.097	0.087	117	3.91948625209	0.0610432223821	60.6928115984
gpc_glycerol	145.0	0.097	0.087	118	3.92062205819	0.0609440057311	-22.866569354
gpc_glycerol	145.0	0.097	0.087	119	3.92361050553	0.0677957080316	53.8450688921
gpc_glycerol	145.0	0.097	0.087	120	3.92430452189	0.0154114562837	243.300547479
gpc_glycerol	145.0	0.097	0.087	121	3.92527810152	0.0280288064397	-70.9313003987
gpc_glycerol	145.0	0.097	0.087	122	3.92702354205	0.0160044303872	-39.4732750746
gpc_glycerol	145.0	0.097	0.087	123	3.93018278932	0.0277991624772	-77.5975917896
gpc_glycerol	145.0	0.097	0.087	124	3.93171752243	0.0357088011124	-43.1909426145
gpc_glycerol	145.0	0.097	0.087	125	3.93185977592	0.00736286870031	205.505586583
gpc_glycerol	145.0	0.097	0.087	126	3.93419986694	0.0262336906416	255.778962949
gpc_glycerol	145.0	0.097	0.087	127	3.94366086651	0.0153083699881	74.3080196489
gpc_glycerol	145.0	0.097	0.087	128	3.94432926832	0.00324769156214	18.877729067
gpc_glycerol	145.0	0.097	0.087	129	3.94772747455	0.00427594979305	59.9917150592
gpc_glycerol	145.0	0.097	0.087	130	3.94883026999	0.00409115325648	-83.7648392866
gpc_glycerol	145.0	0.097	0.087	131	3.94993119394	0.0137300042404	-12.1094462075
gpc_glycerol	145.0	0.097	0.087	132	3.95034989145	0.00433534574553	96.0430185397
gpc_glycerol	145.0	0.097	0.087	133	3.95350400826	0.00566875673053	215.618529453
gpc_glycerol	145.0	0.097	0.087	134	3.95753847857	0.00095182172382	-34.8636765456
gpc_glycerol	145.0	0.097	0.087	135	3.96073963742	0.0880951793988	85.8416441696
gpc_glycerol	145.0	0.097	0.087	136	3.96555307488	0.0139359932215	-11.1245117902
gpc_glycerol	145.0	0.097	0.087	137	3.97150501471	0.0364423363205	188.121185684
gpc_glycerol	145.0	0.097	0.087	138	3.9734376796	0.0141218818506	154.797459286
gpc_glycerol	145.0	0.097	0.087	139	3.98089816727	0.00278129903411	53.1957969412
gpc_glycerol	145.0	0.097	0.087	140	3.98093748923	0.0119688133392	215.856078953
gpc_glycerol	145.0	0.097	0.087	141	3.98096792734	0.0128198799131	-54.244393188
gpc_glycerol	145.0	0.097	0.087	142	3.9810178318	0.00182519478038	163.255459616
gpc_glycerol	145.0	0.097	0.087	143	3.98313880554	0.0035375982513	178.576588027
gpc_glycerol	145.0	0.097	0.087	144	3.98536453393	0.00581603453679	159.186179587
gpc_glycerol	145.0	0.097	0.087	145	3.98842450408	0.00391822047209	7.79691545291
gpc_glycerol	145.0	0.097	0.087	146	3.99085659676	0.0091188851715	19.0606871765
gpc_glycerol	145.0	0.097	0.087	147	3.99829034924	0.00377893723755	267.971907826
gpc_glycerol	145.0	0.097	0.087	148	4.00227957869	0.00891983230453	231.624319083
gpc_glycerol	145.0	0.097	0.087	149	4.00824283197	0.00527360280999	150.433228889
gpc_glycerol	145.0	0.097	0.087	150	4.0148140493	0.00112346579883	18.283584628
gpc_glycerol	145.0	0.097	0.087	151	4.01782892618	0.00286585004057	167.901261967
naa_acetyl	145.0	1.0	0.13	0	2.008	1.80542315257	38.8006370381
myoinositol	145.0	0.578	0.087	0	3.18749821518	0.00329015892286	-49.3374558382
myoinositol	145.0	0.578	0.087	1	3.18939356493	0.00103595713292	267.142985991
myoinositol	145.0	0.578	0.087	2	3.23635466564	0.158884806771	54.2734019377
myoinositol	145.0	0.578	0.087	3	3.23786812094	0.0103333240502	34.1330263564
myoinositol	145.0	0.578	0.087	4	3.26498332515	0.0746738842895	74.0315271847
myoinositol	145.0	0.578	0.087	5	3.26710946734	0.0296629728161	-79.0880693916
myoinositol	145.0	0.578	0.087	6	3.26730767956	0.0267247188789	266.562990626
myoinositol	145.0	0.578	0.087	7	3.26761616883	0.245793725621	2.06941202155
myoinositol	145.0	0.578	0.087	8	3.26990109567	0.0608707832068	-54.2690486916
myoinositol	145.0	0.578	0.087	9	3.29775068059	0.0920885193232	-72.4761441447
myoinositol	145.0	0.578	0.087	10	3.29887363113	0.208812986535	249.504329825
myoinositol	145.0	0.578	0.087	11	3.37726829128	0.00199301270422	1.07666194172
myoinositol	145.0	0.578	0.087	12	3.38674531953	0.00185273553156	-15.6211501556
myoinositol	145.0	0.578	0.087	13	3.38843798204	0.000858212412433	-64.6533716176
myoinositol	145.0	0.578	0.087	14	3.49704159251	0.212233272925	4.29037835307
myoinositol	145.0	0.578	0.087	15	3.5064065952	0.272994807807	193.464958857
myoinositol	145.0	0.578	0.087	16	3.50715655197	0.168558656838	164.766053666
myoinositol	145.0	0.578	0.087	17	3.53062772999	0.647727989977	160.54069138
myoinositol	145.0	0.578	0.087	18	3.5308972801	0.4954147745	151.845956157
myoinositol	145.0	0.578	0.087	19	3.54030482818	0.625480316582	25.3389646328
myoinositol	145.0	0.578	0.087	20	3.58591747763	0.675114222754	109.559822469
myoinositol	145.0	0.578	0.087	21	3.61682204878	0.603697021751	35.2926319471
myoinositol	145.0	0.578	0.087	22	3.61953083527	0.410198734535	-66.4230444208
myoinositol	145.0	0.578	0.087	23	3.6499217036	0.0409825368914	156.709231133
myoinositol	145.0	0.578	0.087	24	3.65061641052	0.0724679746536	242.363380889
myoinositol	145.0	0.578	0.087	25	3.6505541439	0.0191025610133	-84.9441993176
myoinositol	145.0	0.578	0.087	26	4.04428012224	0.251774884988	130.659062058
myoinositol	145.0	0.578	0.087	27	4.05389835936	0.419783535294	-4.32479954985
myoinositol	145.0	0.578	0.087	28	4.05441060146	0.0577815010183	-22.0708197819
myoinositol	145.0	0.578	0.087	29	4.06349104007	0.210772904713	211.002830491
naa_aspartate	145.0	1.0	0.069	0	2.42994701058	0.162778359234	-41.3195955993
naa_aspartate	145.0	1.0	0.069	1	2.46264928798	0.141353858739	209.616348804
naa_aspartate	145.0	1.0	0.069	2	2.4824073689	0.280040767967	211.701327486
naa_aspartate	145.0	1.0	0.069	3	2.51510946904	0.299388890279	89.8797581982
naa_aspartate	145.0	1.0	0.069	4	2.63340732039	0.285078108799	163.645372524
naa_aspartate	145.0	1.0	0.069	5	2.64673837538	0.31480478496	-49.3404724411
naa_aspartate	145.0	1.0	0.069	6	2.68586757517	0.196981717742	70.9529356367
naa_aspartate	145.0	1.0	0.069	7	2.69919861798	0.145577461079	184.926105117
naa_aspartate	145.0	1.0	0.069	8	4.33805226897	0.115939860071	144.962756923
naa_aspartate	145.0	1.0	0.069	9	4.3513830937	0.11664465738	-69.7882447045
naa_aspartate	145.0	1.0	0.069	10	4.35958461114	0.113620400833	188.080289916
naa_aspartate	145.0	1.0	0.069	11	4.3707545707	0.123918473406	31.8890371167
naa_aspartate	145.0	1.0	0.069	12	4.37291590033	0.134997545092	-33.6632779551
naa_aspartate	145.0	1.0	0.069	13	4.38408539298	0.12016209616	166.673672931
naa_aspartate	145.0	1.0	0.069	14	4.39228650928	0.124598847635	66.0352709051
naa_aspartate	145.0	1.0	0.069	15	4.40561779602	0.107879436998	199.432235105
lactate	145.0	0.039	0.087	0	1.30248420415	0.238626611589	164.245225078
lactate	145.0	0.039	0.087	1	1.32581467033	0.768149063645	-64.9484118436
lactate	145.0	0.039	0.087	2	4.06255628652	0.109497564749	169.468504607
lactate	145.0	0.039	0.087	3	4.08585994903	0.317027072021	171.901975144
lactate	145.0	0.039	0.087	4	4.10918990315	0.318836710746	174.309511774
lactate	145.0	0.039	0.087	5	4.13253700483	0.105529581647	169.336964537
naag_aspartyl	145.0	0.16	0.087	0	2.46274169543	0.119474654525	-23.0668717384
naag_aspartyl	145.0	0.16	0.087	1	2.49450147826	0.147403464185	252.279150737
naag_aspartyl	145.0	0.16	0.087	2	2.51627255614	0.293740891667	199.440863377
naag_aspartyl	145.0	0.16	0.087	3	2.54803233898	0.329590631441	94.8732511871
naag_aspartyl	145.0	0.16	0.087	4	2.68014621287	0.303365367307	173.273516947
naag_aspartyl	145.0	0.16	0.087	5	2.69524501619	0.349928250369	-56.0345607358
naag_aspartyl	145.0	0.16	0.087	6	2.73367707359	0.149341403202	62.0415542131
naag_aspartyl	145.0	0.16	0.087	7	2.7487758769	0.163731372091	139.764119812
naag_aspartyl	145.0	0.16	0.087	8	4.57372264483	0.277455774758	-11.8801371677
naag_aspartyl	145.0	0.16	0.087	9	4.58882144815	0.23471277192	113.001055482
naag_aspartyl	145.0	0.16	0.087	10	4.60548242767	0.237465229385	252.862229393
naag_aspartyl	145.0	0.16	0.087	11	4.62058123099	0.213959327975	1.84182590296
naag_glutamate	145.0	0.16	0.087	0	1.871	0.459668445843	15.7745323765
naag_glutamate	145.0	0.16	0.087	1	2.039	0.679374933231	19.7828654751
naag_glutamate	145.0	0.16	0.087	2	2.17	0.727739310804	34.8078581229
naag_glutamate	145.0	0.16	0.087	3	2.18	0.74200482044	33.2040367173
naag_glutamate	145.0	0.16	0.087	4	4.118	0.994679459514	-6.1498472721
pcho_N(CH3)3_a	145.0	0.058	0.121	0	3.2060818805	1.33035597764	-5.82351994435
pcho_N(CH3)3_a	145.0	0.058	0.121	1	3.20799956065	0.181288201554	174.686343167
pcho_N(CH3)3_a	145.0	0.058	0.121	2	3.20799956096	0.168577260484	222.774613279
pcho_N(CH3)3_a	145.0	0.058	0.121	3	3.20799956109	0.0943642018491	252.949107791
pcho_N(CH3)3_a	145.0	0.058	0.121	4	3.20799956117	0.0570903487607	25.6041032704
pcho_N(CH3)3_a	145.0	0.058	0.121	5	3.20799956155	0.0630263967976	-83.8370679562
pcho_N(CH3)3_a	145.0	0.058	0.121	6	3.20991764435	0.153347484613	-42.1257181315
pcho_N(CH3)3_a	145.0	0.058	0.121	7	3.20991747983	0.0670050142128	238.451560029
pcho_N(CH3)3_a	145.0	0.058	0.121	8	3.20991749118	0.0414924927613	215.444462969
pcho_N(CH3)3_a	145.0	0.058	0.121	9	3.20991790022	0.0686681441258	112.694177032
pcho_N(CH3)3_a	145.0	0.058	0.121	10	3.2099179003	0.0409392680031	-2.15371212828
pcho_N(CH3)3_a	145.0	0.058	0.121	11	3.2099179003	0.027624821673	79.5775882655
pcho_N(CH3)3_a	145.0	0.058	0.121	12	3.20991818544	0.0575474216285	-72.6723456881
naag_acetyl	145.0	0.16	0.13	0	2.032	1.97999625327	21.9228507467
pcr_N(CH3)	145.0	0.422	0.09	0	3.029	2.99129580619	-1.92701717446
pcr_X	145.0	0.422	0.081	0	3.93	1.99092994031	-7.95900024155
pcho_N(CH3)3_b	145.0	0.058	0.121	0	3.20608188019	1.66289904389	-5.82351495154
pcho_N(CH3)3_b	145.0	0.058	0.121	1	3.20799956115	0.18740308318	164.90054972
pcho_N(CH3)3_b	145.0	0.058	0.121	2	3.20799956098	0.334115305012	8.95201733519
pcho_N(CH3)3_b	145.0	0.058	0.121	3	3.20799956126	0.0138822140912	217.805242364
pcho_N(CH3)3_b	145.0	0.058	0.121	4	3.20799956099	0.10358087265	87.2248511889
pcho_N(CH3)3_b	145.0	0.058	0.121	5	3.20799956106	0.272981539909	13.0142009718
pcho_N(CH3)3_b	145.0	0.058	0.121	6	3.20799956123	0.14384621378	-27.4271744164
pcho_N(CH3)3_b	145.0	0.058	0.121	7	3.20991758066	0.612798998458	-6.86859266411
pcho_N(CH3)3_b	145.0	0.058	0.121	8	3.20991762731	0.0564536346711	197.493924558
pcho_N(CH3)3_b	145.0	0.058	0.121	9	3.20991786519	0.0443754063975	-82.864385198
pcho_N(CH3)3_b	145.0	0.058	0.121	10	3.20991802445	0.104611074961	117.611461121
pcho_N(CH3)3_b	145.0	0.058	0.121	11	3.20991797105	0.211081653351	2.33803039244
pcho_N(CH3)3_b	145.0	0.058	0.121	12	3.20991853327	0.0240039152663	98.9626911492
pcho_X	145.0	0.058	0.087	0	3.54205005565	0.00116744019155	3.56051847204
pcho_X	145.0	0.058	0.087	1	3.62471818992	0.404072440181	232.273961396
pcho_X	145.0	0.058	0.087	2	3.62455171624	0.0197454036418	-25.1246703987
pcho_X	145.0	0.058	0.087	3	3.62486445768	0.025968928318	-85.0345229477
pcho_X	145.0	0.058	0.087	4	3.63118606137	0.0832218597243	138.045555091
pcho_X	145.0	0.058	0.087	5	3.63118171948	0.0066173590651	-52.6995334936
pcho_X	145.0	0.058	0.087	6	3.63354006989	0.115479298024	99.9974520176
pcho_X	145.0	0.058	0.087	7	3.63354360984	0.00157432557727	-27.8305101069
pcho_X	145.0	0.058	0.087	8	3.64042926052	0.413803397592	-2.73866814299
pcho_X	145.0	0.058	0.087	9	3.63985464391	0.00958806148255	142.704259112
pcho_X	145.0	0.058	0.087	10	3.64134281994	0.00448225876895	65.2207399884
pcho_X	145.0	0.058	0.087	11	3.64823692581	0.124451236949	239.58640518
pcho_X	145.0	0.058	0.087	12	3.64823331038	0.0220729585482	88.1683422988
pcho_X	145.0	0.058	0.087	13	3.65059144305	0.106852937947	201.61412997
pcho_X	145.0	0.058	0.087	14	3.65675057369	0.380796993003	106.541004506
pcho_X	145.0	0.058	0.087	15	3.65674125427	0.0178656823511	-31.7133060972
pcho_X	145.0	0.058	0.087	16	3.73913753121	0.0020421853144	-65.4627719159
pcho_X	145.0	0.058	0.087	17	3.7391474082	0.000980582661847	198.708207165
pcho_X	145.0	0.058	0.087	18	4.16263165485	0.000720307335024	47.2706374229
pcho_X	145.0	0.058	0.087	19	4.17179708887	0.000693183402594	51.5862228545
pcho_X	145.0	0.058	0.087	20	4.18097324255	0.000626367442633	56.8236483269
pcho_X	145.0	0.058	0.087	21	4.18372970344	0.00081744193197	182.845918283
pcho_X	145.0	0.058	0.087	22	4.24503979278	0.0679263526252	240.409768106
pcho_X	145.0	0.058	0.087	23	4.25117623034	0.0184028259383	139.009546411
pcho_X	145.0	0.058	0.087	24	4.25353002872	0.0246248166452	107.438094037
pcho_X	145.0	0.058	0.087	25	4.25419941067	0.0700428534663	239.758850409
pcho_X	145.0	0.058	0.087	26	4.26034183364	0.0184064675187	138.23366154
pcho_X	145.0	0.058	0.087	27	4.26042599344	0.0300612117492	9.54394000845
pcho_X	145.0	0.058	0.087	28	4.26193398259	0.0545225240004	-26.4712643721
pcho_X	145.0	0.058	0.087	29	4.26269565333	0.0248098661034	106.881648576
pcho_X	145.0	0.058	0.087	30	4.26336546945	0.0739153273868	239.54578339
pcho_X	145.0	0.058	0.087	31	4.26596979985	0.0241174993423	244.659585401
pcho_X	145.0	0.058	0.087	32	4.26622459071	0.0177746983223	180.568608869
pcho_X	145.0	0.058	0.087	33	4.2682295992	0.0230335632215	245.68899837
pcho_X	145.0	0.058	0.087	34	4.26951916315	0.0183957286251	138.22068153
pcho_X	145.0	0.058	0.087	35	4.27055985579	0.0832844973039	-12.9927379272
pcho_X	145.0	0.058	0.087	36	4.27058339758	0.0168284995748	206.60757571
pcho_X	145.0	0.058	0.087	37	4.27187302922	0.0249267056984	106.564351801
pcho_X	145.0	0.058	0.087	38	4.27228196813	0.0073498240691	-61.4557434425
pcho_X	145.0	0.058	0.087	39	4.2746358202	0.00914814807989	-61.9296016406
pcho_X	145.0	0.058	0.087	40	4.27527595121	0.0807414051336	239.911693332
pcho_X	145.0	0.058	0.087	41	4.27705230405	0.0811403232145	112.941735847
pcho_X	145.0	0.058	0.087	42	4.27739365253	0.0230225126741	246.730827258
pcho_X	145.0	0.058	0.087	43	4.27970777735	0.0827027872603	-11.4622814223
pcho_X	145.0	0.058	0.087	44	4.27974747222	0.0166270646387	207.852774929
pcho_X	145.0	0.058	0.087	45	4.28146520293	0.0235758089395	132.825328041
pcho_X	145.0	0.058	0.087	46	4.28441545384	0.087654325054	239.908944589
pcho_X	145.0	0.058	0.087	47	4.28380142513	0.0249727012322	106.640056185
pcho_X	145.0	0.058	0.087	48	4.28621458192	0.0810693593515	114.430302601
pcho_X	145.0	0.058	0.087	49	4.28656905173	0.0230030595396	247.306990604
pcho_X	145.0	0.058	0.087	50	4.28892291781	0.0164715028633	208.911714783
pcho_X	145.0	0.058	0.087	51	4.28933355904	0.011080061177	266.927854699
pcho_X	145.0	0.058	0.087	52	4.29062489313	0.0183680886333	141.264262627
pcho_X	145.0	0.058	0.087	53	4.29156878637	0.0819351360885	-8.77842255221
pcho_X	145.0	0.058	0.087	54	4.29168741111	0.00854330982064	220.653926041
pcho_X	145.0	0.058	0.087	55	4.29297881002	0.0248456459298	107.123224549
pcho_X	145.0	0.058	0.087	56	4.29538980053	0.0806936439612	115.242496704
pcho_X	145.0	0.058	0.087	57	4.29800588064	0.00724719892694	162.83864946
pcho_X	145.0	0.058	0.087	58	4.29832482014	0.00580274522887	21.686154803
pcho_X	145.0	0.058	0.087	59	4.29849781429	0.0230195888053	247.101012573
pcho_X	145.0	0.058	0.087	60	4.30067668488	0.080094834201	-6.49376864347
pcho_X	145.0	0.058	0.087	61	4.300851686	0.0164184087856	209.627938483
pcho_X	145.0	0.058	0.087	62	4.30731821011	0.0801401986372	114.964650843
pcho_X	145.0	0.058	0.087	63	4.30767344445	0.0230079950544	246.039953517
pcho_X	145.0	0.058	0.087	64	4.31002736134	0.0165316749725	209.357611563
pcho_X	145.0	0.058	0.087	65	4.31649587207	0.0796668149884	113.647724945
taurine	145.0	0.117	0.085	0	3.2209127337	0.188082904296	-25.1460309878
taurine	145.0	0.117	0.085	1	3.22397870406	0.233661024518	-82.1313744168
taurine	145.0	0.117	0.085	2	3.24344326571	0.240631184831	13.2809671058
taurine	145.0	0.117	0.085	3	3.24589849648	0.455268058239	-6.83733502869
taurine	145.0	0.117	0.085	4	3.24772584198	0.0219024867324	-35.2247567924
taurine	145.0	0.117	0.085	5	3.26532934784	0.308750650903	3.02156804762
taurine	145.0	0.117	0.085	6	3.26768692835	0.331218117787	37.9072178839
taurine	145.0	0.117	0.085	7	3.39881286344	0.33310316813	-53.7290141792
taurine	145.0	0.117	0.085	8	3.40117086037	0.309391491555	-19.0465015726
taurine	145.0	0.117	0.085	9	3.41877394265	0.0218354882266	19.5086405459
taurine	145.0	0.117	0.085	10	3.42060153582	0.454366064977	-8.91634778036
taurine	145.0	0.117	0.085	11	3.42305564944	0.239298074093	-28.9681988309
taurine	145.0	0.117	0.085	12	3.44252147965	0.232299882065	66.5471426467
taurine	145.0	0.117	0.085	13	3.4455870826	0.186743721885	9.2082460551
peth	145.0	0.126	0.087	0	3.11672856915	0.00116571223151	133.047497371
peth	145.0	0.126	0.087	1	3.19889216131	0.430487980903	255.289367738
peth	145.0	0.126	0.087	2	3.19873012631	0.0192785825338	109.255531624
peth	145.0	0.126	0.087	3	3.20942539695	0.24321062737	99.945542496
peth	145.0	0.126	0.087	4	3.21569585247	0.397652003351	-1.51202602854
peth	145.0	0.126	0.087	5	3.21518723131	0.0156074099647	154.495660506
peth	145.0	0.126	0.087	6	3.22221953199	0.00981590103494	-77.4214554954
peth	145.0	0.126	0.087	7	3.22247281248	0.203879605886	247.981816517
peth	145.0	0.126	0.087	8	3.23267694289	0.39711839353	86.4089212027
peth	145.0	0.126	0.087	9	3.23263292238	0.0148440662502	-52.3550282291
peth	145.0	0.126	0.087	10	3.31453774467	0.000559523063565	-29.4724850801
peth	145.0	0.126	0.087	11	3.94581950109	0.0446373908429	253.575648242
peth	145.0	0.126	0.087	12	3.94611773345	0.0347619215258	-87.2548545771
peth	145.0	0.126	0.087	13	3.9475873003	0.0443961617428	253.538515141
peth	145.0	0.126	0.087	14	3.94788809612	0.0350635958364	-87.8886444566
peth	145.0	0.126	0.087	15	3.94935730274	0.0440894817179	253.501838634
peth	145.0	0.126	0.087	16	3.9496570925	0.0353410219559	-88.5870051686
peth	145.0	0.126	0.087	17	3.9561680853	0.0388016069591	99.8383209798
peth	145.0	0.126	0.087	18	3.95793794709	0.0389051452677	99.645971793
peth	145.0	0.126	0.087	19	3.95970878287	0.0389847943589	99.4659146462
peth	145.0	0.126	0.087	20	3.9634561503	0.117758608224	-14.6411459553
peth	145.0	0.126	0.087	21	3.96611901349	0.100077196687	-5.41068962164
peth	145.0	0.126	0.087	22	3.96921355803	0.043747802081	245.902128217
peth	145.0	0.126	0.087	23	3.97000103599	0.00764386152628	-3.8582836542
peth	145.0	0.126	0.087	24	3.97029284144	0.0195245362666	53.6144688731
peth	145.0	0.126	0.087	25	3.9718916398	0.167752256698	250.948017249
peth	145.0	0.126	0.087	26	3.97369124798	0.080792381985	255.548347296
peth	145.0	0.126	0.087	27	3.97981526072	0.0919001130627	89.3512280848
peth	145.0	0.126	0.087	28	3.98246271847	0.229449519781	90.5370373995
peth	145.0	0.126	0.087	29	3.98414213022	0.0214938096584	90.9859471711
peth	145.0	0.126	0.087	30	3.98674994644	0.00719134599095	225.019800838
peth	145.0	0.126	0.087	31	3.98872144779	0.100388830218	-7.79336864617
peth	145.0	0.126	0.087	32	3.99073466481	0.0830569768558	-11.3245281088
peth	145.0	0.126	0.087	33	3.99314552716	0.00447295547623	-0.7833038109
peth	145.0	0.126	0.087	34	3.99366395751	0.00948153948621	133.051259737
peth	145.0	0.126	0.087	35	3.99516548326	0.0414037021064	250.392640924
peth	145.0	0.126	0.087	36	3.996935332	0.0411982013791	250.777416985
peth	145.0	0.126	0.087	37	4.00375726558	0.0110640344217	-48.2519493947
peth	145.0	0.126	0.087	38	4.00407901361	0.0232379391427	178.754081504
peth	145.0	0.126	0.087	39	4.00568826637	0.0817391956076	94.1236774385
peth	145.0	0.126	0.087	40	4.00745670292	0.0813293786094	94.4433543764
peth	145.0	0.126	0.087	41	4.0861004598	0.000752015128792	-49.0577883454
scyllo-inositol	145.0	0.044	0.087	0	3.34	5.97551858469	-8.0090345826
lm1	145.0	1.0	0.945781	L	50.72009	3.550126	-1.138201
lm2	145.0	1.0	1.475781	L	54.12614	2.855701	0.05457026
lm3	145.0	1.0	1.705781	L	68.32043	3.90728	-0.06015777
lm4	145.0	1.0	2.115781	L	96.4358	4.719139	-0.09620739
lm5	145.0	1.0	2.315781	L	69.70896	2.784562	-0.5775946
lm6	145.0	1.0	3.015781	L	42.72932	1.01768	-0.6582785
lm7	145.0	1.0	3.9854041	L	29.64625	1.209407	0.2889715
lm8	145.0	1.0	7.125781	L	274.476	4.046641	0.3027004
lm9	145.0	1.0	7.855781	L	37.37627	1.313574	0.02022181
lm10	145.0	1.0	2.655781	L	121.4557	2.349968	-0.5826102
lm11	145.0	1.0	1.235781	L	30.68139	0.7444791	-1.138201
lm12	145.0	1.0	-0.62824	L	1789.202	21.51878	-3.652967
lm13	145.0	1.0	3.295781	L	109.4958	1.665539	0.1635756
lm14	145.0	1.0	3.705781	L	169.6304	4.873533	-1.354319
