;PINTS for FITMAN Simulation Output
;Experiment Information
;---------------------------------------------------------------------------
;Name: semi-LASER
;Created: 2018_02_26
;Comment: Density-matrix simulations of metabolites using PyGAMMA and metabolite parameters from V. Govindaraju et. al, NMR Biomed. 2000;13:129-153
;PI: bartha-olemew
;b0: 400.2
;49 Metabolites: alanine, aspartate, choline_1-CH2_2-CH2, choline_N(CH3)3_a, choline_N(CH3)3_b, creatine_N(CH3), creatine_X, d-glucose-alpha, d-glucose-beta, gaba, glutamate, glutamine, glutathione_cysteine, glutathione_glutamate, glutathione_glycine, glycine, gpc_7-CH2_8-CH2, gpc_glycerol, gpc_N(CH3)3_a, gpc_N(CH3)3_b, lactate, myoinositol, naa_acetyl, naa_aspartate, naag_acetyl, naag_aspartyl, naag_glutamate, pcho_N(CH3)3_a, pcho_N(CH3)3_b, pcho_X, pcr_N(CH3), pcr_X, peth, scyllo-inositol, taurine
;Simulation Results
;---------------------------------------------------------------------------
choline_N(CH3)3_a	20.0	0.165	0.121	0	3.18370777444	1.46282497682	-6.01581501594
choline_N(CH3)3_a	20.0	0.165	0.121	1	3.18539018917	0.258331585749	65.7658020073
choline_N(CH3)3_a	20.0	0.165	0.121	2	3.18579159691	0.391995468771	-40.3805863715
choline_N(CH3)3_a	20.0	0.165	0.121	3	3.18569577364	0.108453702543	190.051221454
choline_N(CH3)3_a	20.0	0.165	0.121	4	3.18570918017	0.107154886647	239.136164019
choline_N(CH3)3_a	20.0	0.165	0.121	5	3.18642400122	0.0876186589707	106.75292928
choline_N(CH3)3_a	20.0	0.165	0.121	6	3.18642446788	0.106398771767	-12.870524822
choline_1-CH2_2-CH2	20.0	0.165	0.087	0	3.48814445989	0.35950971301	34.2410982306
choline_1-CH2_2-CH2	20.0	0.165	0.087	1	3.4882889608	0.0393510696343	153.887354579
choline_1-CH2_2-CH2	20.0	0.165	0.087	2	3.49615934954	0.163657707562	8.07868397438
choline_1-CH2_2-CH2	20.0	0.165	0.087	3	3.49612511738	0.0237037607456	79.4099922795
choline_1-CH2_2-CH2	20.0	0.165	0.087	4	3.4961954797	0.0102145879533	181.964665939
choline_1-CH2_2-CH2	20.0	0.165	0.087	5	3.50070942819	0.328487823296	-5.57484418548
choline_1-CH2_2-CH2	20.0	0.165	0.087	6	3.50037359012	0.0192968868397	49.3225985686
choline_1-CH2_2-CH2	20.0	0.165	0.087	7	3.50105148352	0.00985417365288	221.255436424
choline_1-CH2_2-CH2	20.0	0.165	0.087	8	3.50575658261	0.169034751198	-20.4746052096
choline_1-CH2_2-CH2	20.0	0.165	0.087	9	3.50572278567	0.0237064873266	200.645143885
choline_1-CH2_2-CH2	20.0	0.165	0.087	10	3.50579314799	0.00337215000936	257.253570839
choline_1-CH2_2-CH2	20.0	0.165	0.087	11	3.51350736235	0.348631983094	-43.9650924696
choline_1-CH2_2-CH2	20.0	0.165	0.087	12	3.513546618	0.12547736393	192.929807824
choline_1-CH2_2-CH2	20.0	0.165	0.087	13	3.57141502034	0.00236060735022	-46.6084983491
choline_1-CH2_2-CH2	20.0	0.165	0.087	14	3.99014252671	0.00170735210126	146.829219096
choline_1-CH2_2-CH2	20.0	0.165	0.087	15	4.03492791655	0.174502276307	33.5353922053
choline_1-CH2_2-CH2	20.0	0.165	0.087	16	4.04187522463	0.259049536023	26.0830881941
choline_1-CH2_2-CH2	20.0	0.165	0.087	17	4.04820871115	0.276672247243	4.8704266565
choline_1-CH2_2-CH2	20.0	0.165	0.087	18	4.04816995265	0.0286815198478	178.125855523
choline_1-CH2_2-CH2	20.0	0.165	0.087	19	4.05227487026	0.081924698583	-18.2173259282
choline_1-CH2_2-CH2	20.0	0.165	0.087	20	4.05428330659	0.164352752728	-4.61836572043
choline_1-CH2_2-CH2	20.0	0.165	0.087	21	4.05576494398	0.028542133744	110.35583331
choline_1-CH2_2-CH2	20.0	0.165	0.087	22	4.0558399037	0.0194043010797	-6.34373354939
choline_1-CH2_2-CH2	20.0	0.165	0.087	23	4.05998021791	0.303274314829	-26.47446156
choline_1-CH2_2-CH2	20.0	0.165	0.087	24	4.06536261227	0.0036315309807	176.957984899
choline_1-CH2_2-CH2	20.0	0.165	0.087	25	4.06672990804	0.17312037964	-39.37762989
choline_1-CH2_2-CH2	20.0	0.165	0.087	26	4.07327315242	0.0358627920467	188.424347144
choline_1-CH2_2-CH2	20.0	0.165	0.087	27	4.07352519451	0.0450149214879	-48.8258451039
choline_1-CH2_2-CH2	20.0	0.165	0.087	28	4.13155205992	0.0020907882659	-7.63219629937
aspartate	20.0	0.117	0.087	0	2.61702904032	0.173037280426	17.981422635
aspartate	20.0	0.117	0.087	1	2.63953262834	0.221937551545	-33.207370749
aspartate	20.0	0.117	0.087	2	2.6605700074	0.328805002953	6.59290978974
aspartate	20.0	0.117	0.087	3	2.68307359543	0.260985860324	-54.2926422459
aspartate	20.0	0.117	0.087	4	2.77777297559	0.322792860183	31.4075874854
aspartate	20.0	0.117	0.087	5	2.78713619174	0.269107082591	-3.45451386967
aspartate	20.0	0.117	0.087	6	2.82131394268	0.166454257248	17.7732442531
aspartate	20.0	0.117	0.087	7	2.83067715882	0.225885187265	-22.0213246279
aspartate	20.0	0.117	0.087	8	3.87559021284	0.251808300856	43.0968496383
aspartate	20.0	0.117	0.087	9	3.88495342898	0.234625386846	4.45299212793
aspartate	20.0	0.117	0.087	10	3.89809380086	0.247174301808	-15.0231737881
aspartate	20.0	0.117	0.087	11	3.90745701701	0.246471381537	-50.5760572942
alanine	20.0	0.078	0.087	0	1.45762682393	1.43213670092	49.9050750546
alanine	20.0	0.078	0.087	1	1.47570223419	1.47020936008	-1.17556502986
alanine	20.0	0.078	0.087	2	3.74759307124	0.129623210124	70.6055658936
alanine	20.0	0.078	0.087	3	3.76566922754	0.381839682462	20.81969176
alanine	20.0	0.078	0.087	4	3.78374382242	0.366891178918	-29.9356657927
alanine	20.0	0.078	0.087	5	3.80181929416	0.118292751796	-83.0725577513
creatine_X	20.0	0.296	0.081	0	3.913	1.99461073306	-4.40245462549
creatine_N(CH3)	20.0	0.296	0.09	0	3.027	2.98830418875	-6.05912021469
d-glucose-alpha	20.0	0.049	0.087	0	3.3639511828	0.00587448552992	40.2749621709
d-glucose-alpha	20.0	0.049	0.087	1	3.37063340124	0.196777856476	26.5937683979
d-glucose-alpha	20.0	0.049	0.087	2	3.38728511517	0.00943498074879	19.9350498042
d-glucose-alpha	20.0	0.049	0.087	3	3.39418190025	0.50436335879	-7.91075641707
d-glucose-alpha	20.0	0.049	0.087	4	3.40119396125	0.0106783230698	-35.8491592897
d-glucose-alpha	20.0	0.049	0.087	5	3.41775231658	0.245432228373	-55.8525048789
d-glucose-alpha	20.0	0.049	0.087	6	3.42460498206	0.0097921515546	-80.9279462766
d-glucose-alpha	20.0	0.049	0.087	7	3.50148097811	0.208804640943	9.44366589895
d-glucose-alpha	20.0	0.049	0.087	8	3.51093417882	0.234420527127	-15.2141070222
d-glucose-alpha	20.0	0.049	0.087	9	3.52543841124	0.284555142837	-3.51904471592
d-glucose-alpha	20.0	0.049	0.087	10	3.53489262218	0.263219022476	-29.3059817922
d-glucose-alpha	20.0	0.049	0.087	11	3.67559451713	0.271732487841	27.8007622147
d-glucose-alpha	20.0	0.049	0.087	12	3.69924221054	0.523547692283	-2.6971174994
d-glucose-alpha	20.0	0.049	0.087	13	3.72126803832	0.0582613536954	-7.35860947689
d-glucose-alpha	20.0	0.049	0.087	14	3.7229030058	0.25864624087	-14.5778561837
d-glucose-alpha	20.0	0.049	0.087	15	3.72908514171	0.0199571438333	-10.0738097199
d-glucose-alpha	20.0	0.049	0.087	16	3.73778014353	0.185888026314	-7.4825827538
d-glucose-alpha	20.0	0.049	0.087	17	3.75290562435	0.263891287872	-8.11852264794
d-glucose-alpha	20.0	0.049	0.087	18	3.76131946072	0.0331788677497	-7.7274102592
d-glucose-alpha	20.0	0.049	0.087	19	3.7685775889	0.3624245884	-9.33498913303
d-glucose-alpha	20.0	0.049	0.087	20	3.80187777155	0.153695679096	21.95707506
d-glucose-alpha	20.0	0.049	0.087	21	3.80537025304	0.138646284395	24.9063156193
d-glucose-alpha	20.0	0.049	0.087	22	3.81135479421	0.179451051648	-3.40651689212
d-glucose-alpha	20.0	0.049	0.087	23	3.81460125029	0.473901726988	2.0425892837
d-glucose-alpha	20.0	0.049	0.087	24	3.81831062752	0.216277292083	16.042144902
d-glucose-alpha	20.0	0.049	0.087	25	3.82180257032	0.015455298136	49.0429931052
d-glucose-alpha	20.0	0.049	0.087	26	3.82615166231	0.149783690693	-29.5054066949
d-glucose-alpha	20.0	0.049	0.087	27	3.82992248256	0.135755420399	-28.8570877792
d-glucose-alpha	20.0	0.049	0.087	28	3.84162311546	0.290056677603	-12.9435810271
d-glucose-alpha	20.0	0.049	0.087	29	3.84537312884	0.22404158176	-11.4647317774
choline_N(CH3)3_b	20.0	0.165	0.121	0	3.18383951331	2.03417987731	-6.30179677641
choline_N(CH3)3_b	20.0	0.165	0.121	1	3.18518067339	0.0439206227884	249.341917113
choline_N(CH3)3_b	20.0	0.165	0.121	2	3.18587977476	0.493441522164	35.3622013893
choline_N(CH3)3_b	20.0	0.165	0.121	3	3.1860713006	1.06091141006	-2.1432671341
choline_N(CH3)3_b	20.0	0.165	0.121	4	3.18573291903	0.0677226577787	159.720050306
choline_N(CH3)3_b	20.0	0.165	0.121	5	3.18639817212	0.706305621242	-16.0597043314
glutamate	20.0	0.898	0.088	0	1.9866392062	0.0219038784611	39.1902788061
glutamate	20.0	0.898	0.088	1	2.00439132332	0.0683147134007	5.52518313994
glutamate	20.0	0.898	0.088	2	2.00653207093	0.0351798507848	21.7092430866
glutamate	20.0	0.898	0.088	3	2.02219702085	0.0423168671569	-30.174585626
glutamate	20.0	0.898	0.088	4	2.02364292672	0.0696440710253	36.9664943015
glutamate	20.0	0.898	0.088	5	2.02432774589	0.0864489853272	-19.9214829879
glutamate	20.0	0.898	0.088	6	2.04126038326	0.170972507002	8.61601699448
glutamate	20.0	0.898	0.088	7	2.04216940529	0.0479874267837	-62.4967030935
glutamate	20.0	0.898	0.088	8	2.0437955242	0.0885006238571	21.7358076817
glutamate	20.0	0.898	0.088	9	2.05889627584	0.0864377499155	-22.3476375243
glutamate	20.0	0.898	0.088	10	2.06143344654	0.183931868808	-14.6217235742
glutamate	20.0	0.898	0.088	11	2.0791289838	0.0823560777263	-53.5473657016
glutamate	20.0	0.898	0.088	12	2.07986320046	0.0492599284404	42.1544733055
glutamate	20.0	0.898	0.088	13	2.09175989908	0.0618963397596	1.38833453031
glutamate	20.0	0.898	0.088	14	2.09874851474	0.181550562713	23.7121969495
glutamate	20.0	0.898	0.088	15	2.11060845078	0.173139533809	-12.5817615518
glutamate	20.0	0.898	0.088	16	2.11748875451	0.133743222043	-2.031521871
glutamate	20.0	0.898	0.088	17	2.12925953166	0.122213528991	-30.7975515424
glutamate	20.0	0.898	0.088	18	2.13573167897	0.0716097673318	26.5186119551
glutamate	20.0	0.898	0.088	19	2.14757636884	0.0795025906354	-6.51950998773
glutamate	20.0	0.898	0.088	20	2.15455954413	0.0555254774247	5.82287153641
glutamate	20.0	0.898	0.088	21	2.1663574048	0.0510108584326	-29.8580436258
glutamate	20.0	0.898	0.088	22	2.28660695145	0.0109006731803	20.239995621
glutamate	20.0	0.898	0.088	23	2.30418003685	0.017151180479	-2.22083821464
glutamate	20.0	0.898	0.088	24	2.32273954734	0.00401002644697	1.17619484098
glutamate	20.0	0.898	0.088	25	2.32680284235	0.570048118619	31.8219251024
glutamate	20.0	0.898	0.088	26	2.34413860552	0.501606145073	5.86521892362
glutamate	20.0	0.898	0.088	27	2.34704229375	0.491494967752	1.31631229035
glutamate	20.0	0.898	0.088	28	2.3624109926	0.1587766379	-12.6129187811
glutamate	20.0	0.898	0.088	29	2.36637980421	0.182954291602	-10.3547806122
glutamate	20.0	0.898	0.088	30	2.3670173439	0.00960881161083	44.0461085336
glutamate	20.0	0.898	0.088	31	2.38686917336	0.0169284200769	10.2256133177
glutamate	20.0	0.898	0.088	32	2.40605122937	0.00495472018807	-14.2389043541
glutamate	20.0	0.898	0.088	33	3.72844197182	0.24844824886	35.7684354479
glutamate	20.0	0.898	0.088	34	3.74028686773	0.249214171662	0.0822322340287
glutamate	20.0	0.898	0.088	35	3.74644608938	0.240123974214	-10.9778731586
glutamate	20.0	0.898	0.088	36	3.75830478792	0.248432869118	-45.2778806367
gaba	20.0	0.155	0.082	0	1.85036466763	0.0753899059647	107.051514667
gaba	20.0	0.155	0.082	1	1.86574757648	0.0165234728369	67.2914146734
gaba	20.0	0.155	0.082	2	1.86859856191	0.363099783943	57.2681117852
gaba	20.0	0.155	0.082	3	1.87118395523	0.0415441730374	48.4674027124
gaba	20.0	0.155	0.082	4	1.87339827293	0.0121467653427	35.7688846962
gaba	20.0	0.155	0.082	5	1.8820750089	0.00338359708634	18.8345952579
gaba	20.0	0.155	0.082	6	1.88484910664	0.0953212031432	17.4413617077
gaba	20.0	0.155	0.082	7	1.88721766377	0.535516259649	10.6656499289
gaba	20.0	0.155	0.082	8	1.88894703423	0.0943200336203	4.36420995594
gaba	20.0	0.155	0.082	9	1.89123175981	0.0527791014796	1.75646394993
gaba	20.0	0.155	0.082	10	1.90209743358	0.0267544692734	-25.1396366503
gaba	20.0	0.155	0.082	11	1.90573131593	0.448296424391	-37.4131718624
gaba	20.0	0.155	0.082	12	1.90732702952	0.0478385388103	-40.2180889166
gaba	20.0	0.155	0.082	13	1.909579294	0.0299226164596	-43.145184958
gaba	20.0	0.155	0.082	14	1.92386645907	0.0703114433865	-89.5996538147
gaba	20.0	0.155	0.082	15	1.92500917117	0.0677784884742	269.191554363
gaba	20.0	0.155	0.082	16	2.26614344528	0.582943209601	46.6075140294
gaba	20.0	0.155	0.082	17	2.28440282965	1.01138547794	2.93044619469
gaba	20.0	0.155	0.082	18	2.28658940682	0.0121994988508	-4.95749281228
gaba	20.0	0.155	0.082	19	2.28968453084	0.000856072855547	16.5163254099
gaba	20.0	0.155	0.082	20	2.30274208926	0.370936569067	-38.0232507502
gaba	20.0	0.155	0.082	21	2.9944264663	0.512306241395	47.4389433945
gaba	20.0	0.155	0.082	22	3.00923993961	0.0762844008111	4.64777090098
gaba	20.0	0.155	0.082	23	3.01145742443	0.177286406826	-1.61046227607
gaba	20.0	0.155	0.082	24	3.01364963999	0.663890034426	-7.69536417026
gaba	20.0	0.155	0.082	25	3.01679912507	0.0742853650256	-16.839204852
gaba	20.0	0.155	0.082	26	3.03189475759	0.478622726238	-59.1170741913
glutamine	20.0	0.427	0.087	0	2.05181731484	0.00449846018091	54.1415049264
glutamine	20.0	0.427	0.087	1	2.06611304501	0.00195868354774	47.7378212949
glutamine	20.0	0.427	0.087	2	2.06764626481	0.00514083373803	6.04543330787
glutamine	20.0	0.427	0.087	3	2.07236985136	0.0152450928472	12.0019445958
glutamine	20.0	0.427	0.087	4	2.08808395966	0.0151777773943	-31.8616778852
glutamine	20.0	0.427	0.087	5	2.08799278582	0.0831192897128	47.6175083044
glutamine	20.0	0.427	0.087	6	2.09149686778	0.0108985358977	-21.6988885461
glutamine	20.0	0.427	0.087	7	2.0946175241	0.0682654153474	51.5023739589
glutamine	20.0	0.427	0.087	8	2.10412383178	0.132334417462	14.3893606841
glutamine	20.0	0.427	0.087	9	2.10620266661	0.121751564735	25.6612785509
glutamine	20.0	0.427	0.087	10	2.10738420171	0.00969860057931	-70.2895675596
glutamine	20.0	0.427	0.087	11	2.11062920627	0.250159941961	19.6586811451
glutamine	20.0	0.427	0.087	12	2.11413845352	0.124963592304	14.7177125244
glutamine	20.0	0.427	0.087	13	2.11726540385	0.0391903641401	16.0154375679
glutamine	20.0	0.427	0.087	14	2.12017348187	0.02788093889	-9.67059250228
glutamine	20.0	0.427	0.087	15	2.12207131057	0.120104133842	-15.4940029622
glutamine	20.0	0.427	0.087	16	2.12705837018	0.315513027109	-13.6925072432
glutamine	20.0	0.427	0.087	17	2.12901870804	0.124011436531	-24.2143936902
glutamine	20.0	0.427	0.087	18	2.13079299508	0.00414339183407	39.8538749257
glutamine	20.0	0.427	0.087	19	2.13248030967	0.180328821155	-18.3242681932
glutamine	20.0	0.427	0.087	20	2.14353513044	0.123462260024	-55.4739611278
glutamine	20.0	0.427	0.087	21	2.14576519855	0.00509967421016	9.44757709121
glutamine	20.0	0.427	0.087	22	2.14728521094	0.132259441387	-58.6373066194
glutamine	20.0	0.427	0.087	23	2.14882677846	0.0139395355974	26.3090721714
glutamine	20.0	0.427	0.087	24	2.15422807512	0.00309695623253	25.038463364
glutamine	20.0	0.427	0.087	25	2.16386231801	0.0137814397242	-9.66886885817
glutamine	20.0	0.427	0.087	26	2.16874636985	0.0136673314041	-5.22084183099
glutamine	20.0	0.427	0.087	27	2.18343613968	0.00945474923077	-44.7681792294
glutamine	20.0	0.427	0.087	28	2.3834721172	0.0226195672975	27.7847949554
glutamine	20.0	0.427	0.087	29	2.40028864244	0.0156301151397	-1.54744477225
glutamine	20.0	0.427	0.087	30	2.40244251956	0.0136431206258	-9.95301485073
glutamine	20.0	0.427	0.087	31	2.4064236466	0.00656529827213	-0.176556706639
glutamine	20.0	0.427	0.087	32	2.42116297732	0.0100131646819	-23.1253594677
glutamine	20.0	0.427	0.087	33	2.42179487682	0.281489091983	40.6660303037
glutamine	20.0	0.427	0.087	34	2.42670275759	0.262619798785	35.168070972
glutamine	20.0	0.427	0.087	35	2.4398827223	0.490566313127	6.42519115481
glutamine	20.0	0.427	0.087	36	2.44650353231	0.225919495286	-5.2585277524
glutamine	20.0	0.427	0.087	37	2.44816230007	0.241093216743	-1.57663421784
glutamine	20.0	0.427	0.087	38	2.45950105121	0.150484096221	-25.6015923722
glutamine	20.0	0.427	0.087	39	2.46502512321	0.0223661138039	49.5429162473
glutamine	20.0	0.427	0.087	40	2.46641774089	0.181084168587	-24.4152605487
glutamine	20.0	0.427	0.087	41	2.48175597038	0.00959187030575	21.5205069322
glutamine	20.0	0.427	0.087	42	2.48376408191	0.0145595667109	11.300115292
glutamine	20.0	0.427	0.087	43	2.4879003822	0.0122838806225	-0.0500535195819
glutamine	20.0	0.427	0.087	44	2.50475595999	0.0105610222109	-26.4406674572
glutamine	20.0	0.427	0.087	45	3.73767788548	0.243320556029	38.6158814188
glutamine	20.0	0.427	0.087	46	3.75306669274	0.49246367353	-5.58565570649
glutamine	20.0	0.427	0.087	47	3.76847216399	0.253814182394	-47.5680892537
d-glucose-beta	20.0	0.049	0.087	0	3.20386199036	0.00210916455589	39.5367728184
d-glucose-beta	20.0	0.049	0.087	1	3.20840034948	0.204533159632	28.7269291934
d-glucose-beta	20.0	0.049	0.087	2	3.22376782335	0.00278620031239	-18.9141469364
d-glucose-beta	20.0	0.049	0.087	3	3.22834010107	0.243009295514	-27.4383126157
d-glucose-beta	20.0	0.049	0.087	4	3.23045282697	0.280940572584	10.2735798925
d-glucose-beta	20.0	0.049	0.087	5	3.23421739105	0.00209512406392	6.23098016314
d-glucose-beta	20.0	0.049	0.087	6	3.23597239098	0.00197544502554	3.04234447272
d-glucose-beta	20.0	0.049	0.087	7	3.23791998053	0.000547936133469	0.292653317083
d-glucose-beta	20.0	0.049	0.087	8	3.23959890813	0.000714662763095	-1.06195800614
d-glucose-beta	20.0	0.049	0.087	9	3.25040083609	0.239964138645	-51.5903590098
d-glucose-beta	20.0	0.049	0.087	10	3.25419992283	0.00163363844715	-56.7967641672
d-glucose-beta	20.0	0.049	0.087	11	3.25595452676	0.00153450029336	-60.8158460553
d-glucose-beta	20.0	0.049	0.087	12	3.25790740649	0.000410077852109	-64.1846725177
d-glucose-beta	20.0	0.049	0.087	13	3.25958444116	0.000530332296231	-66.4171438062
d-glucose-beta	20.0	0.049	0.087	14	3.36117517764	0.142521283683	-10.3854722654
d-glucose-beta	20.0	0.049	0.087	15	3.37495581489	0.00345982382931	-13.2689291409
d-glucose-beta	20.0	0.049	0.087	16	3.37844069256	0.0105178986139	-11.9350435984
d-glucose-beta	20.0	0.049	0.087	17	3.38341902593	0.399218530584	-8.10677684359
d-glucose-beta	20.0	0.049	0.087	18	3.38859669686	0.0145062234264	-7.16612141747
d-glucose-beta	20.0	0.049	0.087	19	3.39188506986	0.00590399055754	-6.16815626336
d-glucose-beta	20.0	0.049	0.087	20	3.40031131517	0.00216332534933	-1.52977321698
d-glucose-beta	20.0	0.049	0.087	21	3.40577921105	0.41036754837	-10.3625156089
d-glucose-beta	20.0	0.049	0.087	22	3.4101786756	0.00104349372519	0.0775950378978
d-glucose-beta	20.0	0.049	0.087	23	3.41402613552	0.00100218118711	-0.206911162464
d-glucose-beta	20.0	0.049	0.087	24	3.42277839858	0.00104141506749	-2.45098765098
d-glucose-beta	20.0	0.049	0.087	25	3.42653759224	0.00111775018883	-3.61452084038
d-glucose-beta	20.0	0.049	0.087	26	3.43239135404	0.151690630703	0.45004794758
d-glucose-beta	20.0	0.049	0.087	27	3.43628626393	0.163817237073	-3.81967817661
d-glucose-beta	20.0	0.049	0.087	28	3.44529928843	0.174386790642	-5.62259628377
d-glucose-beta	20.0	0.049	0.087	29	3.44917456191	0.175051899133	-14.5029592566
d-glucose-beta	20.0	0.049	0.087	30	3.45278067174	0.362916730285	10.3871783012
d-glucose-beta	20.0	0.049	0.087	31	3.45467260408	0.0267209049989	10.2057986238
d-glucose-beta	20.0	0.049	0.087	32	3.45777039314	0.0816558155721	-2.71860559183
d-glucose-beta	20.0	0.049	0.087	33	3.46672280256	0.0972594756143	-8.00707993239
d-glucose-beta	20.0	0.049	0.087	34	3.47048038564	0.0930405566473	-19.3719508021
d-glucose-beta	20.0	0.049	0.087	35	3.47534777806	0.484864919922	-4.80587462807
d-glucose-beta	20.0	0.049	0.087	36	3.49778974294	0.172784383857	-10.0837900497
d-glucose-beta	20.0	0.049	0.087	37	3.6794778837	0.00371401840032	7.81436023556
d-glucose-beta	20.0	0.049	0.087	38	3.68407423799	0.217859842527	4.42069707943
d-glucose-beta	20.0	0.049	0.087	39	3.69687870403	0.201924089414	-8.19072786799
d-glucose-beta	20.0	0.049	0.087	40	3.70078624526	0.00191598698723	-8.64770759431
d-glucose-beta	20.0	0.049	0.087	41	3.70253537326	0.00147389348381	-11.9906606941
d-glucose-beta	20.0	0.049	0.087	42	3.7147540314	0.305170343275	-11.8694797435
d-glucose-beta	20.0	0.049	0.087	43	3.72762967486	0.258878566688	-23.7581853897
d-glucose-beta	20.0	0.049	0.087	44	3.86193743734	0.00114646385163	21.1605484117
d-glucose-beta	20.0	0.049	0.087	45	3.86608194193	0.286602643562	12.7883379754
d-glucose-beta	20.0	0.049	0.087	46	3.86990157185	0.277931409434	5.90737781576
d-glucose-beta	20.0	0.049	0.087	47	3.87397625249	0.00108031012864	1.15911086438
d-glucose-beta	20.0	0.049	0.087	48	3.89675895891	0.215565722879	-0.798263999404
d-glucose-beta	20.0	0.049	0.087	49	3.90065853266	0.211840152705	-12.1585804757
d-glucose-beta	20.0	0.049	0.087	50	4.62009835659	0.487359229705	30.9218234632
d-glucose-beta	20.0	0.049	0.087	51	4.64004417648	0.48044815492	-29.6320340025
glycine	20.0	0.068	0.087	0	3.548	1.99619649794	-6.07724390321
glutathione_glycine	20.0	0.194	0.087	0	3.769	1.99297868942	-5.00490270096
glutathione_cysteine	20.0	0.194	0.087	0	2.89447119171	0.102700524355	15.7798960327
glutathione_cysteine	20.0	0.194	0.087	1	2.91165593864	0.110504198052	-36.7588485215
glutathione_cysteine	20.0	0.194	0.087	2	2.92960293327	0.394173225871	15.1778223331
glutathione_cysteine	20.0	0.194	0.087	3	2.9467876802	0.386559241157	-31.7855448366
glutathione_cysteine	20.0	0.194	0.087	4	2.95668494394	0.399854381978	16.8488591562
glutathione_cysteine	20.0	0.194	0.087	5	2.96898476216	0.381059288022	-24.1330940099
glutathione_cysteine	20.0	0.194	0.087	6	2.9918166855	0.103310472345	16.9358664105
glutathione_cysteine	20.0	0.194	0.087	7	3.00411650371	0.110104425351	-19.7465870696
glutathione_cysteine	20.0	0.194	0.087	8	4.54612755765	0.248451888356	44.8119628181
glutathione_cysteine	20.0	0.194	0.087	9	4.55842737586	0.245294490314	3.81431269063
glutathione_cysteine	20.0	0.194	0.087	10	4.56331230458	0.239068287358	-4.48772786006
glutathione_cysteine	20.0	0.194	0.087	11	4.57561212279	0.248798259173	-44.6375342377
glutathione_glutamate	20.0	0.194	0.087	0	2.08611682093	0.00221510550467	58.515149393
glutathione_glutamate	20.0	0.194	0.087	1	2.10203385983	0.00240828480822	11.5813612385
glutathione_glutamate	20.0	0.194	0.087	2	2.1043163777	0.00698394123395	18.7431858576
glutathione_glutamate	20.0	0.194	0.087	3	2.12024713681	0.00676467326688	-25.6798316404
glutathione_glutamate	20.0	0.194	0.087	4	2.12258466529	0.00436408416915	-25.0510379075
glutathione_glutamate	20.0	0.194	0.087	5	2.12476137501	0.0927347547522	58.9105131206
glutathione_glutamate	20.0	0.194	0.087	6	2.12777619138	0.0814285083024	62.7116417043
glutathione_glutamate	20.0	0.194	0.087	7	2.13853294438	0.00403259915884	-70.6471156111
glutathione_glutamate	20.0	0.194	0.087	8	2.14067500766	0.102307367677	15.3796200943
glutathione_glutamate	20.0	0.194	0.087	9	2.1431240162	0.345428139662	23.8251976318
glutathione_glutamate	20.0	0.194	0.087	10	2.14524197074	0.255094268946	22.9374679377
glutathione_glutamate	20.0	0.194	0.087	11	2.15889376071	0.24595206435	-18.3173401623
glutathione_glutamate	20.0	0.194	0.087	12	2.16109015919	0.388016958106	-17.3738021919
glutathione_glutamate	20.0	0.194	0.087	13	2.16269934123	0.150407025444	-16.496931444
glutathione_glutamate	20.0	0.194	0.087	14	2.16642074546	0.00220052197111	64.0743947323
glutathione_glutamate	20.0	0.194	0.087	15	2.17782347847	0.264569065823	-61.646500929
glutathione_glutamate	20.0	0.194	0.087	16	2.18282555068	0.0054061837148	29.7341060452
glutathione_glutamate	20.0	0.194	0.087	17	2.18447322093	0.00419832088897	27.9877051848
glutathione_glutamate	20.0	0.194	0.087	18	2.19977407077	0.00678802219825	-12.2458449909
glutathione_glutamate	20.0	0.194	0.087	19	2.20133837174	0.00434792078323	-5.27275169426
glutathione_glutamate	20.0	0.194	0.087	20	2.21708443765	0.00381928422836	-53.0959266282
glutathione_glutamate	20.0	0.194	0.087	21	2.46603640033	0.06085638341	30.5471385846
glutathione_glutamate	20.0	0.194	0.087	22	2.48361421771	0.102903268214	-8.47125757079
glutathione_glutamate	20.0	0.194	0.087	23	2.50121098598	0.0333033673359	-40.817742362
glutathione_glutamate	20.0	0.194	0.087	24	2.50577302462	0.234136387849	36.7405222826
glutathione_glutamate	20.0	0.194	0.087	25	2.52336485911	0.413148611023	-2.33794882412
glutathione_glutamate	20.0	0.194	0.087	26	2.52937805989	0.21717856172	40.6440195284
glutathione_glutamate	20.0	0.194	0.087	27	2.54095312195	0.141067618238	-38.986022146
glutathione_glutamate	20.0	0.194	0.087	28	2.54750392458	0.408961751718	-0.371151371876
glutathione_glutamate	20.0	0.194	0.087	29	2.56558175189	0.167624191706	-33.892874441
glutathione_glutamate	20.0	0.194	0.087	30	2.56911457043	0.0622878435179	49.9839964158
glutathione_glutamate	20.0	0.194	0.087	31	2.58724042472	0.101616835576	5.79115043333
glutathione_glutamate	20.0	0.194	0.087	32	2.60532393369	0.0343254734766	-37.2612290318
glutathione_glutamate	20.0	0.194	0.087	33	3.75322976644	0.242156427906	41.1966855134
glutathione_glutamate	20.0	0.194	0.087	34	3.76907615676	0.494418910814	-5.57058925098
glutathione_glutamate	20.0	0.194	0.087	35	3.78492798371	0.256785522601	-49.7911688201
gpc_7-CH2_8-CH2	20.0	0.097	0.087	0	3.61196741767	0.00076682124575	-2.27527890762
gpc_7-CH2_8-CH2	20.0	0.097	0.087	1	3.64765253392	0.409043965243	30.6352965255
gpc_7-CH2_8-CH2	20.0	0.097	0.087	2	3.64756231047	0.00433356279868	216.941790793
gpc_7-CH2_8-CH2	20.0	0.097	0.087	3	3.64774108439	0.0198987144211	97.1785057007
gpc_7-CH2_8-CH2	20.0	0.097	0.087	4	3.65548300275	0.206035318115	5.66926682018
gpc_7-CH2_8-CH2	20.0	0.097	0.087	5	3.65548142808	0.00837320622728	256.455266098
gpc_7-CH2_8-CH2	20.0	0.097	0.087	6	3.65548464124	0.00167987418376	88.1760970754
gpc_7-CH2_8-CH2	20.0	0.097	0.087	7	3.65881876158	0.423767144942	-5.86258053483
gpc_7-CH2_8-CH2	20.0	0.097	0.087	8	3.6585386576	0.00353895523141	248.303996755
gpc_7-CH2_8-CH2	20.0	0.097	0.087	9	3.66247939602	0.224000922196	-15.2709633521
gpc_7-CH2_8-CH2	20.0	0.097	0.087	10	3.66248114052	0.0019022844246	100.156083592
gpc_7-CH2_8-CH2	20.0	0.097	0.087	11	3.67013674853	0.430867333111	-41.2837941923
gpc_7-CH2_8-CH2	20.0	0.097	0.087	12	3.6700510566	0.0192009739438	249.512579779
gpc_7-CH2_8-CH2	20.0	0.097	0.087	13	3.67022114473	0.0272938540237	119.233331714
gpc_7-CH2_8-CH2	20.0	0.097	0.087	14	3.70564594077	0.00250791159344	-61.4919280541
gpc_7-CH2_8-CH2	20.0	0.097	0.087	15	4.26621321231	0.000931775071642	101.488984226
gpc_7-CH2_8-CH2	20.0	0.097	0.087	16	4.28665579972	0.0862938999459	33.1062058845
gpc_7-CH2_8-CH2	20.0	0.097	0.087	17	4.29364671137	0.128256335488	25.2164138187
gpc_7-CH2_8-CH2	20.0	0.097	0.087	18	4.29798803543	0.0810623663375	-2.34730756981
gpc_7-CH2_8-CH2	20.0	0.097	0.087	19	4.30065919519	0.184248005331	13.3552440805
gpc_7-CH2_8-CH2	20.0	0.097	0.087	20	4.30163800835	0.00945866345533	125.987160141
gpc_7-CH2_8-CH2	20.0	0.097	0.087	21	4.30465467982	0.0810020876161	-2.24576645406
gpc_7-CH2_8-CH2	20.0	0.097	0.087	22	4.30810568924	0.169454110697	15.9335636372
gpc_7-CH2_8-CH2	20.0	0.097	0.087	23	4.30913977084	0.0819110731973	-38.2961109215
gpc_7-CH2_8-CH2	20.0	0.097	0.087	24	4.30937801518	0.0132899540279	190.445345978
gpc_7-CH2_8-CH2	20.0	0.097	0.087	25	4.309378022	0.00855349752528	79.3902930037
gpc_7-CH2_8-CH2	20.0	0.097	0.087	26	4.31132747477	0.080947040798	-2.14347402723
gpc_7-CH2_8-CH2	20.0	0.097	0.087	27	4.31310476989	0.0407057364904	209.4113429
gpc_7-CH2_8-CH2	20.0	0.097	0.087	28	4.31520532633	0.169403613217	16.0058680032
gpc_7-CH2_8-CH2	20.0	0.097	0.087	29	4.31588826147	0.12396326783	-22.3226127345
gpc_7-CH2_8-CH2	20.0	0.097	0.087	30	4.31637451446	0.0241231950541	-84.1317320441
gpc_7-CH2_8-CH2	20.0	0.097	0.087	31	4.31637452128	0.0123024697623	141.403319347
gpc_7-CH2_8-CH2	20.0	0.097	0.087	32	4.3197178553	0.0808839008394	-2.01515276916
gpc_7-CH2_8-CH2	20.0	0.097	0.087	33	4.32274738356	0.17322468042	-22.2273209578
gpc_7-CH2_8-CH2	20.0	0.097	0.087	34	4.32429685124	0.0273310197336	136.688125004
gpc_7-CH2_8-CH2	20.0	0.097	0.087	35	4.32639073965	0.0808394281503	-1.91299700378
gpc_7-CH2_8-CH2	20.0	0.097	0.087	36	4.33048584594	0.123490787285	-30.076807787
gpc_7-CH2_8-CH2	20.0	0.097	0.087	37	4.33754613495	0.0822223629551	-38.4586006515
gpc_7-CH2_8-CH2	20.0	0.097	0.087	38	4.35988851703	0.000842403608502	-56.6957301666
gpc_N(CH3)3_a	20.0	0.097	0.121	0	3.21072516368	1.48237693231	-6.3883823497
gpc_N(CH3)3_a	20.0	0.097	0.121	1	3.21242935074	0.258666138964	38.8206724684
gpc_N(CH3)3_a	20.0	0.097	0.121	2	3.21275037186	0.174855438593	240.788162281
gpc_N(CH3)3_a	20.0	0.097	0.121	3	3.21310356028	0.20881098821	-41.6605034266
gpc_N(CH3)3_a	20.0	0.097	0.121	4	3.21277099669	0.131464317648	79.2380432187
gpc_N(CH3)3_a	20.0	0.097	0.121	5	3.21342418272	0.0399555727044	145.382732868
gpc_N(CH3)3_b	20.0	0.097	0.121	0	3.21088286317	2.11466707271	-5.31007655487
gpc_N(CH3)3_b	20.0	0.097	0.121	1	3.21199975776	0.0735113601994	241.792221416
gpc_N(CH3)3_b	20.0	0.097	0.121	2	3.21257380785	0.0934127501949	169.436035371
gpc_N(CH3)3_b	20.0	0.097	0.121	3	3.21296222857	1.1757399974	-2.47089790223
gpc_N(CH3)3_b	20.0	0.097	0.121	4	3.21292528643	1.2362676105	-0.599002615016
gpc_N(CH3)3_b	20.0	0.097	0.121	5	3.21314529645	0.893948709261	11.3593086562
gpc_N(CH3)3_b	20.0	0.097	0.121	6	3.21342088651	0.829715664486	-11.5360669029
gpc_N(CH3)3_b	20.0	0.097	0.121	7	3.21342420452	0.041204463475	146.846132807
gpc_N(CH3)3_b	20.0	0.097	0.121	8	3.21342428295	0.0153631122153	-60.8189877343
gpc_glycerol	20.0	0.097	0.087	0	3.56112029741	0.00317287878937	225.836697761
gpc_glycerol	20.0	0.097	0.087	1	3.56418851677	0.00195130631118	7.05692899291
gpc_glycerol	20.0	0.097	0.087	2	3.57485925609	0.0492358782172	-2.16080844217
gpc_glycerol	20.0	0.097	0.087	3	3.57442031266	0.00202979337908	160.390093793
gpc_glycerol	20.0	0.097	0.087	4	3.57447026275	0.00366804478533	215.52183981
gpc_glycerol	20.0	0.097	0.087	5	3.57573403392	0.0087276101444	74.3019146517
gpc_glycerol	20.0	0.097	0.087	6	3.57797755333	0.0161690541793	76.1959003125
gpc_glycerol	20.0	0.097	0.087	7	3.57850135086	0.0150852993024	-7.08782187581
gpc_glycerol	20.0	0.097	0.087	8	3.58174258808	0.00129029225083	-15.7480351872
gpc_glycerol	20.0	0.097	0.087	9	3.58492730503	0.0211557786535	-3.54647157819
gpc_glycerol	20.0	0.097	0.087	10	3.58830064692	0.0598861201643	-17.5087275731
gpc_glycerol	20.0	0.097	0.087	11	3.58866274493	0.00661939239381	166.379248296
gpc_glycerol	20.0	0.097	0.087	12	3.58880241751	0.00712377562341	68.1905238057
gpc_glycerol	20.0	0.097	0.087	13	3.59440840591	0.00130719093405	12.2307464133
gpc_glycerol	20.0	0.097	0.087	14	3.59609011208	0.00252332618417	15.8150439712
gpc_glycerol	20.0	0.097	0.087	15	3.59913732262	0.00276425920592	-38.3391886572
gpc_glycerol	20.0	0.097	0.087	16	3.60046030242	0.0023214266482	136.977727048
gpc_glycerol	20.0	0.097	0.087	17	3.60206591942	0.00232764998678	40.8345239831
gpc_glycerol	20.0	0.097	0.087	18	3.60878713882	0.00165937503992	95.1759542907
gpc_glycerol	20.0	0.097	0.087	19	3.6113576802	0.108246428599	4.11586167952
gpc_glycerol	20.0	0.097	0.087	20	3.61166901164	0.0286747874959	107.26368072
gpc_glycerol	20.0	0.097	0.087	21	3.61350583799	0.0853563925334	-5.37651633834
gpc_glycerol	20.0	0.097	0.087	22	3.61812621712	0.00689459032512	8.37941013841
gpc_glycerol	20.0	0.097	0.087	23	3.61890119615	0.00659929404172	137.89076076
gpc_glycerol	20.0	0.097	0.087	24	3.62360382636	0.0850263905164	-15.0093655532
gpc_glycerol	20.0	0.097	0.087	25	3.62556009356	0.110856386149	-21.1225694013
gpc_glycerol	20.0	0.097	0.087	26	3.62563191048	0.108382775008	-11.5454313507
gpc_glycerol	20.0	0.097	0.087	27	3.62572009653	0.0247315049181	96.9575695718
gpc_glycerol	20.0	0.097	0.087	28	3.63243583639	0.00166073960833	219.101733634
gpc_glycerol	20.0	0.097	0.087	29	3.63656711085	0.00382873033177	123.993316045
gpc_glycerol	20.0	0.097	0.087	30	3.63725631363	0.000993480619361	33.5040450489
gpc_glycerol	20.0	0.097	0.087	31	3.6409227698	0.00279896728674	-42.5022777819
gpc_glycerol	20.0	0.097	0.087	32	3.64173636507	0.00343537917401	13.8228638871
gpc_glycerol	20.0	0.097	0.087	33	3.64278542152	0.00144635397925	-46.844422239
gpc_glycerol	20.0	0.097	0.087	34	3.65278419601	0.126117864426	3.22183357026
gpc_glycerol	20.0	0.097	0.087	35	3.65319824424	0.0166189743407	262.586042502
gpc_glycerol	20.0	0.097	0.087	36	3.65251187633	0.00751125489166	129.230313343
gpc_glycerol	20.0	0.097	0.087	37	3.65587002781	0.0473847028929	-3.9622335155
gpc_glycerol	20.0	0.097	0.087	38	3.65553851082	0.00262056991158	171.831289327
gpc_glycerol	20.0	0.097	0.087	39	3.66033050192	0.0410311347376	-4.54842727413
gpc_glycerol	20.0	0.097	0.087	40	3.66134467973	0.00607800099531	103.638514448
gpc_glycerol	20.0	0.097	0.087	41	3.66358055168	0.197940202301	-15.3542253421
gpc_glycerol	20.0	0.097	0.087	42	3.67464333601	0.00511328155432	-27.3072419943
gpc_glycerol	20.0	0.097	0.087	43	3.67901059443	0.00201533543001	-82.6814636938
gpc_glycerol	20.0	0.097	0.087	44	3.68974138704	0.0553057594507	4.70115881554
gpc_glycerol	20.0	0.097	0.087	45	3.68953132268	0.0203473746653	228.47554635
gpc_glycerol	20.0	0.097	0.087	46	3.69170997021	0.0160536736913	-1.04501167408
gpc_glycerol	20.0	0.097	0.087	47	3.69426223335	0.00888728672572	242.624159596
gpc_glycerol	20.0	0.097	0.087	48	3.69584587116	0.0103393064628	77.0852602591
gpc_glycerol	20.0	0.097	0.087	49	3.69906656494	0.0357683830763	-5.07288047716
gpc_glycerol	20.0	0.097	0.087	50	3.70033300113	0.00382702806011	181.529091389
gpc_glycerol	20.0	0.097	0.087	51	3.70068811654	0.0444492656076	-8.3628494719
gpc_glycerol	20.0	0.097	0.087	52	3.70076050051	0.00173577574699	65.5243577764
gpc_glycerol	20.0	0.097	0.087	53	3.71270312708	0.00255183642421	-67.3335567862
gpc_glycerol	20.0	0.097	0.087	54	3.71631660021	0.00115193021167	-26.5005972136
gpc_glycerol	20.0	0.097	0.087	55	3.81509386906	0.00130047718056	-9.24713526723
gpc_glycerol	20.0	0.097	0.087	56	3.81762566931	0.00178517296501	-9.71072806255
gpc_glycerol	20.0	0.097	0.087	57	3.81924218444	0.00110510010275	243.552660162
gpc_glycerol	20.0	0.097	0.087	58	3.8254245765	0.00565101668958	-6.25770187205
gpc_glycerol	20.0	0.097	0.087	59	3.83549860122	0.0451462073519	-8.66299904016
gpc_glycerol	20.0	0.097	0.087	60	3.83973741058	0.0110141398454	-5.88041582769
gpc_glycerol	20.0	0.097	0.087	61	3.84733173315	0.0896738569186	-6.36376806873
gpc_glycerol	20.0	0.097	0.087	62	3.84887572881	0.000979084025313	245.743981417
gpc_glycerol	20.0	0.097	0.087	63	3.84944659068	0.0103639025316	71.5032652554
gpc_glycerol	20.0	0.097	0.087	64	3.84964060906	0.0116191973478	-61.1539409971
gpc_glycerol	20.0	0.097	0.087	65	3.85071036185	0.00836868611999	204.735179015
gpc_glycerol	20.0	0.097	0.087	66	3.86223814642	0.0114572563912	-39.8632822021
gpc_glycerol	20.0	0.097	0.087	67	3.86234144737	0.0199838002724	190.537764448
gpc_glycerol	20.0	0.097	0.087	68	3.86498657256	0.00850744832615	-25.5952902676
gpc_glycerol	20.0	0.097	0.087	69	3.86791479327	0.0654581912516	-8.24371927766
gpc_glycerol	20.0	0.097	0.087	70	3.87228122709	0.00177151118279	32.2810739536
gpc_glycerol	20.0	0.097	0.087	71	3.87717779179	0.0800003385199	-3.34583260927
gpc_glycerol	20.0	0.097	0.087	72	3.87873683732	0.00536763651605	66.207117082
gpc_glycerol	20.0	0.097	0.087	73	3.87885549116	0.0907668364251	-8.08220712544
gpc_glycerol	20.0	0.097	0.087	74	3.87984753776	0.00420059527173	134.061351258
gpc_glycerol	20.0	0.097	0.087	75	3.88288278481	0.0679434235332	5.98281421262
gpc_glycerol	20.0	0.097	0.087	76	3.88548100392	0.02374883949	-62.5587241976
gpc_glycerol	20.0	0.097	0.087	77	3.88995243545	0.0728153237139	1.40974232772
gpc_glycerol	20.0	0.097	0.087	78	3.89060589675	0.0325412691043	198.776009863
gpc_glycerol	20.0	0.097	0.087	79	3.89186174515	0.0607909893522	-2.21021548077
gpc_glycerol	20.0	0.097	0.087	80	3.89249487299	0.0102851691738	213.693905629
gpc_glycerol	20.0	0.097	0.087	81	3.89447366811	0.064255170916	-10.9953627092
gpc_glycerol	20.0	0.097	0.087	82	3.89559409324	0.0160227362759	-74.724152885
gpc_glycerol	20.0	0.097	0.087	83	3.89741968677	0.0289532927031	-7.5803195245
gpc_glycerol	20.0	0.097	0.087	84	3.90031159828	0.0621672991295	-1.4762665859
gpc_glycerol	20.0	0.097	0.087	85	3.90206795498	0.0486257847214	8.75646467573
gpc_glycerol	20.0	0.097	0.087	86	3.90306674786	0.0370627282303	-68.2209708706
gpc_glycerol	20.0	0.097	0.087	87	3.9043195125	0.085825627857	-14.164106159
gpc_glycerol	20.0	0.097	0.087	88	3.90383071852	0.00794116985508	54.0789800274
gpc_glycerol	20.0	0.097	0.087	89	3.9070348747	0.0401256892542	-9.61169768302
gpc_glycerol	20.0	0.097	0.087	90	3.90840902761	0.00204305829146	-63.2897272289
gpc_glycerol	20.0	0.097	0.087	91	3.91016078769	0.00140912714384	-17.2621664724
gpc_glycerol	20.0	0.097	0.087	92	3.91230417948	0.0558684962629	1.29117965142
gpc_glycerol	20.0	0.097	0.087	93	3.91462139197	0.047633150313	-27.8267533288
gpc_glycerol	20.0	0.097	0.087	94	3.91483313694	0.0954510755349	-10.06579208
gpc_glycerol	20.0	0.097	0.087	95	3.91513024701	0.015451192741	177.249258114
gpc_glycerol	20.0	0.097	0.087	96	3.91648012586	0.0114107772379	55.1752671068
gpc_glycerol	20.0	0.097	0.087	97	3.92257910651	0.0653184490761	-6.11654487996
gpc_glycerol	20.0	0.097	0.087	98	3.92289329762	0.00826789145059	239.967766449
gpc_glycerol	20.0	0.097	0.087	99	3.92451975475	0.144840645378	-0.587287534181
gpc_glycerol	20.0	0.097	0.087	100	3.92674131824	0.0325831137115	212.680150476
gpc_glycerol	20.0	0.097	0.087	101	3.92700648877	0.050946140697	-5.36008404095
gpc_glycerol	20.0	0.097	0.087	102	3.92887850203	0.00603013726563	64.8222453687
gpc_glycerol	20.0	0.097	0.087	103	3.93256600994	0.0563946205794	0.802174917063
gpc_glycerol	20.0	0.097	0.087	104	3.9368919406	0.00227278881546	12.048903561
gpc_glycerol	20.0	0.097	0.087	105	3.93954869691	0.0269672578251	242.106136623
gpc_glycerol	20.0	0.097	0.087	106	3.94146213251	0.00942846482509	78.1797068935
gpc_glycerol	20.0	0.097	0.087	107	3.94704396329	0.0267861742784	186.305979503
gpc_glycerol	20.0	0.097	0.087	108	3.94672603955	0.0169046328474	58.5091246876
gpc_glycerol	20.0	0.097	0.087	109	3.94731939576	0.0112298837537	-88.6755715401
gpc_glycerol	20.0	0.097	0.087	110	3.95574203143	0.0880010107106	-1.9781879753
gpc_glycerol	20.0	0.097	0.087	111	3.96222783288	0.0139667954214	-0.968992512629
gpc_glycerol	20.0	0.097	0.087	112	3.9650073388	0.0484282368292	-1.60642185295
gpc_glycerol	20.0	0.097	0.087	113	3.97045904755	0.0281649906656	14.087097424
gpc_glycerol	20.0	0.097	0.087	114	3.97075237915	0.0267585959166	70.7490255875
gpc_glycerol	20.0	0.097	0.087	115	3.97080232924	0.0113224831236	229.196089518
gpc_glycerol	20.0	0.097	0.087	116	3.97663713867	0.012289425547	156.242704638
gpc_glycerol	20.0	0.097	0.087	117	3.97946945598	0.00768276843416	-68.2892135899
gpc_glycerol	20.0	0.097	0.087	118	3.98015718562	0.00295364494638	1.95079909009
gpc_glycerol	20.0	0.097	0.087	119	3.98814331955	0.00401246386399	56.6716482514
gpc_glycerol	20.0	0.097	0.087	120	3.98909628608	0.00102144404243	1.20770353876
gpc_glycerol	20.0	0.097	0.087	121	3.99287263047	0.0026378698219	-46.637145983
gpc_glycerol	20.0	0.097	0.087	122	3.99474932178	0.00382426406462	-56.9998592455
gpc_glycerol	20.0	0.097	0.087	123	4.00355782207	0.00114889885652	241.289150552
naa_acetyl	20.0	1.0	0.13	0	2.008	2.99667001	7.88929293925
lactate	20.0	0.039	0.087	0	1.3055111811	1.4088326342	51.004375623
lactate	20.0	0.039	0.087	1	1.32283468772	1.40586373523	6.07945716464
lactate	20.0	0.039	0.087	2	4.07149562031	0.125035958976	65.9005770899
lactate	20.0	0.039	0.087	3	4.0888191464	0.375228407581	18.3530303547
lactate	20.0	0.039	0.087	4	4.10614337185	0.377297229634	-26.8260808575
lactate	20.0	0.039	0.087	5	4.12346612782	0.122085950829	-69.4481120063
naa_aspartate	20.0	1.0	0.069	0	2.44252660845	0.168448589777	22.7994208433
naa_aspartate	20.0	1.0	0.069	1	2.46692275127	0.23598635838	-28.411146524
naa_aspartate	20.0	1.0	0.069	2	2.48148600833	0.301128504129	2.92501502546
naa_aspartate	20.0	1.0	0.069	3	2.50588215392	0.285917446099	-55.500795898
naa_aspartate	20.0	1.0	0.069	4	2.64032763492	0.310707794176	36.4342291351
naa_aspartate	20.0	1.0	0.069	5	2.6501180981	0.274609664215	2.89941523128
naa_aspartate	20.0	1.0	0.069	6	2.67928703459	0.179537108633	13.1527405405
naa_aspartate	20.0	1.0	0.069	7	2.68907749985	0.226419456218	-21.3510067092
naa_aspartate	20.0	1.0	0.069	8	4.3466855594	0.129657367868	62.2226179265
naa_aspartate	20.0	1.0	0.069	9	4.35647595269	0.124813755781	31.5346274166
naa_aspartate	20.0	1.0	0.069	10	4.36267675648	0.137058002178	20.8852537478
naa_aspartate	20.0	1.0	0.069	11	4.37181444803	0.246790778389	-0.013700960318
naa_aspartate	20.0	1.0	0.069	12	4.380872152	0.113121547179	-26.4174497451
naa_aspartate	20.0	1.0	0.069	13	4.38707283233	0.117922586314	-32.6011130965
naa_aspartate	20.0	1.0	0.069	14	4.3968633676	0.119022770589	-70.068271188
myoinositol	20.0	0.578	0.087	0	3.24494346853	0.20899279538	20.2149425439
myoinositol	20.0	0.578	0.087	1	3.26817162371	0.514093699017	-9.08837049585
myoinositol	20.0	0.578	0.087	2	3.29145830956	0.250344368556	-51.2840385014
myoinositol	20.0	0.578	0.087	3	3.50389733964	0.359960922306	2.94082612833
myoinositol	20.0	0.578	0.087	4	3.51113015196	0.403824205561	-16.4343190069
myoinositol	20.0	0.578	0.087	5	3.52886417712	0.624446370257	-0.189537272358
myoinositol	20.0	0.578	0.087	6	3.53610154268	0.595003558099	-18.7548860337
myoinositol	20.0	0.578	0.087	7	3.592369933	0.597258275682	20.0871779956
myoinositol	20.0	0.578	0.087	8	3.61633628398	1.031677602	-5.56117468344
myoinositol	20.0	0.578	0.087	9	3.64059561235	0.332841217373	-17.7212904551
myoinositol	20.0	0.578	0.087	10	4.04661677256	0.253732249917	14.9784965513
myoinositol	20.0	0.578	0.087	11	4.05385048379	0.493299072641	-4.02129763243
myoinositol	20.0	0.578	0.087	12	4.06108415176	0.244099620886	-22.6083639143
pcho_N(CH3)3_a	20.0	0.058	0.121	0	3.20677130731	1.5393137477	-7.1294512651
pcho_N(CH3)3_a	20.0	0.058	0.121	1	3.20851513711	0.258820409506	53.7239556602
pcho_N(CH3)3_a	20.0	0.058	0.121	2	3.20874430782	0.20479645499	227.754288273
pcho_N(CH3)3_a	20.0	0.058	0.121	3	3.20892748555	0.331934036721	-26.673881696
pcho_N(CH3)3_a	20.0	0.058	0.121	4	3.20891172586	0.158316948759	89.7035415464
naag_acetyl	20.0	0.16	0.13	0	2.032	2.99639112309	7.2317960325
naag_glutamate	20.0	0.16	0.087	0	1.871	0.999983268116	11.8736078146
naag_glutamate	20.0	0.16	0.087	1	2.039	0.998781035048	7.04263069129
naag_glutamate	20.0	0.16	0.087	2	2.17	0.999033546018	3.73000618424
naag_glutamate	20.0	0.16	0.087	3	2.18	0.999063831472	3.49607511744
naag_glutamate	20.0	0.16	0.087	4	4.118	0.999930897701	-3.66315415135
naag_aspartyl	20.0	0.16	0.087	0	2.47528234113	0.171527376822	21.7215046476
naag_aspartyl	20.0	0.16	0.087	1	2.49895078736	0.239547806666	-25.313657929
naag_aspartyl	20.0	0.16	0.087	2	2.5150365979	0.300293820012	-2.06473602122
naag_aspartyl	20.0	0.16	0.087	3	2.53870504413	0.279600362293	-57.6515643811
naag_aspartyl	20.0	0.16	0.087	4	2.6874799919	0.296688157939	39.7086189212
naag_aspartyl	20.0	0.16	0.087	5	2.69861077995	0.2818768948	4.49905065253
naag_aspartyl	20.0	0.16	0.087	6	2.72723424867	0.178317240014	9.79682740589
naag_aspartyl	20.0	0.16	0.087	7	2.73836503673	0.232109759181	-23.0839900991
naag_aspartyl	20.0	0.16	0.087	8	4.57968417591	0.265814897573	42.7420159823
naag_aspartyl	20.0	0.16	0.087	9	4.59081496397	0.248138129465	11.6622623537
naag_aspartyl	20.0	0.16	0.087	10	4.60335262215	0.242084270049	-6.12392990136
naag_aspartyl	20.0	0.16	0.087	11	4.6144834102	0.213466478062	-45.4693144795
pcr_N(CH3)	20.0	0.422	0.09	0	3.029	2.98826482612	-6.06072581451
pcho_N(CH3)3_b	20.0	0.058	0.121	0	3.2068779711	2.10438823644	-4.24940578706
pcho_N(CH3)3_b	20.0	0.058	0.121	1	3.20801451245	0.0702000334507	246.964429832
pcho_N(CH3)3_b	20.0	0.058	0.121	2	3.20874419212	0.123378564848	146.843674303
pcho_N(CH3)3_b	20.0	0.058	0.121	3	3.20933197828	0.913213882359	-14.5709862176
pcho_N(CH3)3_b	20.0	0.058	0.121	4	3.2091668232	0.92535219967	10.1663479897
pcho_N(CH3)3_b	20.0	0.058	0.121	5	3.20942438209	0.428326708946	-9.81275696372
pcho_N(CH3)3_b	20.0	0.058	0.121	6	3.20942458696	0.085758445694	35.5285366826
pcho_N(CH3)3_b	20.0	0.058	0.121	7	3.20942440887	0.00550141146684	-88.9183030381
pcho_X	20.0	0.058	0.087	0	3.56758494629	0.00136068941688	12.8652630441
pcho_X	20.0	0.058	0.087	1	3.62894728502	0.408318058744	32.5149822633
pcho_X	20.0	0.058	0.087	2	3.62886159639	0.00383122352393	252.080107525
pcho_X	20.0	0.058	0.087	3	3.62903148053	0.0133413681197	116.753020844
pcho_X	20.0	0.058	0.087	4	3.63373301491	0.0881440029073	17.4217159251
pcho_X	20.0	0.058	0.087	5	3.6337303857	0.00316059384961	234.427038427
pcho_X	20.0	0.058	0.087	6	3.63548169366	0.121614515414	12.7245258038
pcho_X	20.0	0.058	0.087	7	3.64081073674	0.428159432624	-4.76131607407
pcho_X	20.0	0.058	0.087	8	3.64023290755	0.0101676742188	215.08946841
pcho_X	20.0	0.058	0.087	9	3.64639521245	0.133286387577	-18.7746361809
pcho_X	20.0	0.058	0.087	10	3.64814404446	0.0913302821469	-28.5985519907
pcho_X	20.0	0.058	0.087	11	3.64814639463	0.00179866617894	-85.3829281986
pcho_X	20.0	0.058	0.087	12	3.65277007611	0.432435141831	-43.2501097714
pcho_X	20.0	0.058	0.087	13	3.65269512562	0.00683106328602	255.638190921
pcho_X	20.0	0.058	0.087	14	3.65284401202	0.0270681526622	118.720511332
pcho_X	20.0	0.058	0.087	15	3.71397221198	0.00270609635382	-73.2160516572
pcho_X	20.0	0.058	0.087	16	4.20855157063	0.00070206725703	87.8836434691
pcho_X	20.0	0.058	0.087	17	4.25407919734	0.086643724147	34.6848674782
pcho_X	20.0	0.058	0.087	18	4.25870254849	0.0182943816016	20.1210528977
pcho_X	20.0	0.058	0.087	19	4.26079145675	0.110608962913	30.4478228331
pcho_X	20.0	0.058	0.087	20	4.26683046116	0.20970261707	16.8489408024
pcho_X	20.0	0.058	0.087	21	4.26967977058	0.0120792620678	136.164532946
pcho_X	20.0	0.058	0.087	22	4.26982430173	0.014314299869	-30.9487737819
pcho_X	20.0	0.058	0.087	23	4.27280151799	0.164052374763	-2.42835876474
pcho_X	20.0	0.058	0.087	24	4.27437741655	0.00513214119706	82.7531661116
pcho_X	20.0	0.058	0.087	25	4.27612573584	0.0109857184753	173.187927726
pcho_X	20.0	0.058	0.087	26	4.27655796562	0.0865028447774	35.1692797111
pcho_X	20.0	0.058	0.087	27	4.27829082465	0.145427465866	-26.1905690432
pcho_X	20.0	0.058	0.087	28	4.28039081085	0.0762936838149	-3.11142793497
pcho_X	20.0	0.058	0.087	29	4.28119561289	0.017205133944	255.740849349
pcho_X	20.0	0.058	0.087	30	4.28229087506	0.027611353183	187.843842903
pcho_X	20.0	0.058	0.087	31	4.28327624815	0.110413885986	30.8824467292
pcho_X	20.0	0.058	0.087	32	4.28477034115	0.105164405014	-35.9564743259
pcho_X	20.0	0.058	0.087	33	4.28818817233	0.116592130255	-2.26619896533
pcho_X	20.0	0.058	0.087	34	4.28704025753	0.0138040965637	124.855104047
pcho_X	20.0	0.058	0.087	35	4.28878857682	0.0226330328724	-85.7867175628
pcho_X	20.0	0.058	0.087	36	4.28974846876	0.0239365618108	15.0727692916
pcho_X	20.0	0.058	0.087	37	4.29152175111	0.0819068129186	-40.6079195699
pcho_X	20.0	0.058	0.087	38	4.29502073582	0.128322646416	-10.8742824002
pcho_X	20.0	0.058	0.087	39	4.29366174995	0.0206000250503	145.887389805
pcho_X	20.0	0.058	0.087	40	4.30044316679	0.105384540763	-36.0947674839
pcho_X	20.0	0.058	0.087	41	4.3024096743	0.0177118582628	-25.5667076681
pcho_X	20.0	0.058	0.087	42	4.30719446625	0.0821085693725	-40.7494576072
pcho_X	20.0	0.058	0.087	43	4.35493491732	0.000585333812914	266.188393585
pcr_X	20.0	0.422	0.081	0	3.93	1.99516356188	-4.35186677421
taurine	20.0	0.117	0.085	0	3.22786413981	0.210236106393	-4.85385642616
taurine	20.0	0.117	0.085	1	3.22953240332	0.20178715542	-3.41130223661
taurine	20.0	0.117	0.085	2	3.24508179145	0.97823959984	-8.37488602911
taurine	20.0	0.117	0.085	3	3.24725628213	0.0218804569944	-7.04473404262
taurine	20.0	0.117	0.085	4	3.26154002123	0.578048015247	-19.6882270733
taurine	20.0	0.117	0.085	5	3.40495981436	0.578925334354	7.19786610923
taurine	20.0	0.117	0.085	6	3.42137026743	1.00135986172	-4.28986390951
taurine	20.0	0.117	0.085	7	3.43696773629	0.201856804978	-9.36233471022
taurine	20.0	0.117	0.085	8	3.43863572058	0.210094660132	-7.9406946997
scyllo-inositol	20.0	0.044	0.087	0	3.34	5.98251526242	-6.36677402603
peth	20.0	0.126	0.087	0	3.20334013587	0.417433641436	33.9147463246
peth	20.0	0.126	0.087	1	3.20324494165	0.0154975920554	109.091089605
peth	20.0	0.126	0.087	2	3.20343488759	0.00956537553729	-83.9168918121
peth	20.0	0.126	0.087	3	3.21112696791	0.206663545147	9.23939967124
peth	20.0	0.126	0.087	4	3.21103016982	0.0330114043702	152.097004222
peth	20.0	0.126	0.087	5	3.21578987064	0.399776592088	-7.11657347269
peth	20.0	0.126	0.087	6	3.21547194427	0.0122143608177	113.769500579
peth	20.0	0.126	0.087	7	3.21612334552	0.0131544152263	197.941876873
peth	20.0	0.126	0.087	8	3.22080570078	0.21605396765	-23.0913580549
peth	20.0	0.126	0.087	9	3.22100249815	0.00681756794492	-86.0098958505
peth	20.0	0.126	0.087	10	3.22842356526	0.424239391914	-45.7819265816
peth	20.0	0.126	0.087	11	3.22834499771	0.00715094338748	166.875230952
peth	20.0	0.126	0.087	12	3.22850313322	0.00539845050029	81.2742034279
peth	20.0	0.126	0.087	13	3.28925229813	0.00149236626109	-17.1133090096
peth	20.0	0.126	0.087	14	3.91091033866	0.000842318047983	-82.2408715071
peth	20.0	0.126	0.087	15	3.95443779739	0.170369529141	35.3753303647
peth	20.0	0.126	0.087	16	3.95640905158	0.0851754632881	35.3584442929
peth	20.0	0.126	0.087	17	3.96204891872	0.0835205631095	11.2906384607
peth	20.0	0.126	0.087	18	3.96402099778	0.0417601409842	11.2893734678
peth	20.0	0.126	0.087	19	3.96707172331	0.160234605523	-3.40640349373
peth	20.0	0.126	0.087	20	3.96904274256	0.0801219486372	-3.38823451874
peth	20.0	0.126	0.087	21	3.97173392674	0.0828072385739	-19.7360645225
peth	20.0	0.126	0.087	22	3.97367172287	0.173511730657	35.7675909302
peth	20.0	0.126	0.087	23	3.97370480473	0.0414015411945	-19.7203254744
peth	20.0	0.126	0.087	24	3.97949407624	0.180462563176	-43.2804555434
peth	20.0	0.126	0.087	25	3.98117834377	0.0909281209551	12.5480765792
peth	20.0	0.126	0.087	26	3.98149236377	0.0835969511459	-44.422149642
peth	20.0	0.126	0.087	27	3.9840473668	0.0264919865356	157.590884234
peth	20.0	0.126	0.087	28	3.98618772277	0.176994667644	-1.18804364013
peth	20.0	0.126	0.087	29	3.98885165446	0.00278042211215	171.420748778
peth	20.0	0.126	0.087	30	3.98923663821	0.00419804487321	-83.1672003443
peth	20.0	0.126	0.087	31	3.99100855174	0.0828450461505	-19.5843783942
peth	20.0	0.126	0.087	32	3.99673582473	0.00238380967832	214.671366937
peth	20.0	0.126	0.087	33	3.99691234472	0.0045513453095	68.7598760552
peth	20.0	0.126	0.087	34	3.99879379399	0.167227909527	-44.1830125237
peth	20.0	0.126	0.087	35	4.01609374719	0.000578282525814	-15.2326338256
peth	20.0	0.126	0.087	36	4.05782772066	0.000801393099087	162.357687493
