;PINTS for FITMAN Simulation Output
;Experiment Information
;---------------------------------------------------------------------------
;Name: semi-LASER
;Created: 2017_10_30
;Comment: Density-matrix simulations of metabolites using PyGAMMA and metabolite parameters from V. Govindaraju et. al, NMR Biomed. 2000;13:129-153
;PI: bartha-olemew
;b0: 297.2
;49 Metabolites: alanine, aspartate, choline_1-CH2_2-CH2, choline_N(CH3)3_a, choline_N(CH3)3_b, creatine_N(CH3), creatine_X, d-glucose-alpha, d-glucose-beta, gaba, glutamate, glutamine, glutathione_cysteine, glutathione_glutamate, glutathione_glycine, glycine, gpc_7-CH2_8-CH2, gpc_glycerol, gpc_N(CH3)3_a, gpc_N(CH3)3_b, lactate, myoinositol, naa_acetyl, naa_aspartate, naag_acetyl, naag_aspartyl, naag_glutamate, pcho_N(CH3)3_a, pcho_N(CH3)3_b, pcho_X, pcr_N(CH3), pcr_X, peth, scyllo-inositol, taurine, lm1, lm2, lm3, lm4, lm5, lm6, lm7, lm8, lm9, lm10, lm11, lm12, lm13, lm14
;Simulation Results
;---------------------------------------------------------------------------
aspartate	110.0	0.117	0.087	0	2.60315461543	0.255660812412	193.361553824
aspartate	110.0	0.117	0.087	1	2.63321004478	0.122715509743	209.310884678
aspartate	110.0	0.117	0.087	2	2.66178300881	0.0786610548688	207.16256009
aspartate	110.0	0.117	0.087	3	2.69183843816	0.322641647021	196.293633257
aspartate	110.0	0.117	0.087	4	2.77093866344	0.0656075445749	96.3514539892
aspartate	110.0	0.117	0.087	5	2.78379157363	0.372968226743	-75.0950381063
aspartate	110.0	0.117	0.087	6	2.82956705682	0.294662038439	79.5017478109
aspartate	110.0	0.117	0.087	7	2.84241996702	0.117070541423	-74.8052300345
aspartate	110.0	0.117	0.087	8	3.8701699882	0.209942800009	240.448928248
aspartate	110.0	0.117	0.087	9	3.8830228984	0.171140684041	83.851281053
aspartate	110.0	0.117	0.087	10	3.90022541756	0.161450342308	255.189891112
aspartate	110.0	0.117	0.087	11	3.91307832775	0.225296264646	94.2192879174
alanine	110.0	0.078	0.087	0	1.45446335987	0.730376089467	-71.1499293659
alanine	110.0	0.078	0.087	1	1.47882121046	0.318349278687	257.199194815
alanine	110.0	0.078	0.087	2	3.7382838008	0.0931871490865	55.3714560791
alanine	110.0	0.078	0.087	3	3.76259394243	0.316181656069	127.957300494
alanine	110.0	0.078	0.087	4	3.78693887449	0.323670367073	212.942821118
alanine	110.0	0.078	0.087	5	3.81130127456	0.107149010552	-64.0342860149
choline_1-CH2_2-CH2	110.0	0.165	0.087	0	3.40528755443	0.00222576765841	174.764038496
choline_1-CH2_2-CH2	110.0	0.165	0.087	1	3.48363095677	0.3435764149	197.642501779
choline_1-CH2_2-CH2	110.0	0.165	0.087	2	3.48340724382	0.0133819381031	-87.072180218
choline_1-CH2_2-CH2	110.0	0.165	0.087	3	3.4838750549	0.0164964640593	96.8216320199
choline_1-CH2_2-CH2	110.0	0.165	0.087	4	3.49445759112	0.18825639148	72.128452758
choline_1-CH2_2-CH2	110.0	0.165	0.087	5	3.49451015708	0.0365487701315	198.430662298
choline_1-CH2_2-CH2	110.0	0.165	0.087	6	3.50057225316	0.249276867308	-5.18498913456
choline_1-CH2_2-CH2	110.0	0.165	0.087	7	3.50001051972	0.0389270658488	261.113570799
choline_1-CH2_2-CH2	110.0	0.165	0.087	8	3.50095191714	0.0395759127897	178.957671254
choline_1-CH2_2-CH2	110.0	0.165	0.087	9	3.50738541238	0.162493733379	268.315201402
choline_1-CH2_2-CH2	110.0	0.165	0.087	10	3.50738518732	0.0303426138612	-40.1443314323
choline_1-CH2_2-CH2	110.0	0.165	0.087	11	3.51779214321	0.377569638658	139.758775321
choline_1-CH2_2-CH2	110.0	0.165	0.087	12	3.51755593319	0.0189694638022	211.548214437
choline_1-CH2_2-CH2	110.0	0.165	0.087	13	3.59567488242	0.00427532767985	-48.0226938239
choline_1-CH2_2-CH2	110.0	0.165	0.087	14	3.96815265095	0.00263652302621	136.541996607
choline_1-CH2_2-CH2	110.0	0.165	0.087	15	4.0283795131	0.178066579108	201.579414481
choline_1-CH2_2-CH2	110.0	0.165	0.087	16	4.03720692904	0.174159138487	203.321686818
choline_1-CH2_2-CH2	110.0	0.165	0.087	17	4.03877239611	0.0814529921434	75.2555911011
choline_1-CH2_2-CH2	110.0	0.165	0.087	18	4.04560475418	0.135501048656	-9.14240109905
choline_1-CH2_2-CH2	110.0	0.165	0.087	19	4.04628113774	0.0282204151757	249.584245136
choline_1-CH2_2-CH2	110.0	0.165	0.087	20	4.04760328763	0.0808276331762	76.6052970942
choline_1-CH2_2-CH2	110.0	0.165	0.087	21	4.05169573389	0.0841203665875	-89.0544637507
choline_1-CH2_2-CH2	110.0	0.165	0.087	22	4.05441483152	0.121342323958	-11.4312586034
choline_1-CH2_2-CH2	110.0	0.165	0.087	23	4.05646282041	0.0513887275273	65.3334708411
choline_1-CH2_2-CH2	110.0	0.165	0.087	24	4.06047685025	0.0426298845199	-89.3435333026
choline_1-CH2_2-CH2	110.0	0.165	0.087	25	4.06057773897	0.0420949919079	269.438351145
choline_1-CH2_2-CH2	110.0	0.165	0.087	26	4.06253035967	0.168813653204	146.343333313
choline_1-CH2_2-CH2	110.0	0.165	0.087	27	4.06288441363	0.0257193761054	73.6580221903
choline_1-CH2_2-CH2	110.0	0.165	0.087	28	4.06381701365	0.00821171497974	-60.785578598
choline_1-CH2_2-CH2	110.0	0.165	0.087	29	4.06938277901	0.0480375674874	38.1463403602
choline_1-CH2_2-CH2	110.0	0.165	0.087	30	4.07135516917	0.17300616748	146.655763825
choline_1-CH2_2-CH2	110.0	0.165	0.087	31	4.07996127587	0.026373865313	185.309788495
choline_1-CH2_2-CH2	110.0	0.165	0.087	32	4.08042102971	0.00216008538674	107.393915213
choline_1-CH2_2-CH2	110.0	0.165	0.087	33	4.15854877634	0.00202688567688	24.8407976806
choline_N(CH3)3_a	110.0	0.165	0.121	0	3.18308188091	1.32061728503	-6.34966895814
choline_N(CH3)3_a	110.0	0.165	0.121	1	3.18499956208	0.174797423817	-4.30980497479
choline_N(CH3)3_a	110.0	0.165	0.121	2	3.18499956212	0.206505426181	-28.5711327939
choline_N(CH3)3_a	110.0	0.165	0.121	3	3.18499956222	0.122132399401	115.905781122
choline_N(CH3)3_a	110.0	0.165	0.121	4	3.18499956237	0.00208677813075	205.102008191
choline_N(CH3)3_a	110.0	0.165	0.121	5	3.18499956237	0.0536645127769	258.149038115
choline_N(CH3)3_a	110.0	0.165	0.121	6	3.186917526	0.15381222199	-19.3828039345
choline_N(CH3)3_a	110.0	0.165	0.121	7	3.18691755435	0.068194011632	170.717819981
choline_N(CH3)3_a	110.0	0.165	0.121	8	3.18691803565	0.121336620202	99.4167913274
choline_N(CH3)3_a	110.0	0.165	0.121	9	3.18691790024	0.117576230287	-56.720878383
choline_N(CH3)3_a	110.0	0.165	0.121	10	3.1869179003	0.0128835890509	254.917279636
creatine_N(CH3)	110.0	0.296	0.09	0	3.027	2.99208771653	-1.96623022403
creatine_X	110.0	0.296	0.081	0	3.913	1.98998571859	-7.87267773516
d-glucose-alpha	110.0	0.049	0.087	0	3.31839858077	0.00321816929814	261.346790011
d-glucose-alpha	110.0	0.049	0.087	1	3.34963098538	0.00464747955425	174.29804055
d-glucose-alpha	110.0	0.049	0.087	2	3.35210562577	0.0101979936569	113.144587301
d-glucose-alpha	110.0	0.049	0.087	3	3.36168278394	0.117973837569	10.1485462751
d-glucose-alpha	110.0	0.049	0.087	4	3.36377562123	0.0266288732762	29.3839809228
d-glucose-alpha	110.0	0.049	0.087	5	3.38335238492	0.00654175692117	12.1789881038
d-glucose-alpha	110.0	0.049	0.087	6	3.39313525395	0.299955151349	-13.5422205372
d-glucose-alpha	110.0	0.049	0.087	7	3.39444487766	0.117980474242	-34.7083557614
d-glucose-alpha	110.0	0.049	0.087	8	3.39487269385	0.048401499858	-1.90096848474
d-glucose-alpha	110.0	0.049	0.087	9	3.40384703785	0.0120833069272	-53.1629280432
d-glucose-alpha	110.0	0.049	0.087	10	3.42372905296	0.0498004414655	3.42959739116
d-glucose-alpha	110.0	0.049	0.087	11	3.42585757189	0.0378570250923	-24.6491260754
d-glucose-alpha	110.0	0.049	0.087	12	3.42555354693	0.038318761481	223.794548261
d-glucose-alpha	110.0	0.049	0.087	13	3.4258102047	0.0693749312376	-11.2188166152
d-glucose-alpha	110.0	0.049	0.087	14	3.43529904083	0.00967529238151	-37.6086118795
d-glucose-alpha	110.0	0.049	0.087	15	3.43725155154	0.00209480166738	145.843172776
d-glucose-alpha	110.0	0.049	0.087	16	3.46875837383	0.00500100410171	93.1717912209
d-glucose-alpha	110.0	0.049	0.087	17	3.49510882879	0.242683510149	245.507194785
d-glucose-alpha	110.0	0.049	0.087	18	3.5077705222	0.248989742385	118.322543505
d-glucose-alpha	110.0	0.049	0.087	19	3.51599361256	0.000939944898	212.827340323
d-glucose-alpha	110.0	0.049	0.087	20	3.52726279987	0.218578043399	249.507402194
d-glucose-alpha	110.0	0.049	0.087	21	3.52746053398	0.0119602556031	-88.9859303807
d-glucose-alpha	110.0	0.049	0.087	22	3.53995584054	0.164222185081	69.5981523074
d-glucose-alpha	110.0	0.049	0.087	23	3.66848372934	0.268792968479	1.6764708845
d-glucose-alpha	110.0	0.049	0.087	24	3.7004623729	0.227268986178	-26.7166448385
d-glucose-alpha	110.0	0.049	0.087	25	3.70054193004	0.278511921488	-3.00227161459
d-glucose-alpha	110.0	0.049	0.087	26	3.69994502215	0.025725446303	58.6610338135
d-glucose-alpha	110.0	0.049	0.087	27	3.71005348043	0.0593958953694	180.228563303
d-glucose-alpha	110.0	0.049	0.087	28	3.71259386819	0.0894246276603	258.404218286
d-glucose-alpha	110.0	0.049	0.087	29	3.72175344078	0.0254545999315	188.383067514
d-glucose-alpha	110.0	0.049	0.087	30	3.73203995029	0.248152997258	-28.6341643446
d-glucose-alpha	110.0	0.049	0.087	31	3.73237543914	0.209284077802	72.5346372775
d-glucose-alpha	110.0	0.049	0.087	32	3.75201114559	0.0868635358627	-84.5092669668
d-glucose-alpha	110.0	0.049	0.087	33	3.75278054329	0.00381623027039	55.7785446437
d-glucose-alpha	110.0	0.049	0.087	34	3.753178496	0.0942499524615	209.169146497
d-glucose-alpha	110.0	0.049	0.087	35	3.7624857905	0.0715901776957	-49.475824326
d-glucose-alpha	110.0	0.049	0.087	36	3.77310133034	0.173418430584	-50.6910338055
d-glucose-alpha	110.0	0.049	0.087	37	3.77418210774	0.126824484163	6.80822163728
d-glucose-alpha	110.0	0.049	0.087	38	3.79604441706	0.218434033085	-33.7156619266
d-glucose-alpha	110.0	0.049	0.087	39	3.80033039256	0.0742252525032	107.429116484
d-glucose-alpha	110.0	0.049	0.087	40	3.80652316736	0.037614268883	106.872520813
d-glucose-alpha	110.0	0.049	0.087	41	3.80790499066	0.154457978499	-59.171010411
d-glucose-alpha	110.0	0.049	0.087	42	3.81079158842	0.0902802866658	176.575190302
d-glucose-alpha	110.0	0.049	0.087	43	3.81305073095	0.0805470597927	257.550715102
d-glucose-alpha	110.0	0.049	0.087	44	3.81817454294	0.0268221161017	130.897028485
d-glucose-alpha	110.0	0.049	0.087	45	3.81826763267	0.00647782317329	-1.02820608196
d-glucose-alpha	110.0	0.049	0.087	46	3.82248670319	0.0325312218596	81.5210793763
d-glucose-alpha	110.0	0.049	0.087	47	3.82814952527	0.104859321851	257.107445522
d-glucose-alpha	110.0	0.049	0.087	48	3.83328119637	0.136370086032	244.108875716
d-glucose-alpha	110.0	0.049	0.087	49	3.84799242002	0.0134372090565	81.1096236748
d-glucose-alpha	110.0	0.049	0.087	50	3.84812132155	0.0329731162259	136.705422745
d-glucose-alpha	110.0	0.049	0.087	51	3.84848670502	0.146107601992	230.300086333
d-glucose-alpha	110.0	0.049	0.087	52	3.84847882518	0.0360800992393	-89.0322868787
d-glucose-alpha	110.0	0.049	0.087	53	3.85319664959	0.121085199633	5.95224018376
d-glucose-alpha	110.0	0.049	0.087	54	3.85291880054	0.0618633689439	132.723726472
d-glucose-alpha	110.0	0.049	0.087	55	3.85362913889	0.0287628327014	177.345763476
d-glucose-alpha	110.0	0.049	0.087	56	3.89678243249	0.0108667003458	-3.72756448056
choline_N(CH3)3_b	110.0	0.165	0.121	0	3.18308188064	1.6496611894	-6.34965777987
choline_N(CH3)3_b	110.0	0.165	0.121	1	3.18499956225	0.106130923637	223.486411969
choline_N(CH3)3_b	110.0	0.165	0.121	2	3.18499956219	0.341175106335	-16.2404492858
choline_N(CH3)3_b	110.0	0.165	0.121	3	3.18499956243	0.0911587152448	212.893705241
choline_N(CH3)3_b	110.0	0.165	0.121	4	3.18499956219	0.339791662181	-16.4396271952
choline_N(CH3)3_b	110.0	0.165	0.121	5	3.18499956227	0.133657114867	-63.6526176378
choline_N(CH3)3_b	110.0	0.165	0.121	6	3.18499956233	0.0309214006936	92.355603902
choline_N(CH3)3_b	110.0	0.165	0.121	7	3.18499956236	0.0278059626586	79.7506836117
choline_N(CH3)3_b	110.0	0.165	0.121	8	3.18499956257	0.0387579361908	145.726915788
choline_N(CH3)3_b	110.0	0.165	0.121	9	3.18691771045	0.638279474564	-4.70805072156
choline_N(CH3)3_b	110.0	0.165	0.121	10	3.18691741427	0.0569769262368	124.672458289
choline_N(CH3)3_b	110.0	0.165	0.121	11	3.18691800347	0.041043071435	248.013992578
choline_N(CH3)3_b	110.0	0.165	0.121	12	3.18691794129	0.359220670426	0.418781219914
choline_N(CH3)3_b	110.0	0.165	0.121	13	3.1869181486	0.199833032681	1.60304714866
choline_N(CH3)3_b	110.0	0.165	0.121	14	3.18691811919	0.00433279679353	183.307631689
glutamine	110.0	0.427	0.087	0	2.02959843313	0.00823401681542	119.700686506
glutamine	110.0	0.427	0.087	1	2.04903832083	0.00437112510291	260.421013941
glutamine	110.0	0.427	0.087	2	2.05078450944	0.00921500673366	259.958316617
glutamine	110.0	0.427	0.087	3	2.05789178012	0.00916118719596	135.501223883
glutamine	110.0	0.427	0.087	4	2.06949146946	0.00166350394207	-34.4036623505
glutamine	110.0	0.427	0.087	5	2.07824700764	0.0507001661412	75.9919290373
glutamine	110.0	0.427	0.087	6	2.07868983384	0.00186976144201	0.452611559404
glutamine	110.0	0.427	0.087	7	2.07913261771	0.00589466483845	238.771861501
glutamine	110.0	0.427	0.087	8	2.08348312725	0.0107505601445	180.500448121
glutamine	110.0	0.427	0.087	9	2.08467424299	0.0941318289735	119.212440908
glutamine	110.0	0.427	0.087	10	2.0994120015	0.0625837256779	238.946533653
glutamine	110.0	0.427	0.087	11	2.10110091148	0.0173192557517	205.574955507
glutamine	110.0	0.427	0.087	12	2.10307683112	0.0326484023983	165.67782669
glutamine	110.0	0.427	0.087	13	2.10479853377	0.0137778553547	-35.5632155728
glutamine	110.0	0.427	0.087	14	2.10493473898	0.0533323435191	263.344945624
glutamine	110.0	0.427	0.087	15	2.10705943378	0.0411791331476	217.578133778
glutamine	110.0	0.427	0.087	16	2.10978222351	0.0479863517076	104.740898318
glutamine	110.0	0.427	0.087	17	2.11007205827	0.0264490079573	197.810676082
glutamine	110.0	0.427	0.087	18	2.11574074582	0.00946566519354	123.857422633
glutamine	110.0	0.427	0.087	19	2.12154007131	0.0130694477389	230.926965144
glutamine	110.0	0.427	0.087	20	2.12427844833	0.0645333215923	236.062876187
glutamine	110.0	0.427	0.087	21	2.12762581022	0.0511986283796	-6.09621002691
glutamine	110.0	0.427	0.087	22	2.13015833943	0.0544744461742	-62.2505794791
glutamine	110.0	0.427	0.087	23	2.13169829638	0.170900912054	179.782604108
glutamine	110.0	0.427	0.087	24	2.1333228175	0.00849646685002	135.465644901
glutamine	110.0	0.427	0.087	25	2.13493755571	0.0707974760429	229.923317747
glutamine	110.0	0.427	0.087	26	2.1368241746	0.0104518865276	260.141239979
glutamine	110.0	0.427	0.087	27	2.15336547463	0.0464010733951	-41.04469542
glutamine	110.0	0.427	0.087	28	2.15356223104	0.00761323599904	231.74938892
glutamine	110.0	0.427	0.087	29	2.15502822922	0.0815325203788	-34.7402509051
glutamine	110.0	0.427	0.087	30	2.15542925651	0.00255058124228	179.100957919
glutamine	110.0	0.427	0.087	31	2.15894987717	0.00811991741705	171.856512143
glutamine	110.0	0.427	0.087	32	2.16411056855	0.00499556434813	45.1970670387
glutamine	110.0	0.427	0.087	33	2.17574695392	0.00666434920959	203.761438908
glutamine	110.0	0.427	0.087	34	2.17923162819	0.00559971297561	-29.956734222
glutamine	110.0	0.427	0.087	35	2.18375589082	0.0119028432819	191.924774537
glutamine	110.0	0.427	0.087	36	2.20359517008	0.0121534733098	-39.4915651695
glutamine	110.0	0.427	0.087	37	2.2334385108	0.00200123610632	-83.6512826774
glutamine	110.0	0.427	0.087	38	2.33941149415	0.0023575301775	53.5391400808
glutamine	110.0	0.427	0.087	39	2.36519863864	0.0373005045358	-0.187939941129
glutamine	110.0	0.427	0.087	40	2.38769327886	0.0160733387782	101.218404352
glutamine	110.0	0.427	0.087	41	2.38967447932	0.0236538111863	22.6453600644
glutamine	110.0	0.427	0.087	42	2.39609645372	0.00385800163711	-19.5383455537
glutamine	110.0	0.427	0.087	43	2.39710305104	0.00419378042993	71.7153690156
glutamine	110.0	0.427	0.087	44	2.41530006851	0.0255173033346	84.2387068545
glutamine	110.0	0.427	0.087	45	2.41669151346	0.179094002428	-54.4537033603
glutamine	110.0	0.427	0.087	46	2.41945940947	0.203057455764	5.57746602816
glutamine	110.0	0.427	0.087	47	2.43851847185	0.0616259556909	127.994541692
glutamine	110.0	0.427	0.087	48	2.438851784	0.0683161672745	-10.4712543592
glutamine	110.0	0.427	0.087	49	2.44157545616	0.110601798367	-3.32016292447
glutamine	110.0	0.427	0.087	50	2.44811126284	0.193927990098	49.9806632625
glutamine	110.0	0.427	0.087	51	2.44778620206	0.061509800837	-82.5792474652
glutamine	110.0	0.427	0.087	52	2.46685625152	0.161241309045	40.2593350433
glutamine	110.0	0.427	0.087	53	2.47096527216	0.0386969967018	-48.3577652259
glutamine	110.0	0.427	0.087	54	2.47336826376	0.119043081635	96.6532276773
glutamine	110.0	0.427	0.087	55	2.49353845117	0.00503242081345	43.8635058466
glutamine	110.0	0.427	0.087	56	2.49661053616	0.0275486694235	22.8085165652
glutamine	110.0	0.427	0.087	57	2.50240570536	0.013662930734	-47.3610897377
glutamine	110.0	0.427	0.087	58	2.5249322278	0.0254975926536	40.4568827891
glutamine	110.0	0.427	0.087	59	3.73242271289	0.213762214463	228.642628286
glutamine	110.0	0.427	0.087	60	3.75308413598	0.439517212852	-8.71682719738
glutamine	110.0	0.427	0.087	61	3.77385007661	0.202955365765	111.787708276
d-glucose-beta	110.0	0.049	0.087	0	3.13222154187	0.00180713952353	239.121126663
d-glucose-beta	110.0	0.049	0.087	1	3.18000789313	0.000935357844253	254.205113324
d-glucose-beta	110.0	0.049	0.087	2	3.18010918846	0.000889807194179	-71.8268140139
d-glucose-beta	110.0	0.049	0.087	3	3.18504113668	0.00301081050162	249.008328631
d-glucose-beta	110.0	0.049	0.087	4	3.19507767206	0.00584576755099	202.023764562
d-glucose-beta	110.0	0.049	0.087	5	3.1961011039	0.00405124345407	255.588611129
d-glucose-beta	110.0	0.049	0.087	6	3.19817436453	0.00733266556856	193.571987381
d-glucose-beta	110.0	0.049	0.087	7	3.19858675256	0.0066787586731	-71.8381144938
d-glucose-beta	110.0	0.049	0.087	8	3.20049770165	0.106033710175	-27.0328187172
d-glucose-beta	110.0	0.049	0.087	9	3.20259017158	0.0311041609317	-79.4977824331
d-glucose-beta	110.0	0.049	0.087	10	3.2045948496	0.00515215603614	-10.2754128142
d-glucose-beta	110.0	0.049	0.087	11	3.20559535773	0.0110524656073	-62.734571593
d-glucose-beta	110.0	0.049	0.087	12	3.20674380763	0.000546330782053	261.479044815
d-glucose-beta	110.0	0.049	0.087	13	3.20679107353	0.00092644031565	-9.34022194569
d-glucose-beta	110.0	0.049	0.087	14	3.2115885965	0.00076535519483	251.308990505
d-glucose-beta	110.0	0.049	0.087	15	3.21199939533	0.00147516226802	-30.1848934722
d-glucose-beta	110.0	0.049	0.087	16	3.22183773397	0.00118821854651	250.882676032
d-glucose-beta	110.0	0.049	0.087	17	3.22281796337	0.0048076323353	-59.6922489629
d-glucose-beta	110.0	0.049	0.087	18	3.2269718782	0.0875567991196	-6.01507370157
d-glucose-beta	110.0	0.049	0.087	19	3.22563167541	0.00734928012815	263.132012561
d-glucose-beta	110.0	0.049	0.087	20	3.22909491141	0.144484688922	8.80094212731
d-glucose-beta	110.0	0.049	0.087	21	3.22899339379	0.0192151965013	255.943670217
d-glucose-beta	110.0	0.049	0.087	22	3.2299629087	0.161345961502	-9.66238325236
d-glucose-beta	110.0	0.049	0.087	23	3.22979901216	0.00619272105761	-87.3112274297
d-glucose-beta	110.0	0.049	0.087	24	3.23129843205	0.00650462145364	48.5172813477
d-glucose-beta	110.0	0.049	0.087	25	3.23163977245	0.00385402154065	163.47833084
d-glucose-beta	110.0	0.049	0.087	26	3.2323553083	0.00763052443442	-12.5057646225
d-glucose-beta	110.0	0.049	0.087	27	3.23412946254	0.00373879815645	79.8568929653
d-glucose-beta	110.0	0.049	0.087	28	3.23715619294	0.00143792404468	74.1917514114
d-glucose-beta	110.0	0.049	0.087	29	3.24492635208	0.0016616605566	35.8139924317
d-glucose-beta	110.0	0.049	0.087	30	3.24732303237	0.00114676671264	52.7118791257
d-glucose-beta	110.0	0.049	0.087	31	3.25013935444	0.00109968651337	14.4353122911
d-glucose-beta	110.0	0.049	0.087	32	3.25321505128	0.0205500044034	12.6185788193
d-glucose-beta	110.0	0.049	0.087	33	3.25685426234	0.233417630773	18.9517103262
d-glucose-beta	110.0	0.049	0.087	34	3.25846159829	0.000825475059285	-13.4425531493
d-glucose-beta	110.0	0.049	0.087	35	3.26092704266	0.00435835482456	24.3938728643
d-glucose-beta	110.0	0.049	0.087	36	3.26100542631	0.00282531727539	118.228319393
d-glucose-beta	110.0	0.049	0.087	37	3.26403259453	0.00113039899129	108.001772462
d-glucose-beta	110.0	0.049	0.087	38	3.27183568905	0.00143263637837	88.0605818195
d-glucose-beta	110.0	0.049	0.087	39	3.27422061941	0.00106898691791	110.682149722
d-glucose-beta	110.0	0.049	0.087	40	3.27705057309	0.00109831613487	65.1735703942
d-glucose-beta	110.0	0.049	0.087	41	3.27902799907	0.00072406699215	78.6766381126
d-glucose-beta	110.0	0.049	0.087	42	3.29992167254	0.00152904027847	32.2114732209
d-glucose-beta	110.0	0.049	0.087	43	3.30191391454	0.000403999782968	14.3811707189
d-glucose-beta	110.0	0.049	0.087	44	3.32483534179	0.00216306146132	254.752363098
d-glucose-beta	110.0	0.049	0.087	45	3.32532329556	0.000776898995254	-83.9686785531
d-glucose-beta	110.0	0.049	0.087	46	3.32681303102	0.00202398369669	96.8224500013
d-glucose-beta	110.0	0.049	0.087	47	3.32875786796	0.000574073005733	75.7569306615
d-glucose-beta	110.0	0.049	0.087	48	3.33061871178	0.00124655883487	250.868188831
d-glucose-beta	110.0	0.049	0.087	49	3.33613132439	0.000840305092218	218.583008847
d-glucose-beta	110.0	0.049	0.087	50	3.35062071344	0.0468301280618	231.08910501
d-glucose-beta	110.0	0.049	0.087	51	3.35165058476	0.0715142934274	120.569862038
d-glucose-beta	110.0	0.049	0.087	52	3.35179083534	0.0399086304313	68.7207390941
d-glucose-beta	110.0	0.049	0.087	53	3.35183216455	0.00310737864187	-73.6792434479
d-glucose-beta	110.0	0.049	0.087	54	3.35399670971	0.000944610849684	245.944776391
d-glucose-beta	110.0	0.049	0.087	55	3.36355353294	0.000939287155956	266.937759166
d-glucose-beta	110.0	0.049	0.087	56	3.36364415441	0.00100766923931	-67.6686362117
d-glucose-beta	110.0	0.049	0.087	57	3.37399269285	0.0189160200503	-75.6098342743
d-glucose-beta	110.0	0.049	0.087	58	3.37888243227	0.0333484846197	47.0266598574
d-glucose-beta	110.0	0.049	0.087	59	3.38015849993	0.00329994818329	238.79452459
d-glucose-beta	110.0	0.049	0.087	60	3.38106017906	0.0820280672511	29.8049991803
d-glucose-beta	110.0	0.049	0.087	61	3.38124689536	0.13591590818	-4.29710708713
d-glucose-beta	110.0	0.049	0.087	62	3.38145304288	0.131225263673	-32.6286199372
d-glucose-beta	110.0	0.049	0.087	63	3.38223898493	0.0514653069973	-51.3486853
d-glucose-beta	110.0	0.049	0.087	64	3.38748487808	0.025280099944	-60.2386268711
d-glucose-beta	110.0	0.049	0.087	65	3.38762332244	0.0349394407917	-2.95719797898
d-glucose-beta	110.0	0.049	0.087	66	3.39629650662	0.0156147680714	-12.4532724359
d-glucose-beta	110.0	0.049	0.087	67	3.40084058761	0.0122085181159	-34.9410696742
d-glucose-beta	110.0	0.049	0.087	68	3.4096959947	0.257075472788	-23.789282643
d-glucose-beta	110.0	0.049	0.087	69	3.40957171415	0.000638760367753	82.3505126206
d-glucose-beta	110.0	0.049	0.087	70	3.41144063043	0.0496569527183	-70.4324449995
d-glucose-beta	110.0	0.049	0.087	71	3.41165978548	0.0155959213227	269.450184994
d-glucose-beta	110.0	0.049	0.087	72	3.4146768565	0.00425980296478	-55.1725886523
d-glucose-beta	110.0	0.049	0.087	73	3.42562040417	0.0149528633924	128.045280965
d-glucose-beta	110.0	0.049	0.087	74	3.42591325494	0.0232182606568	-42.9830803095
d-glucose-beta	110.0	0.049	0.087	75	3.42577475702	0.00301853872891	265.552459641
d-glucose-beta	110.0	0.049	0.087	76	3.4286198912	0.036760312036	-36.0143681285
d-glucose-beta	110.0	0.049	0.087	77	3.42871007598	0.0498495713828	240.990822271
d-glucose-beta	110.0	0.049	0.087	78	3.43050455688	0.00452815322417	242.850836045
d-glucose-beta	110.0	0.049	0.087	79	3.43084352302	0.0130966362826	134.623224834
d-glucose-beta	110.0	0.049	0.087	80	3.43126448003	0.0206094841895	-74.4272478841
d-glucose-beta	110.0	0.049	0.087	81	3.43362373963	0.0477374810338	-76.8719827146
d-glucose-beta	110.0	0.049	0.087	82	3.43364488745	0.0467958379935	193.088919755
d-glucose-beta	110.0	0.049	0.087	83	3.44169148776	0.00758042946186	120.923424282
d-glucose-beta	110.0	0.049	0.087	84	3.44327085538	0.00272540218733	201.535595892
d-glucose-beta	110.0	0.049	0.087	85	3.44403004566	0.0124803599779	-17.1922463592
d-glucose-beta	110.0	0.049	0.087	86	3.44404733845	0.0588220034298	111.990945518
d-glucose-beta	110.0	0.049	0.087	87	3.44513733059	0.0450958624029	210.480320006
d-glucose-beta	110.0	0.049	0.087	88	3.44663847073	0.170600804133	22.2301583736
d-glucose-beta	110.0	0.049	0.087	89	3.44644813072	0.0304485626611	78.8275222025
d-glucose-beta	110.0	0.049	0.087	90	3.44865261985	0.0243854483929	-37.885391009
d-glucose-beta	110.0	0.049	0.087	91	3.44962825668	0.0326556253237	155.928163184
d-glucose-beta	110.0	0.049	0.087	92	3.44995242863	0.0463170237747	193.011869777
d-glucose-beta	110.0	0.049	0.087	93	3.45020485509	0.0823219255669	6.23840674552
d-glucose-beta	110.0	0.049	0.087	94	3.4524199111	0.0114822082669	-24.9728689807
d-glucose-beta	110.0	0.049	0.087	95	3.45439653518	0.0535204008671	61.506334026
d-glucose-beta	110.0	0.049	0.087	96	3.45754736041	0.0148411241715	-28.6829902042
d-glucose-beta	110.0	0.049	0.087	97	3.45908404834	0.0290032370475	57.0612855762
d-glucose-beta	110.0	0.049	0.087	98	3.46043184695	0.018795076884	-1.23005198165
d-glucose-beta	110.0	0.049	0.087	99	3.46244021021	0.0264141045817	233.138406151
d-glucose-beta	110.0	0.049	0.087	100	3.46981833689	0.0373056391366	12.3247870942
d-glucose-beta	110.0	0.049	0.087	101	3.47217641465	0.00927128602456	153.796597205
d-glucose-beta	110.0	0.049	0.087	102	3.47281948822	0.0510735495064	-44.4936396248
d-glucose-beta	110.0	0.049	0.087	103	3.47429247145	0.023563332915	155.645311146
d-glucose-beta	110.0	0.049	0.087	104	3.47573836723	0.120683452138	-26.3627299644
d-glucose-beta	110.0	0.049	0.087	105	3.47573553783	0.138568894054	-21.2847840498
d-glucose-beta	110.0	0.049	0.087	106	3.47628997196	0.0100374320883	20.9384519441
d-glucose-beta	110.0	0.049	0.087	107	3.47765629165	0.0566511658663	201.093555535
d-glucose-beta	110.0	0.049	0.087	108	3.47772831498	0.0395378163489	226.256740119
d-glucose-beta	110.0	0.049	0.087	109	3.47868929024	0.0980771349989	-43.977684099
d-glucose-beta	110.0	0.049	0.087	110	3.47949581504	0.0309897557943	117.769378003
d-glucose-beta	110.0	0.049	0.087	111	3.48051106857	0.00169464226362	26.2847821177
d-glucose-beta	110.0	0.049	0.087	112	3.4806063837	0.0113156109208	-72.4410245082
d-glucose-beta	110.0	0.049	0.087	113	3.48273352479	0.0148637102186	110.204601834
d-glucose-beta	110.0	0.049	0.087	114	3.50595998721	0.0902857335832	199.900125313
d-glucose-beta	110.0	0.049	0.087	115	3.50795972279	0.0763328270526	60.9037419737
d-glucose-beta	110.0	0.049	0.087	116	3.52429011906	0.00297323992973	41.2800306066
d-glucose-beta	110.0	0.049	0.087	117	3.52913407578	0.00251248418965	14.4588279588
d-glucose-beta	110.0	0.049	0.087	118	3.54033629626	0.00117895780773	-21.0515224346
d-glucose-beta	110.0	0.049	0.087	119	3.5455014559	0.000437302163556	-44.4173234063
d-glucose-beta	110.0	0.049	0.087	120	3.55307842638	0.000519393364364	29.9824442098
d-glucose-beta	110.0	0.049	0.087	121	3.5578781287	0.000500997208115	50.8852648605
d-glucose-beta	110.0	0.049	0.087	122	3.56900677068	0.000482630747458	27.1321146203
d-glucose-beta	110.0	0.049	0.087	123	3.57410258271	0.000426383870259	-17.3986863926
d-glucose-beta	110.0	0.049	0.087	124	3.59577321754	0.00204019746625	162.661976834
d-glucose-beta	110.0	0.049	0.087	125	3.61975809373	0.00107464366013	-10.0387457696
d-glucose-beta	110.0	0.049	0.087	126	3.62418877318	0.0016049265663	2.39536835095
d-glucose-beta	110.0	0.049	0.087	127	3.62716420305	0.000918625708655	-11.0345090603
d-glucose-beta	110.0	0.049	0.087	128	3.67020536808	0.0013499814593	218.17036729
d-glucose-beta	110.0	0.049	0.087	129	3.67303199059	0.0307481390808	-17.5902769676
d-glucose-beta	110.0	0.049	0.087	130	3.67546767668	0.127369387824	-18.4962160111
d-glucose-beta	110.0	0.049	0.087	131	3.67612072827	0.0382005176565	-54.621044072
d-glucose-beta	110.0	0.049	0.087	132	3.67951955057	0.0199813097635	-37.2011179749
d-glucose-beta	110.0	0.049	0.087	133	3.68861363837	0.0069801117833	257.698870341
d-glucose-beta	110.0	0.049	0.087	134	3.68980395204	0.0106174034204	154.625654515
d-glucose-beta	110.0	0.049	0.087	135	3.69272392979	0.075157839642	172.936518162
d-glucose-beta	110.0	0.049	0.087	136	3.69261485413	0.0167149618473	257.165003908
d-glucose-beta	110.0	0.049	0.087	137	3.69458811907	0.00856306070048	-87.0239727378
d-glucose-beta	110.0	0.049	0.087	138	3.69721034708	0.010725706825	124.71578496
d-glucose-beta	110.0	0.049	0.087	139	3.71161975169	0.00961420139436	158.183783077
d-glucose-beta	110.0	0.049	0.087	140	3.71708000191	0.148799212313	153.304177052
d-glucose-beta	110.0	0.049	0.087	141	3.71750740515	0.0726344301141	100.885419604
d-glucose-beta	110.0	0.049	0.087	142	3.71942827255	0.024632859708	128.64654008
d-glucose-beta	110.0	0.049	0.087	143	3.7333973152	0.0497864227837	83.9584495729
d-glucose-beta	110.0	0.049	0.087	144	3.73393004891	0.204067915719	2.43848847839
d-glucose-beta	110.0	0.049	0.087	145	3.73829058027	0.00914468948389	91.1031343786
d-glucose-beta	110.0	0.049	0.087	146	3.74151078968	0.00522122947297	-10.4919724355
d-glucose-beta	110.0	0.049	0.087	147	3.74474028043	0.000898183996784	113.858067503
d-glucose-beta	110.0	0.049	0.087	148	3.78127215529	0.00226888747437	-35.3781710214
d-glucose-beta	110.0	0.049	0.087	149	3.85598398383	0.00525707802982	-36.099348655
d-glucose-beta	110.0	0.049	0.087	150	3.8578831667	0.00729794973666	-14.2979695266
d-glucose-beta	110.0	0.049	0.087	151	3.86110376532	0.134681156345	-63.6603661609
d-glucose-beta	110.0	0.049	0.087	152	3.86113853181	0.0294373400783	262.234048807
d-glucose-beta	110.0	0.049	0.087	153	3.86394219261	0.0567024002635	240.461669502
d-glucose-beta	110.0	0.049	0.087	154	3.86368823131	0.0427124185113	-76.4960211867
d-glucose-beta	110.0	0.049	0.087	155	3.86641361599	0.214270091272	230.923032377
d-glucose-beta	110.0	0.049	0.087	156	3.86950486348	0.00645963755186	242.439506037
d-glucose-beta	110.0	0.049	0.087	157	3.87183246612	0.00760307405256	189.756562674
d-glucose-beta	110.0	0.049	0.087	158	3.90254768653	0.233360165677	113.882542763
d-glucose-beta	110.0	0.049	0.087	159	3.90764603852	0.175089879465	80.0047216493
d-glucose-beta	110.0	0.049	0.087	160	4.61672545467	0.49621517116	157.706261575
d-glucose-beta	110.0	0.049	0.087	161	4.64353157303	0.442978044307	199.053112281
glutamate	110.0	0.898	0.088	0	1.96706804127	0.0254020418998	-37.3217466907
glutamate	110.0	0.898	0.088	1	1.99094252965	0.0240105173484	-25.166603829
glutamate	110.0	0.898	0.088	2	1.9909810453	0.0151436440437	61.0546804883
glutamate	110.0	0.898	0.088	3	1.99400006985	0.0302467925463	1.87032255773
glutamate	110.0	0.898	0.088	4	2.01485536067	0.0386294363405	99.5031047498
glutamate	110.0	0.898	0.088	5	2.01680099928	0.0269206941512	212.700426724
glutamate	110.0	0.898	0.088	6	2.01793618742	0.0501425392912	72.1655394475
glutamate	110.0	0.898	0.088	7	2.01806205099	0.0366588913198	132.338447113
glutamate	110.0	0.898	0.088	8	2.04043075198	0.0835583953258	202.019610792
glutamate	110.0	0.898	0.088	9	2.04202460837	0.0238898890848	201.349114444
glutamate	110.0	0.898	0.088	10	2.04412977497	0.0332330554509	219.963217644
glutamate	110.0	0.898	0.088	11	2.05141503169	0.00217010263546	247.422026753
glutamate	110.0	0.898	0.088	12	2.06405000071	0.0509595354233	-86.9426051045
glutamate	110.0	0.898	0.088	13	2.06745024183	0.0216653310146	62.7018165438
glutamate	110.0	0.898	0.088	14	2.06757806156	0.0461574330616	224.835696595
glutamate	110.0	0.898	0.088	15	2.06815184861	0.0604553310328	-79.0576208891
glutamate	110.0	0.898	0.088	16	2.08373400035	0.0290272343685	-58.8685931584
glutamate	110.0	0.898	0.088	17	2.0916096957	0.0501155244092	45.6346107141
glutamate	110.0	0.898	0.088	18	2.0921638647	0.00802122567561	-38.3776373219
glutamate	110.0	0.898	0.088	19	2.0931028643	0.0311966870108	97.7356934547
glutamate	110.0	0.898	0.088	20	2.10867252332	0.106848807318	250.128144286
glutamate	110.0	0.898	0.088	21	2.11754885242	0.0922794613733	205.484064199
glutamate	110.0	0.898	0.088	22	2.13364299212	0.0620030182545	44.8289669922
glutamate	110.0	0.898	0.088	23	2.1414089918	0.024838503241	-68.6434903401
glutamate	110.0	0.898	0.088	24	2.14323256942	0.0268086939263	-57.209268114
glutamate	110.0	0.898	0.088	25	2.15745696313	0.0452234820829	82.4852591635
glutamate	110.0	0.898	0.088	26	2.15947305764	0.0338881050108	58.0412727661
glutamate	110.0	0.898	0.088	27	2.16730562707	0.0589390998938	14.8289882462
glutamate	110.0	0.898	0.088	28	2.18329414391	0.0153309808993	138.099058314
glutamate	110.0	0.898	0.088	29	2.26789280863	0.0179515970457	-15.3017198594
glutamate	110.0	0.898	0.088	30	2.29147995865	0.0276764629447	38.7671280308
glutamate	110.0	0.898	0.088	31	2.31581411404	0.0091532218887	120.797229799
glutamate	110.0	0.898	0.088	32	2.32097402203	0.31530386054	-35.3913653696
glutamate	110.0	0.898	0.088	33	2.34488139523	0.279015719813	20.6550194815
glutamate	110.0	0.898	0.088	34	2.34720619379	0.256075736265	30.7782379859
glutamate	110.0	0.898	0.088	35	2.36913148745	0.0352819035043	8.69248436654
glutamate	110.0	0.898	0.088	36	2.36915150439	0.05539167922	73.5885477314
glutamate	110.0	0.898	0.088	37	2.37375436648	0.108306645465	117.04680649
glutamate	110.0	0.898	0.088	38	2.37397541725	0.0193379936631	-66.5815957616
glutamate	110.0	0.898	0.088	39	2.40097700147	0.0313127810856	-0.583122978762
glutamate	110.0	0.898	0.088	40	2.42701599871	0.00780996391019	65.7385103382
glutamate	110.0	0.898	0.088	41	3.72336678455	0.237197829715	222.098598347
glutamate	110.0	0.898	0.088	42	3.73950727567	0.214456702381	5.91101374776
glutamate	110.0	0.898	0.088	43	3.74727842358	0.160265229481	-24.02376759
glutamate	110.0	0.898	0.088	44	3.76352239589	0.185054720545	123.497188521
gaba	110.0	0.155	0.082	0	1.83609170247	0.0555456736533	246.770180835
gaba	110.0	0.155	0.082	1	1.83815637494	0.0445567699816	217.517766486
gaba	110.0	0.155	0.082	2	1.85696880793	0.00963257353109	58.4704231006
gaba	110.0	0.155	0.082	3	1.86057888268	0.0868472291192	74.2802571469
gaba	110.0	0.155	0.082	4	1.86233324999	0.128273102885	10.0752470105
gaba	110.0	0.155	0.082	5	1.86530788033	0.0220367549654	-21.3096760619
gaba	110.0	0.155	0.082	6	1.86824473535	0.00238029619098	202.929678432
gaba	110.0	0.155	0.082	7	1.8824377584	0.0105613040795	112.918366739
gaba	110.0	0.155	0.082	8	1.88587096233	0.252985317504	51.4550132747
gaba	110.0	0.155	0.082	9	1.88657937687	0.045167767435	158.190875646
gaba	110.0	0.155	0.082	10	1.88857231393	0.0551460829406	2.89074843635
gaba	110.0	0.155	0.082	11	1.88814058352	0.00645647009039	207.540961534
gaba	110.0	0.155	0.082	12	1.8891047616	0.00650959216838	122.03904306
gaba	110.0	0.155	0.082	13	1.89128934272	0.0226771096941	8.44243537908
gaba	110.0	0.155	0.082	14	1.89333459907	0.0132641803998	-19.299864825
gaba	110.0	0.155	0.082	15	1.90683793964	0.016320814308	168.185880599
gaba	110.0	0.155	0.082	16	1.9091768625	0.00323689791411	150.581494925
gaba	110.0	0.155	0.082	17	1.90988893667	0.00849728914063	226.378170368
gaba	110.0	0.155	0.082	18	1.91137081751	0.176733351442	99.8292945517
gaba	110.0	0.155	0.082	19	1.91182855075	0.00250710714445	22.833995458
gaba	110.0	0.155	0.082	20	1.91367251441	0.0677942391692	103.560642755
gaba	110.0	0.155	0.082	21	1.91673973267	0.00375942043846	46.8627176818
gaba	110.0	0.155	0.082	22	1.91682328557	0.00341776699818	-14.1107277043
gaba	110.0	0.155	0.082	23	1.93570839362	0.018038960361	43.9073523235
gaba	110.0	0.155	0.082	24	1.93776531495	0.0201791041967	152.649479927
gaba	110.0	0.155	0.082	25	2.26022928216	0.316919638171	-37.7251291874
gaba	110.0	0.155	0.082	26	2.27675169847	0.00142619831115	59.7231727792
gaba	110.0	0.155	0.082	27	2.2805612606	0.0103708332595	69.3263174342
gaba	110.0	0.155	0.082	28	2.28465266343	0.654294829525	28.3719154836
gaba	110.0	0.155	0.082	29	2.28746560121	0.0107299339192	-10.4135433341
gaba	110.0	0.155	0.082	30	2.29214535111	0.000944307113813	-34.3529974158
gaba	110.0	0.155	0.082	31	2.30857099958	0.152091998109	123.78952775
gaba	110.0	0.155	0.082	32	2.3101957679	0.155969307722	107.139952969
gaba	110.0	0.155	0.082	33	2.98808565441	0.404927787281	-61.8513141703
gaba	110.0	0.155	0.082	34	3.00446935579	0.00108980089807	93.6258807928
gaba	110.0	0.155	0.082	35	3.00794666216	0.0754986762828	55.6136253867
gaba	110.0	0.155	0.082	36	3.01091237912	0.171461074497	22.7506274752
gaba	110.0	0.155	0.082	37	3.01144002939	0.00199117213188	-30.928884147
gaba	110.0	0.155	0.082	38	3.01402278279	0.390290116118	-8.71435960282
gaba	110.0	0.155	0.082	39	3.01435288937	0.361607251385	-26.0901235592
gaba	110.0	0.155	0.082	40	3.0176670784	0.0545100392863	-55.0225492358
gaba	110.0	0.155	0.082	41	3.01953103893	0.0177362998422	-71.544714838
gaba	110.0	0.155	0.082	42	3.03849814724	0.394164897606	58.467594367
glutathione_glutamate	110.0	0.194	0.087	0	2.06336829863	0.00499298334805	92.0871245659
glutathione_glutamate	110.0	0.194	0.087	1	2.08480357034	0.00520691399854	209.993835628
glutathione_glutamate	110.0	0.194	0.087	2	2.08805451757	0.0103308111337	175.20207181
glutathione_glutamate	110.0	0.194	0.087	3	2.10956050426	0.0108864128459	-68.5410023263
glutathione_glutamate	110.0	0.194	0.087	4	2.11281857509	0.00587361623575	255.218567684
glutathione_glutamate	110.0	0.194	0.087	5	2.11536997153	0.0727837068943	59.2981873243
glutathione_glutamate	110.0	0.194	0.087	6	2.11861561635	0.080135600371	71.3288859071
glutathione_glutamate	110.0	0.194	0.087	7	2.13432941101	0.00545182142369	6.27507184986
glutathione_glutamate	110.0	0.194	0.087	8	2.13679450303	0.0589933112914	191.968319239
glutathione_glutamate	110.0	0.194	0.087	9	2.14028198623	0.26780598667	163.684761091
glutathione_glutamate	110.0	0.194	0.087	10	2.14268703687	0.0568259320242	157.89467593
glutathione_glutamate	110.0	0.194	0.087	11	2.16150018709	0.121837091924	249.869186268
glutathione_glutamate	110.0	0.194	0.087	12	2.16240310417	0.0842750483031	-75.5309991257
glutathione_glutamate	110.0	0.194	0.087	13	2.16390422585	0.0723903143069	-83.8160641765
glutathione_glutamate	110.0	0.194	0.087	14	2.16501752907	0.125068636781	232.255139817
glutathione_glutamate	110.0	0.194	0.087	15	2.17061728925	0.00450373138652	51.8531453358
glutathione_glutamate	110.0	0.194	0.087	16	2.18632660668	0.148525063694	-5.53865174329
glutathione_glutamate	110.0	0.194	0.087	17	2.19244979254	0.01007435916	158.815326213
glutathione_glutamate	110.0	0.194	0.087	18	2.19480388619	0.00594070730286	128.311249832
glutathione_glutamate	110.0	0.194	0.087	19	2.21425298712	0.00403413557571	243.686843878
glutathione_glutamate	110.0	0.194	0.087	20	2.21658857249	0.0122561457095	237.052630425
glutathione_glutamate	110.0	0.194	0.087	21	2.23832992615	0.00556212725552	-37.33181229
glutathione_glutamate	110.0	0.194	0.087	22	2.44899461035	0.0208488517692	100.301558872
glutathione_glutamate	110.0	0.194	0.087	23	2.47132748989	0.0196255619175	149.376939842
glutathione_glutamate	110.0	0.194	0.087	24	2.47333135447	0.013741258493	154.299501593
glutathione_glutamate	110.0	0.194	0.087	25	2.47343134436	0.00467848933503	41.33109317
glutathione_glutamate	110.0	0.194	0.087	26	2.49588288306	0.0149691307031	253.314935305
glutathione_glutamate	110.0	0.194	0.087	27	2.50242601574	0.220787296885	215.658735911
glutathione_glutamate	110.0	0.194	0.087	28	2.52109087045	0.208419540692	22.8137912989
glutathione_glutamate	110.0	0.194	0.087	29	2.52487858982	0.207741942433	-66.5900461635
glutathione_glutamate	110.0	0.194	0.087	30	2.52676565155	0.197277567299	-69.9069090401
glutathione_glutamate	110.0	0.194	0.087	31	2.54568172714	0.397471848635	103.667843552
glutathione_glutamate	110.0	0.194	0.087	32	2.54935515607	0.189580500125	21.4051695591
glutathione_glutamate	110.0	0.194	0.087	33	2.57018908731	0.211857010638	178.012518853
glutathione_glutamate	110.0	0.194	0.087	34	2.57454850594	0.0305012850981	158.156636682
glutathione_glutamate	110.0	0.194	0.087	35	2.59872985376	0.0181629323616	240.912905169
glutathione_glutamate	110.0	0.194	0.087	36	2.59956499425	0.0106172108565	147.786437692
glutathione_glutamate	110.0	0.194	0.087	37	2.59963997161	0.00733246069338	-56.9763130932
glutathione_glutamate	110.0	0.194	0.087	38	2.62363641478	0.0112619303023	-25.405698859
glutathione_glutamate	110.0	0.194	0.087	39	2.62369757221	0.00777415100898	-79.1177279959
glutathione_glutamate	110.0	0.194	0.087	40	3.74781932778	0.2311292392	236.794977548
glutathione_glutamate	110.0	0.194	0.087	41	3.7691367495	0.482410169786	-9.045413469
glutathione_glutamate	110.0	0.194	0.087	42	3.79046822212	0.229376355216	106.386552699
glutathione_glycine	110.0	0.194	0.087	0	3.769	1.98973939599	-8.27589157881
glutathione_cysteine	110.0	0.194	0.087	0	2.88158786835	0.0723323808102	260.702140475
glutathione_cysteine	110.0	0.194	0.087	1	2.90438113802	0.0512559907246	14.9588086295
glutathione_cysteine	110.0	0.194	0.087	2	2.92889438817	0.40869297698	71.4471252313
glutathione_cysteine	110.0	0.194	0.087	3	2.95194625993	0.860086471	178.343535127
glutathione_cysteine	110.0	0.194	0.087	4	2.96913681216	0.447463692713	-63.6711457428
glutathione_cysteine	110.0	0.194	0.087	5	2.9995343887	0.07461395354	-31.1720352155
glutathione_cysteine	110.0	0.194	0.087	6	3.01644333198	0.0496620828702	120.739733671
glutathione_cysteine	110.0	0.194	0.087	7	4.54107552999	0.260733411152	234.638678148
glutathione_cysteine	110.0	0.194	0.087	8	4.55798447328	0.247932528787	4.23883153928
glutathione_cysteine	110.0	0.194	0.087	9	4.56386879967	0.2401388728	-11.8404006646
glutathione_cysteine	110.0	0.194	0.087	10	4.58077774296	0.239467157323	127.115152001
glycine	110.0	0.068	0.087	0	3.548	1.9916201307	-8.88213154504
gpc_7-CH2_8-CH2	110.0	0.097	0.087	0	3.59557808424	0.00120760295032	-85.1846318749
gpc_7-CH2_8-CH2	110.0	0.097	0.087	1	3.64367239967	0.420911799652	166.443203597
gpc_7-CH2_8-CH2	110.0	0.097	0.087	2	3.6438348234	0.00824717513553	245.336783636
gpc_7-CH2_8-CH2	110.0	0.097	0.087	3	3.65425536363	0.203106440366	45.5802540534
gpc_7-CH2_8-CH2	110.0	0.097	0.087	4	3.65425458493	0.020547178236	182.343566781
gpc_7-CH2_8-CH2	110.0	0.097	0.087	5	3.65863108305	0.389096733968	-8.38414395375
gpc_7-CH2_8-CH2	110.0	0.097	0.087	6	3.65858314355	0.0316381724843	245.381926055
gpc_7-CH2_8-CH2	110.0	0.097	0.087	7	3.66367662172	0.211151423396	-64.2647396244
gpc_7-CH2_8-CH2	110.0	0.097	0.087	8	3.6636737941	0.00307933618523	8.85055602352
gpc_7-CH2_8-CH2	110.0	0.097	0.087	9	3.6636796249	0.00955411444877	210.894807421
gpc_7-CH2_8-CH2	110.0	0.097	0.087	10	3.67394102734	0.441077742969	174.137570964
gpc_7-CH2_8-CH2	110.0	0.097	0.087	11	3.6740962265	0.00259924314713	0.191799137659
gpc_7-CH2_8-CH2	110.0	0.097	0.087	12	3.72172131336	0.00120355654486	-88.9121108486
gpc_7-CH2_8-CH2	110.0	0.097	0.087	13	4.25043423145	0.000893572012271	172.95360463
gpc_7-CH2_8-CH2	110.0	0.097	0.087	14	4.27792536295	0.0852856407	175.499649586
gpc_7-CH2_8-CH2	110.0	0.097	0.087	15	4.28690191461	0.0857891220767	173.779817476
gpc_7-CH2_8-CH2	110.0	0.097	0.087	16	4.28818766407	0.0416864955739	52.3413344381
gpc_7-CH2_8-CH2	110.0	0.097	0.087	17	4.29326652063	0.0702414315244	-6.5395040963
gpc_7-CH2_8-CH2	110.0	0.097	0.087	18	4.29588916785	0.086493190619	172.354968082
gpc_7-CH2_8-CH2	110.0	0.097	0.087	19	4.2971654871	0.0418851814719	51.4189626763
gpc_7-CH2_8-CH2	110.0	0.097	0.087	20	4.29776468806	0.0519473342158	-62.5005243244
gpc_7-CH2_8-CH2	110.0	0.097	0.087	21	4.29805931831	0.0163461041275	158.414516205
gpc_7-CH2_8-CH2	110.0	0.097	0.087	22	4.30223127799	0.0742286476038	-5.80210646427
gpc_7-CH2_8-CH2	110.0	0.097	0.087	23	4.30615438911	0.0420671136904	50.6186967182
gpc_7-CH2_8-CH2	110.0	0.097	0.087	24	4.30658673879	0.0409662370711	-60.0542860729
gpc_7-CH2_8-CH2	110.0	0.097	0.087	25	4.30768592546	0.175835983973	174.660057914
gpc_7-CH2_8-CH2	110.0	0.097	0.087	26	4.30847593998	0.0206442589454	34.1122470136
gpc_7-CH2_8-CH2	110.0	0.097	0.087	27	4.31120453915	0.077877485968	-5.23789774543
gpc_7-CH2_8-CH2	110.0	0.097	0.087	28	4.31313171859	0.0162841739168	81.3631870931
gpc_7-CH2_8-CH2	110.0	0.097	0.087	29	4.31387413118	0.0153826563172	-35.8453426321
gpc_7-CH2_8-CH2	110.0	0.097	0.087	30	4.31557564822	0.0407890364288	-59.0598572705
gpc_7-CH2_8-CH2	110.0	0.097	0.087	31	4.31665844251	0.174113743359	174.72841024
gpc_7-CH2_8-CH2	110.0	0.097	0.087	32	4.3174537663	0.042255475626	49.8536891551
gpc_7-CH2_8-CH2	110.0	0.097	0.087	33	4.31789719133	0.00972982467024	-16.1003985846
gpc_7-CH2_8-CH2	110.0	0.097	0.087	34	4.32248286207	0.0815539054882	-4.70458332177
gpc_7-CH2_8-CH2	110.0	0.097	0.087	35	4.3261519625	0.0825070611676	179.792199753
gpc_7-CH2_8-CH2	110.0	0.097	0.087	36	4.32644270595	0.0423646180956	49.469472148
gpc_7-CH2_8-CH2	110.0	0.097	0.087	37	4.32687501785	0.0405992840402	-57.9814934822
gpc_7-CH2_8-CH2	110.0	0.097	0.087	38	4.32831487917	0.0103424450447	204.880315459
gpc_7-CH2_8-CH2	110.0	0.097	0.087	39	4.32864716427	0.00430903722291	61.9641036569
gpc_7-CH2_8-CH2	110.0	0.097	0.087	40	4.33145465002	0.0835655194072	-4.35251006705
gpc_7-CH2_8-CH2	110.0	0.097	0.087	41	4.33586397748	0.0404847026156	-57.3021210007
gpc_7-CH2_8-CH2	110.0	0.097	0.087	42	4.33745496818	0.0781673736337	180.781834526
gpc_7-CH2_8-CH2	110.0	0.097	0.087	43	4.34644765421	0.0747272693927	181.521892421
gpc_7-CH2_8-CH2	110.0	0.097	0.087	44	4.37657161832	0.000905503608673	114.640661427
gpc_N(CH3)3_b	110.0	0.097	0.121	0	3.21008187989	1.64838455667	-6.91637392561
gpc_N(CH3)3_b	110.0	0.097	0.121	1	3.21199956076	0.241406312561	-18.9218009106
gpc_N(CH3)3_b	110.0	0.097	0.121	2	3.21199956078	0.26058296069	-8.35565765451
gpc_N(CH3)3_b	110.0	0.097	0.121	3	3.21199956089	0.174316082327	162.87210311
gpc_N(CH3)3_b	110.0	0.097	0.121	4	3.21199956086	0.18629586573	166.003244809
gpc_N(CH3)3_b	110.0	0.097	0.121	5	3.21199956098	0.104203311792	216.624067256
gpc_N(CH3)3_b	110.0	0.097	0.121	6	3.21199956071	0.0889142102321	65.7690675325
gpc_N(CH3)3_b	110.0	0.097	0.121	7	3.21199956081	0.0561759767155	87.0319416836
gpc_N(CH3)3_b	110.0	0.097	0.121	8	3.21199956115	0.0505294745021	-19.4540347964
gpc_N(CH3)3_b	110.0	0.097	0.121	9	3.21391707196	0.0531517243611	-70.8142862318
gpc_N(CH3)3_b	110.0	0.097	0.121	10	3.21391773538	0.696590845457	-8.69013414753
gpc_N(CH3)3_b	110.0	0.097	0.121	11	3.21391777597	0.0580645362991	182.21575259
gpc_N(CH3)3_b	110.0	0.097	0.121	12	3.2139176119	0.00738697330272	140.131549859
gpc_N(CH3)3_b	110.0	0.097	0.121	13	3.2139181199	0.0307696117191	219.646872972
gpc_glycerol	110.0	0.097	0.087	0	3.53712165309	0.0014340803427	-17.0357996727
gpc_glycerol	110.0	0.097	0.087	1	3.54410022421	0.00110249500715	-30.9220494266
gpc_glycerol	110.0	0.097	0.087	2	3.54638811193	0.0026271176099	209.808671682
gpc_glycerol	110.0	0.097	0.087	3	3.54917396702	0.00435553255264	-49.4849319772
gpc_glycerol	110.0	0.097	0.087	4	3.56192782366	0.0230011195518	-71.5410815831
gpc_glycerol	110.0	0.097	0.087	5	3.56199321499	0.0145625252998	37.1165898613
gpc_glycerol	110.0	0.097	0.087	6	3.56204824741	0.0117702705599	216.18739753
gpc_glycerol	110.0	0.097	0.087	7	3.56463347212	0.0168624646877	265.436838593
gpc_glycerol	110.0	0.097	0.087	8	3.5698110646	0.00716746325504	-35.0469254041
gpc_glycerol	110.0	0.097	0.087	9	3.57049486335	0.0143090100834	133.366041352
gpc_glycerol	110.0	0.097	0.087	10	3.57288117716	0.00983443817313	201.010305683
gpc_glycerol	110.0	0.097	0.087	11	3.57336044135	0.00115978375892	60.907611555
gpc_glycerol	110.0	0.097	0.087	12	3.57771069694	0.0149592304995	31.9259538757
gpc_glycerol	110.0	0.097	0.087	13	3.57849802279	0.0147993061831	179.411849912
gpc_glycerol	110.0	0.097	0.087	14	3.58107823257	0.00155233212523	-12.5658741187
gpc_glycerol	110.0	0.097	0.087	15	3.58122601441	0.0386366690211	98.8610955487
gpc_glycerol	110.0	0.097	0.087	16	3.58128351126	0.00160291435344	246.336579508
gpc_glycerol	110.0	0.097	0.087	17	3.58297543498	0.00102986977279	264.714921508
gpc_glycerol	110.0	0.097	0.087	18	3.59420207348	0.00594007647832	47.8164929358
gpc_glycerol	110.0	0.097	0.087	19	3.59467437436	0.00944017334905	145.614489364
gpc_glycerol	110.0	0.097	0.087	20	3.59631203502	0.00387481978655	30.8538432316
gpc_glycerol	110.0	0.097	0.087	21	3.59678339401	0.00238114458805	130.729687935
gpc_glycerol	110.0	0.097	0.087	22	3.59935492928	0.00290962420588	120.305075681
gpc_glycerol	110.0	0.097	0.087	23	3.60600984182	0.00201351308669	69.8939387791
gpc_glycerol	110.0	0.097	0.087	24	3.61166656727	0.0586933879605	39.8107116644
gpc_glycerol	110.0	0.097	0.087	25	3.61161569591	0.00301258231745	195.198069118
gpc_glycerol	110.0	0.097	0.087	26	3.61351022951	0.0159335428334	-58.8712740951
gpc_glycerol	110.0	0.097	0.087	27	3.61669738635	0.0231274161772	-77.9835820915
gpc_glycerol	110.0	0.097	0.087	28	3.61767288211	0.0367982002792	19.3011486618
gpc_glycerol	110.0	0.097	0.087	29	3.61942412374	0.00273519232731	194.217242478
gpc_glycerol	110.0	0.097	0.087	30	3.62479239281	0.0297065802391	-79.5451111098
gpc_glycerol	110.0	0.097	0.087	31	3.6251028457	0.015642531295	14.6793317104
gpc_glycerol	110.0	0.097	0.087	32	3.62612395938	0.0262584762986	232.796477077
gpc_glycerol	110.0	0.097	0.087	33	3.62983428535	0.0295106545883	111.22062856
gpc_glycerol	110.0	0.097	0.087	34	3.63064623122	0.00755062614522	25.2392288282
gpc_glycerol	110.0	0.097	0.087	35	3.6307968484	0.0196601169024	-61.4864542223
gpc_glycerol	110.0	0.097	0.087	36	3.63098156124	0.0471488029911	210.869999805
gpc_glycerol	110.0	0.097	0.087	37	3.63312277017	0.00653780673499	152.094601075
gpc_glycerol	110.0	0.097	0.087	38	3.64734774519	0.0324603643759	188.380321385
gpc_glycerol	110.0	0.097	0.087	39	3.64749361423	0.0352115789376	125.950653206
gpc_glycerol	110.0	0.097	0.087	40	3.64753941653	0.0346510940388	29.0962576
gpc_glycerol	110.0	0.097	0.087	41	3.64933404729	0.0234094846214	106.15858062
gpc_glycerol	110.0	0.097	0.087	42	3.6507524004	0.0046522194942	253.150850483
gpc_glycerol	110.0	0.097	0.087	43	3.65303739627	0.00575298671649	239.574050941
gpc_glycerol	110.0	0.097	0.087	44	3.6535081215	0.0299652098329	-8.99324349537
gpc_glycerol	110.0	0.097	0.087	45	3.6568299803	0.0177564921312	25.8793253015
gpc_glycerol	110.0	0.097	0.087	46	3.65713142765	0.0162989807403	226.22561284
gpc_glycerol	110.0	0.097	0.087	47	3.66049662459	0.020828792812	-6.17560571507
gpc_glycerol	110.0	0.097	0.087	48	3.65999676312	0.00202890143592	238.078072278
gpc_glycerol	110.0	0.097	0.087	49	3.66269002909	0.0229953829119	172.136727941
gpc_glycerol	110.0	0.097	0.087	50	3.66274121288	0.0724114496978	-56.6382633869
gpc_glycerol	110.0	0.097	0.087	51	3.67721533164	0.00808370929474	229.622070789
gpc_glycerol	110.0	0.097	0.087	52	3.67781424085	0.00218792543832	75.8377724904
gpc_glycerol	110.0	0.097	0.087	53	3.67932529317	0.00200235434113	233.527839895
gpc_glycerol	110.0	0.097	0.087	54	3.67958304443	0.00230193579838	-53.6259916463
gpc_glycerol	110.0	0.097	0.087	55	3.68000972569	0.00727469310793	27.6181744779
gpc_glycerol	110.0	0.097	0.087	56	3.68128719493	0.00487881395826	212.123525082
gpc_glycerol	110.0	0.097	0.087	57	3.69071041699	0.00207957562388	248.797973742
gpc_glycerol	110.0	0.097	0.087	58	3.69394325096	0.000820263617244	25.8888515139
gpc_glycerol	110.0	0.097	0.087	59	3.69734408218	0.043315254635	241.406166324
gpc_glycerol	110.0	0.097	0.087	60	3.69715687801	0.00240902721807	81.5875565964
gpc_glycerol	110.0	0.097	0.087	61	3.69719619996	0.0162646909481	-86.6521462712
gpc_glycerol	110.0	0.097	0.087	62	3.70064618949	0.0167131856871	141.141578785
gpc_glycerol	110.0	0.097	0.087	63	3.70123719352	0.00412281578325	-26.4333454061
gpc_glycerol	110.0	0.097	0.087	64	3.70245447363	0.0189029948004	222.214381463
gpc_glycerol	110.0	0.097	0.087	65	3.70709486346	0.0115207965207	135.040500413
gpc_glycerol	110.0	0.097	0.087	66	3.70832917738	0.00427515233498	191.088248858
gpc_glycerol	110.0	0.097	0.087	67	3.70913721753	0.0153552371363	77.9625480032
gpc_glycerol	110.0	0.097	0.087	68	3.71139423424	0.00197093783232	-8.76435645262
gpc_glycerol	110.0	0.097	0.087	69	3.71231880181	0.0300174403676	154.522845145
gpc_glycerol	110.0	0.097	0.087	70	3.71249505971	0.0222780659365	59.1645154486
gpc_glycerol	110.0	0.097	0.087	71	3.72996629265	0.00229214117045	-27.640486465
gpc_glycerol	110.0	0.097	0.087	72	3.73130548698	0.00522531123515	32.1363108863
gpc_glycerol	110.0	0.097	0.087	73	3.80401456621	0.00753890775872	-14.9874618839
gpc_glycerol	110.0	0.097	0.087	74	3.80667960379	0.0101031613717	-9.9210659604
gpc_glycerol	110.0	0.097	0.087	75	3.81155354505	0.0014165683719	133.84068579
gpc_glycerol	110.0	0.097	0.087	76	3.81246118215	0.0176048757454	-56.5527544981
gpc_glycerol	110.0	0.097	0.087	77	3.8219021502	0.019308054612	176.741860381
gpc_glycerol	110.0	0.097	0.087	78	3.8236775389	0.0052392393022	-27.2508518592
gpc_glycerol	110.0	0.097	0.087	79	3.82533546253	0.0107203380898	14.7113338188
gpc_glycerol	110.0	0.097	0.087	80	3.826891376	0.0122214549169	19.4586851525
gpc_glycerol	110.0	0.097	0.087	81	3.83616839228	0.00870127978212	-59.4256931839
gpc_glycerol	110.0	0.097	0.087	82	3.83737049799	0.112825867575	118.431006738
gpc_glycerol	110.0	0.097	0.087	83	3.84123983571	0.0113946776345	-46.6723560402
gpc_glycerol	110.0	0.097	0.087	84	3.84208833958	0.00866555563355	218.34834548
gpc_glycerol	110.0	0.097	0.087	85	3.84532177124	0.00718214078001	215.925843573
gpc_glycerol	110.0	0.097	0.087	86	3.85743086381	0.0290182154596	87.820563121
gpc_glycerol	110.0	0.097	0.087	87	3.85727787833	0.00227378222461	196.087380613
gpc_glycerol	110.0	0.097	0.087	88	3.85769171625	0.00221346589594	32.0292417511
gpc_glycerol	110.0	0.097	0.087	89	3.86299522608	0.0170806978048	130.947587878
gpc_glycerol	110.0	0.097	0.087	90	3.86362325475	0.00310031545242	212.164299769
gpc_glycerol	110.0	0.097	0.087	91	3.86528117596	0.0156848870536	132.408096162
gpc_glycerol	110.0	0.097	0.087	92	3.86663394259	0.00547415313993	235.208291323
gpc_glycerol	110.0	0.097	0.087	93	3.87259474796	0.0464935837055	-46.7942135722
gpc_glycerol	110.0	0.097	0.087	94	3.87430479156	0.0527513124857	262.991374273
gpc_glycerol	110.0	0.097	0.087	95	3.87711040454	0.00262727035072	-46.5736201273
gpc_glycerol	110.0	0.097	0.087	96	3.88014930752	0.0716289178221	-30.3072644155
gpc_glycerol	110.0	0.097	0.087	97	3.88053700844	0.00593641296557	163.234566087
gpc_glycerol	110.0	0.097	0.087	98	3.88267873654	0.00944872105703	219.111652439
gpc_glycerol	110.0	0.097	0.087	99	3.88512226743	0.0411767482076	160.330345272
gpc_glycerol	110.0	0.097	0.087	100	3.89008734653	0.04998295955	240.575977354
gpc_glycerol	110.0	0.097	0.087	101	3.89034115273	0.028150071186	-80.354418455
gpc_glycerol	110.0	0.097	0.087	102	3.89069404916	0.00467461025557	20.1543141118
gpc_glycerol	110.0	0.097	0.087	103	3.89253276981	0.0118775319065	-88.4546807631
gpc_glycerol	110.0	0.097	0.087	104	3.89332608754	0.0393919749943	226.673491451
gpc_glycerol	110.0	0.097	0.087	105	3.89413819128	0.00815279694729	173.796949566
gpc_glycerol	110.0	0.097	0.087	106	3.89431166586	0.0270181234949	-16.6760789315
gpc_glycerol	110.0	0.097	0.087	107	3.89504430475	0.0195727974911	252.817671439
gpc_glycerol	110.0	0.097	0.087	108	3.89595799836	0.0184188844694	-23.6678141164
gpc_glycerol	110.0	0.097	0.087	109	3.89821850678	0.0152112254072	-12.2320026101
gpc_glycerol	110.0	0.097	0.087	110	3.89998870258	0.0233601284954	84.8009433615
gpc_glycerol	110.0	0.097	0.087	111	3.90015599439	0.0363990297386	2.27455113853
gpc_glycerol	110.0	0.097	0.087	112	3.90037086496	0.0364041247771	150.383193333
gpc_glycerol	110.0	0.097	0.087	113	3.9004198231	0.00962869290465	215.847630716
gpc_glycerol	110.0	0.097	0.087	114	3.90214892106	0.00250071732554	136.239397205
gpc_glycerol	110.0	0.097	0.087	115	3.90234373639	0.0167789053026	-18.4012221601
gpc_glycerol	110.0	0.097	0.087	116	3.90240667232	0.0224958845863	66.4945776623
gpc_glycerol	110.0	0.097	0.087	117	3.90409702118	0.0140745024095	142.510357429
gpc_glycerol	110.0	0.097	0.087	118	3.90413724061	0.0392870062727	-7.16368231547
gpc_glycerol	110.0	0.097	0.087	119	3.90672555999	0.0257098358287	179.456775836
gpc_glycerol	110.0	0.097	0.087	120	3.90965106595	0.0298423374936	16.6443843159
gpc_glycerol	110.0	0.097	0.087	121	3.91193421657	0.0589203573411	111.507318524
gpc_glycerol	110.0	0.097	0.087	122	3.91411700182	0.00756625799821	240.969134532
gpc_glycerol	110.0	0.097	0.087	123	3.91465503985	0.025632670596	104.817883504
gpc_glycerol	110.0	0.097	0.087	124	3.91655260421	0.0338118572512	66.0194979689
gpc_glycerol	110.0	0.097	0.087	125	3.91936206457	0.0407399774197	191.968847766
gpc_glycerol	110.0	0.097	0.087	126	3.92042364598	0.0634781564416	13.3192318619
gpc_glycerol	110.0	0.097	0.087	127	3.92408590097	0.0925754928852	62.3967652372
gpc_glycerol	110.0	0.097	0.087	128	3.92306756434	0.00344212485418	145.130219935
gpc_glycerol	110.0	0.097	0.087	129	3.92702354205	0.017592564662	-72.8540088304
gpc_glycerol	110.0	0.097	0.087	130	3.93018278932	0.017639172339	238.902884222
gpc_glycerol	110.0	0.097	0.087	131	3.93171752243	0.0347330442512	8.22536161854
gpc_glycerol	110.0	0.097	0.087	132	3.93185977592	0.0230795025477	-75.555852288
gpc_glycerol	110.0	0.097	0.087	133	3.93415677823	0.0198961858052	247.103817918
gpc_glycerol	110.0	0.097	0.087	134	3.94366086651	0.00186201452188	63.3956310623
gpc_glycerol	110.0	0.097	0.087	135	3.94432926832	0.00527888208815	-7.60123772057
gpc_glycerol	110.0	0.097	0.087	136	3.94594586238	0.010031461237	189.085520509
gpc_glycerol	110.0	0.097	0.087	137	3.9479890952	0.0105282736751	10.094777843
gpc_glycerol	110.0	0.097	0.087	138	3.94993119394	0.010775755878	126.821961847
gpc_glycerol	110.0	0.097	0.087	139	3.95034989145	0.00852153157535	50.055742799
gpc_glycerol	110.0	0.097	0.087	140	3.95350400826	0.000982968969737	73.8720608703
gpc_glycerol	110.0	0.097	0.087	141	3.95753847857	0.00369200623561	125.208231649
gpc_glycerol	110.0	0.097	0.087	142	3.96074574622	0.110379578672	225.015694543
gpc_glycerol	110.0	0.097	0.087	143	3.96555307488	0.0165773330434	56.2770756135
gpc_glycerol	110.0	0.097	0.087	144	3.97133934322	0.0416094466546	-19.6706936293
gpc_glycerol	110.0	0.097	0.087	145	3.9734376796	0.0130651778727	185.102736304
gpc_glycerol	110.0	0.097	0.087	146	3.98089816727	0.00508684766086	36.227990988
gpc_glycerol	110.0	0.097	0.087	147	3.98093748923	0.00583031176582	170.715896643
gpc_glycerol	110.0	0.097	0.087	148	3.98096792734	0.00611626529251	102.460251764
gpc_glycerol	110.0	0.097	0.087	149	3.9810178318	0.00248258448762	-48.1187018124
gpc_glycerol	110.0	0.097	0.087	150	3.98313880554	0.00283417078132	86.7693770343
gpc_glycerol	110.0	0.097	0.087	151	3.98536453393	0.00484103619893	18.047939304
gpc_glycerol	110.0	0.097	0.087	152	3.98842450408	0.0104211173327	35.3152640732
gpc_glycerol	110.0	0.097	0.087	153	3.99085659676	0.00570692308234	-6.78951212242
gpc_glycerol	110.0	0.097	0.087	154	3.99829034924	0.00389354673714	11.2983301139
gpc_glycerol	110.0	0.097	0.087	155	4.00146745403	0.00323777210524	2.95994649377
gpc_glycerol	110.0	0.097	0.087	156	4.00269944645	0.00893198894764	163.837905253
gpc_glycerol	110.0	0.097	0.087	157	4.0065617582	0.00147739763209	225.446266461
gpc_glycerol	110.0	0.097	0.087	158	4.00824283197	0.00164449143385	93.2426046191
gpc_glycerol	110.0	0.097	0.087	159	4.0148140493	0.00152602841653	-41.6093087317
gpc_glycerol	110.0	0.097	0.087	160	4.01782892618	0.00416982920827	-47.5711850319
gpc_N(CH3)3_a	110.0	0.097	0.121	0	3.2100818801	1.31867588208	-6.91638411356
gpc_N(CH3)3_a	110.0	0.097	0.121	1	3.21199956073	0.238949568768	157.795800867
gpc_N(CH3)3_a	110.0	0.097	0.121	2	3.21199956106	0.137101172575	4.66341699738
gpc_N(CH3)3_a	110.0	0.097	0.121	3	3.2119995608	0.168903978561	-59.4619150678
gpc_N(CH3)3_a	110.0	0.097	0.121	4	3.21199956056	0.0273083783695	232.414108988
gpc_N(CH3)3_a	110.0	0.097	0.121	5	3.21391751673	0.246082810419	-5.7601319187
gpc_N(CH3)3_a	110.0	0.097	0.121	6	3.21391746116	0.0187829752981	98.0956278056
gpc_N(CH3)3_a	110.0	0.097	0.121	7	3.21391778399	0.0501071246802	157.256344059
gpc_N(CH3)3_a	110.0	0.097	0.121	8	3.21391790004	0.11847244649	-43.0409554227
gpc_N(CH3)3_a	110.0	0.097	0.121	9	3.2139179003	0.0109585429535	218.790690157
lactate	110.0	0.039	0.087	0	1.30250642062	0.215594486625	170.388853357
lactate	110.0	0.039	0.087	1	1.32586571767	0.0688451359945	255.494780759
lactate	110.0	0.039	0.087	2	1.32581417697	0.0992591759535	-81.7690289958
lactate	110.0	0.039	0.087	3	4.06255628652	0.127305733134	28.6790805301
lactate	110.0	0.039	0.087	4	4.0858825748	0.37339205815	125.170788328
lactate	110.0	0.039	0.087	5	4.10920673768	0.363879953983	223.222705681
lactate	110.0	0.039	0.087	6	4.13253700483	0.12453453754	-40.6864845286
naa_acetyl	110.0	1.0	0.13	0	2.008	1.80600171607	37.6519600775
naa_aspartate	110.0	1.0	0.069	0	2.42994711787	0.25198066633	149.490473015
naa_aspartate	110.0	1.0	0.069	1	2.46264924004	0.180823844854	133.166256543
naa_aspartate	110.0	1.0	0.069	2	2.48240760912	0.1355776222	184.648251703
naa_aspartate	110.0	1.0	0.069	3	2.51510950301	0.266901500705	244.576149767
naa_aspartate	110.0	1.0	0.069	4	2.63340732407	0.139381968955	111.198430768
naa_aspartate	110.0	1.0	0.069	5	2.64673836917	0.301074953224	244.244634843
naa_aspartate	110.0	1.0	0.069	6	2.6858675644	0.264980635806	146.912729272
naa_aspartate	110.0	1.0	0.069	7	2.69919863665	0.189742160854	-1.92894750145
naa_aspartate	110.0	1.0	0.069	8	4.33805226897	0.116149093605	21.4909001386
naa_aspartate	110.0	1.0	0.069	9	4.3513830937	0.094212292303	223.48628288
naa_aspartate	110.0	1.0	0.069	10	4.35958461114	0.126953706321	137.044223967
naa_aspartate	110.0	1.0	0.069	11	4.3707545707	0.0870306711931	19.913274097
naa_aspartate	110.0	1.0	0.069	12	4.37291590033	0.0869331075004	-30.0191953044
naa_aspartate	110.0	1.0	0.069	13	4.38408539298	0.10683702347	206.909968492
naa_aspartate	110.0	1.0	0.069	14	4.39228650928	0.0935877725582	149.909601843
naa_aspartate	110.0	1.0	0.069	15	4.40561779602	0.112059308445	-28.8979764844
myoinositol	110.0	0.578	0.087	0	3.14830362726	0.00098319664289	-0.572180391666
myoinositol	110.0	0.578	0.087	1	3.15781210593	0.000817208937745	256.152847622
myoinositol	110.0	0.578	0.087	2	3.17865875453	0.000848073696199	-21.6124092457
myoinositol	110.0	0.578	0.087	3	3.18772796561	0.000976718915478	-67.723695666
myoinositol	110.0	0.578	0.087	4	3.18939356493	0.000960557463695	-58.0735867312
myoinositol	110.0	0.578	0.087	5	3.23611478685	0.110828042998	30.8636906043
myoinositol	110.0	0.578	0.087	6	3.23748626601	0.0113357857453	92.1924935586
myoinositol	110.0	0.578	0.087	7	3.23786812094	0.00544179423	-12.8298312591
myoinositol	110.0	0.578	0.087	8	3.26497508658	0.0389321705039	-10.138348877
myoinositol	110.0	0.578	0.087	9	3.26719542452	0.0139701761068	78.8036949743
myoinositol	110.0	0.578	0.087	10	3.26757272103	0.195131089201	-1.69283169486
myoinositol	110.0	0.578	0.087	11	3.26733172538	0.00122170732034	164.981287731
myoinositol	110.0	0.578	0.087	12	3.26995004755	0.0208413445877	-27.2992099522
myoinositol	110.0	0.578	0.087	13	3.29716919191	0.0148223092078	80.0602253221
myoinositol	110.0	0.578	0.087	14	3.29754921265	0.00554390798023	207.512784265
myoinositol	110.0	0.578	0.087	15	3.29894994858	0.136845829082	-13.8000384864
myoinositol	110.0	0.578	0.087	16	3.34544819022	0.00188710384004	39.6325988762
myoinositol	110.0	0.578	0.087	17	3.34740340632	0.0047380923663	23.1328494869
myoinositol	110.0	0.578	0.087	18	3.35569312033	0.0044994924535	-0.544580875445
myoinositol	110.0	0.578	0.087	19	3.37741930171	0.00416794586774	33.4020112942
myoinositol	110.0	0.578	0.087	20	3.37900840135	0.00209152280169	18.6979589072
myoinositol	110.0	0.578	0.087	21	3.38692235571	0.0014143344602	-26.5980387127
myoinositol	110.0	0.578	0.087	22	3.38843798204	0.00164478651281	-28.6171003273
myoinositol	110.0	0.578	0.087	23	3.4966076578	0.184503762309	236.945375312
myoinositol	110.0	0.578	0.087	24	3.49752734567	0.155889362562	13.496530908
myoinositol	110.0	0.578	0.087	25	3.50609936979	0.139493100813	137.118191582
myoinositol	110.0	0.578	0.087	26	3.50724130779	0.149828903542	-1.96930906348
myoinositol	110.0	0.578	0.087	27	3.53065823759	0.56071709161	190.407484242
myoinositol	110.0	0.578	0.087	28	3.54017895131	0.721429710432	92.3741851623
myoinositol	110.0	0.578	0.087	29	3.54169178035	0.0234054512198	91.4082540544
myoinositol	110.0	0.578	0.087	30	3.58592662006	0.673704743129	18.9617559808
myoinositol	110.0	0.578	0.087	31	3.61679557652	0.605568698233	14.6704642852
myoinositol	110.0	0.578	0.087	32	3.61945512479	0.312458379889	-3.83557576017
myoinositol	110.0	0.578	0.087	33	3.65027494832	0.172652838256	203.586680025
myoinositol	110.0	0.578	0.087	34	3.65047591544	0.124819120858	98.6403999293
myoinositol	110.0	0.578	0.087	35	4.04428115287	0.216698072233	90.4973308443
myoinositol	110.0	0.578	0.087	36	4.04441660481	0.0249258653028	18.1255978666
myoinositol	110.0	0.578	0.087	37	4.05386266756	0.398432969273	1.15198501753
myoinositol	110.0	0.578	0.087	38	4.05415029011	0.219721187785	-18.078401377
myoinositol	110.0	0.578	0.087	39	4.05441617218	0.056991600712	-31.2134301003
myoinositol	110.0	0.578	0.087	40	4.06347163836	0.13189129169	243.607275876
myoinositol	110.0	0.578	0.087	41	4.06352192382	0.0647347046352	-61.8242365881
naag_acetyl	110.0	0.16	0.13	0	2.032	1.8686419925	46.2992350647
pcho_N(CH3)3_a	110.0	0.058	0.121	0	3.2060818805	1.31819681851	-6.85675482746
pcho_N(CH3)3_a	110.0	0.058	0.121	1	3.20799956093	0.206369001204	169.667636392
pcho_N(CH3)3_a	110.0	0.058	0.121	2	3.20799956114	0.139648441562	141.288254991
pcho_N(CH3)3_a	110.0	0.058	0.121	3	3.20799956124	0.116466299721	32.1994411447
pcho_N(CH3)3_a	110.0	0.058	0.121	4	3.20799956107	0.133527843745	-63.5715433105
pcho_N(CH3)3_a	110.0	0.058	0.121	5	3.20799956117	0.00293266136512	264.653133913
pcho_N(CH3)3_a	110.0	0.058	0.121	6	3.20991742589	0.221527912606	3.32088049473
pcho_N(CH3)3_a	110.0	0.058	0.121	7	3.20991777599	0.0570206474821	244.913647733
pcho_N(CH3)3_a	110.0	0.058	0.121	8	3.20991778472	0.0895512948947	-30.1671394285
pcho_N(CH3)3_a	110.0	0.058	0.121	9	3.20991752877	0.0718212172404	99.3114095315
pcho_N(CH3)3_a	110.0	0.058	0.121	10	3.20991764054	0.0157525656793	174.768311179
naag_aspartyl	110.0	0.16	0.087	0	2.46274169543	0.243283965854	153.313829963
naag_aspartyl	110.0	0.16	0.087	1	2.49450147826	0.195052064312	135.16862892
naag_aspartyl	110.0	0.16	0.087	2	2.51627255614	0.186965911491	197.752636932
naag_aspartyl	110.0	0.16	0.087	3	2.54803233898	0.270372788662	232.462267651
naag_aspartyl	110.0	0.16	0.087	4	2.68014621287	0.178491111052	93.4037441214
naag_aspartyl	110.0	0.16	0.087	5	2.69524501619	0.289435479969	244.491583649
naag_aspartyl	110.0	0.16	0.087	6	2.73367707359	0.258304902946	156.294170427
naag_aspartyl	110.0	0.16	0.087	7	2.7487758769	0.182254005036	-24.9119378565
naag_aspartyl	110.0	0.16	0.087	8	4.57372264483	0.241894057847	-83.3113903661
naag_aspartyl	110.0	0.16	0.087	9	4.58882144815	0.234640574869	83.786356263
naag_aspartyl	110.0	0.16	0.087	10	4.60548242767	0.214169300064	-85.3701849649
naag_aspartyl	110.0	0.16	0.087	11	4.62058123099	0.228897159525	86.9056449513
naag_glutamate	110.0	0.16	0.087	0	1.871	0.481423842586	41.9372783912
naag_glutamate	110.0	0.16	0.087	1	2.039	0.629524251752	48.5731753938
naag_glutamate	110.0	0.16	0.087	2	2.17	0.78078210588	26.2355107556
naag_glutamate	110.0	0.16	0.087	3	2.18	0.805975074084	24.3125296532
naag_glutamate	110.0	0.16	0.087	4	4.118	0.994480740196	-6.09602998789
pcr_N(CH3)	110.0	0.422	0.09	0	3.029	2.9927110496	-2.02147930028
pcho_X	110.0	0.058	0.087	0	3.54205005565	0.00138712550234	187.450681512
pcho_X	110.0	0.058	0.087	1	3.62471892134	0.427406401234	178.519177192
pcho_X	110.0	0.058	0.087	2	3.62455171624	0.00905087135868	109.361219647
pcho_X	110.0	0.058	0.087	3	3.62486445768	0.0108418924611	-54.9665863067
pcho_X	110.0	0.058	0.087	4	3.63118560905	0.0935117363193	104.606134604
pcho_X	110.0	0.058	0.087	5	3.63354007074	0.114164231436	77.7769341575
pcho_X	110.0	0.058	0.087	6	3.63354360984	0.00490159589344	-30.7612928892
pcho_X	110.0	0.058	0.087	7	3.64053128062	0.3574135952	-6.77030717425
pcho_X	110.0	0.058	0.087	8	3.63985464391	0.00239514332199	69.7526042773
pcho_X	110.0	0.058	0.087	9	3.64134281994	0.0100839907497	181.429187412
pcho_X	110.0	0.058	0.087	10	3.64823690935	0.123720176391	262.293229154
pcho_X	110.0	0.058	0.087	11	3.65059084408	0.0922133843656	235.383168617
pcho_X	110.0	0.058	0.087	12	3.65059520074	0.0228306080711	6.13349276341
pcho_X	110.0	0.058	0.087	13	3.65677581557	0.431615150118	161.17867988
pcho_X	110.0	0.058	0.087	14	3.65664517235	0.0122842439515	84.5538314455
pcho_X	110.0	0.058	0.087	15	3.65690731178	0.00607836685253	234.899716103
pcho_X	110.0	0.058	0.087	16	3.73913769976	0.00228524542347	-77.8338008537
pcho_X	110.0	0.058	0.087	17	3.7391474082	0.00201225549471	132.829666864
pcho_X	110.0	0.058	0.087	18	4.16263165485	0.000855709262967	62.9266508337
pcho_X	110.0	0.058	0.087	19	4.17179708887	0.000770594652852	63.9269524454
pcho_X	110.0	0.058	0.087	20	4.18097324255	0.000662932614011	65.6596193534
pcho_X	110.0	0.058	0.087	21	4.24499617226	0.0842684803162	189.328213173
pcho_X	110.0	0.058	0.087	22	4.25117623034	0.0182654080743	114.972551936
pcho_X	110.0	0.058	0.087	23	4.25353002872	0.0228006674807	87.2249429613
pcho_X	110.0	0.058	0.087	24	4.25415949758	0.0846808153559	187.218388769
pcho_X	110.0	0.058	0.087	25	4.26034183364	0.0182717345471	112.795885422
pcho_X	110.0	0.058	0.087	26	4.26042599344	0.0275671613348	-15.610770561
pcho_X	110.0	0.058	0.087	27	4.26193398259	0.0351050538891	-5.63191868745
pcho_X	110.0	0.058	0.087	28	4.26269565333	0.0231741716502	85.4913890854
pcho_X	110.0	0.058	0.087	29	4.26333423914	0.0853677902857	185.170832155
pcho_X	110.0	0.058	0.087	30	4.26596979985	0.0238666562766	243.953926972
pcho_X	110.0	0.058	0.087	31	4.26622459071	0.03442548604	142.111119571
pcho_X	110.0	0.058	0.087	32	4.2682295992	0.0230493304702	265.164694921
pcho_X	110.0	0.058	0.087	33	4.26951916315	0.0182932958748	110.728285179
pcho_X	110.0	0.058	0.087	34	4.27043335046	0.0666557011077	-8.73892941237
pcho_X	110.0	0.058	0.087	35	4.27058339758	0.0184242524698	235.391260058
pcho_X	110.0	0.058	0.087	36	4.27187302922	0.0235461449927	83.7655080805
pcho_X	110.0	0.058	0.087	37	4.27228196813	0.00970105505542	148.572215651
pcho_X	110.0	0.058	0.087	38	4.2746358202	0.00517995001409	-53.078288047
pcho_X	110.0	0.058	0.087	39	4.27526029248	0.0866287279285	182.895428801
pcho_X	110.0	0.058	0.087	40	4.27704773125	0.0912233397757	166.783063118
pcho_X	110.0	0.058	0.087	41	4.27739365253	0.023056232263	266.737640702
pcho_X	110.0	0.058	0.087	42	4.27959420947	0.0709401191623	-7.59151536111
pcho_X	110.0	0.058	0.087	43	4.27974747222	0.0180992845543	237.251814308
pcho_X	110.0	0.058	0.087	44	4.28144755342	0.0183208397982	108.446751601
pcho_X	110.0	0.058	0.087	45	4.28152751838	0.00489743408833	51.1250533557
pcho_X	110.0	0.058	0.087	46	4.28430524997	0.0965717148521	183.900651307
pcho_X	110.0	0.058	0.087	47	4.28380142513	0.0240239286621	81.7621373318
pcho_X	110.0	0.058	0.087	48	4.28621215364	0.0896764412762	167.583417701
pcho_X	110.0	0.058	0.087	49	4.28656905173	0.0230433567305	268.250871707
pcho_X	110.0	0.058	0.087	50	4.28892291781	0.0177596441807	239.203254044
pcho_X	110.0	0.058	0.087	51	4.28933355904	0.00800158395553	-67.5600967104
pcho_X	110.0	0.058	0.087	52	4.29108351111	0.0322951760607	87.2861524919
pcho_X	110.0	0.058	0.087	53	4.2914896224	0.0762720359398	-6.33780408063
pcho_X	110.0	0.058	0.087	54	4.29297881002	0.0243255260119	80.5081490422
pcho_X	110.0	0.058	0.087	55	4.29538913441	0.0872929823001	168.26376948
pcho_X	110.0	0.058	0.087	56	4.29800588064	0.00891832234165	219.809248112
pcho_X	110.0	0.058	0.087	57	4.29832482014	0.0149915600035	9.67476712988
pcho_X	110.0	0.058	0.087	58	4.29849781429	0.0230404749551	-89.9846678662
pcho_X	110.0	0.058	0.087	59	4.3006346777	0.0796601023397	-5.52950584908
pcho_X	110.0	0.058	0.087	60	4.300851686	0.0173170438658	241.732747341
pcho_X	110.0	0.058	0.087	61	4.30731977863	0.0831571041815	169.045038298
pcho_X	110.0	0.058	0.087	62	4.30767344445	0.0230180020264	-88.8331507049
pcho_X	110.0	0.058	0.087	63	4.31002736134	0.0170248088691	243.579067673
pcho_X	110.0	0.058	0.087	64	4.31649941589	0.0794283745164	169.615996361
pcho_X	110.0	0.058	0.087	65	4.38082028267	0.00061205176165	197.082249348
pcr_X	110.0	0.422	0.081	0	3.93	1.98982018776	-7.72704223221
pcho_N(CH3)3_b	110.0	0.058	0.121	0	3.20608188019	1.64770052236	-6.85674305292
pcho_N(CH3)3_b	110.0	0.058	0.121	1	3.20799956089	0.276044261409	-8.95705667413
pcho_N(CH3)3_b	110.0	0.058	0.121	2	3.20799956109	0.134548217474	208.080715872
pcho_N(CH3)3_b	110.0	0.058	0.121	3	3.20799956103	0.230969582781	-2.73580717405
pcho_N(CH3)3_b	110.0	0.058	0.121	4	3.20799956105	0.218821980897	179.149475166
pcho_N(CH3)3_b	110.0	0.058	0.121	5	3.20799956103	0.131117265763	153.774956767
pcho_N(CH3)3_b	110.0	0.058	0.121	6	3.20799956115	0.0739151564487	114.651710625
pcho_N(CH3)3_b	110.0	0.058	0.121	7	3.20799956114	0.155128825637	2.56945049803
pcho_N(CH3)3_b	110.0	0.058	0.121	8	3.20799956136	0.0885170337258	-27.3077855185
pcho_N(CH3)3_b	110.0	0.058	0.121	9	3.20799956137	0.0233622237876	-57.110633737
pcho_N(CH3)3_b	110.0	0.058	0.121	10	3.20991780272	0.634150689127	-19.3566643617
pcho_N(CH3)3_b	110.0	0.058	0.121	11	3.20991776229	0.678197775369	-9.85454564048
pcho_N(CH3)3_b	110.0	0.058	0.121	12	3.20991781555	0.0640035679209	175.995529195
pcho_N(CH3)3_b	110.0	0.058	0.121	13	3.20991768071	0.00680023175698	80.9483662644
scyllo-inositol	110.0	0.044	0.087	0	3.34	5.98391155066	-7.76534596312
peth	110.0	0.126	0.087	0	3.1988764998	0.368652101845	196.365420263
peth	110.0	0.126	0.087	1	3.19907176336	0.00453907514377	-12.4367529397
peth	110.0	0.126	0.087	2	3.20941353069	0.20940236484	71.3509285633
peth	110.0	0.126	0.087	3	3.2096625645	0.0118806516343	233.531485781
peth	110.0	0.126	0.087	4	3.21566374059	0.428962880252	-12.063815482
peth	110.0	0.126	0.087	5	3.21518723131	0.0117373186414	90.0968744786
peth	110.0	0.126	0.087	6	3.2160790825	0.0053797348554	251.948311589
peth	110.0	0.126	0.087	7	3.22246689814	0.0226819795695	234.500551601
peth	110.0	0.126	0.087	8	3.22246536123	0.212084288107	-83.3842078354
peth	110.0	0.126	0.087	9	3.23267038296	0.443008806794	154.639407366
peth	110.0	0.126	0.087	10	3.2325290494	0.00341019568058	-57.1627016402
peth	110.0	0.126	0.087	11	3.31453774467	0.00203701140301	-55.6684731342
peth	110.0	0.126	0.087	12	3.88827853336	0.00108543468684	-78.9549003342
peth	110.0	0.126	0.087	13	3.94596427715	0.0902869217973	191.824081073
peth	110.0	0.126	0.087	14	3.94773357859	0.0898976914148	191.812508776
peth	110.0	0.126	0.087	15	3.94950338765	0.0894727403798	191.786433357
peth	110.0	0.126	0.087	16	3.95617007086	0.0423910223405	68.7542914746
peth	110.0	0.126	0.087	17	3.95793986827	0.0423403100748	68.8420905688
peth	110.0	0.126	0.087	18	3.9597106973	0.0422794704204	68.927078054
peth	110.0	0.126	0.087	19	3.96345596486	0.131370017815	3.09700538834
peth	110.0	0.126	0.087	20	3.96611397224	0.120523635542	-6.62396603464
peth	110.0	0.126	0.087	21	3.96921043829	0.0403426569855	-83.1877418932
peth	110.0	0.126	0.087	22	3.97000103599	0.00702469887015	39.4567126206
peth	110.0	0.126	0.087	23	3.97168927499	0.0976752086498	184.88806507
peth	110.0	0.126	0.087	24	3.97097967073	0.0403791417502	-83.2485919023
peth	110.0	0.126	0.087	25	3.97274870103	0.0404027258578	-83.305256606
peth	110.0	0.126	0.087	26	3.97368999196	0.0833714705463	189.861836151
peth	110.0	0.126	0.087	27	3.97976082029	0.0687588537674	150.413240998
peth	110.0	0.126	0.087	28	3.9802842389	0.0149152714392	267.150340643
peth	110.0	0.126	0.087	29	3.98152968076	0.0691271755799	150.464711426
peth	110.0	0.126	0.087	30	3.98212321361	0.0420012037471	69.3411738262
peth	110.0	0.126	0.087	31	3.98329912129	0.0694891435054	150.52756281
peth	110.0	0.126	0.087	32	3.98389304732	0.0419957160828	69.3472213826
peth	110.0	0.126	0.087	33	3.98674994644	0.0137461458081	207.164160077
peth	110.0	0.126	0.087	34	3.98866894108	0.109919534937	-10.8561578917
peth	110.0	0.126	0.087	35	3.99071513617	0.0872397500326	-3.28124717253
peth	110.0	0.126	0.087	36	3.99347091027	0.0306835845695	12.6585361608
peth	110.0	0.126	0.087	37	3.99516441174	0.040683861013	-83.7987605382
peth	110.0	0.126	0.087	38	3.9969344363	0.0406874945109	-83.7836892634
peth	110.0	0.126	0.087	39	4.00375726558	0.00100709615638	164.225492961
peth	110.0	0.126	0.087	40	4.00407901361	0.00999063010872	-50.9652114061
peth	110.0	0.126	0.087	41	4.00569745952	0.07431274291	152.156537106
peth	110.0	0.126	0.087	42	4.00746633107	0.0746643182539	152.344157935
peth	110.0	0.126	0.087	43	4.0861004598	0.00134159295306	268.783616482
taurine	110.0	0.117	0.085	0	3.2209127337	0.198534908127	-86.6911370206
taurine	110.0	0.117	0.085	1	3.22397870406	0.229162144865	222.292441186
taurine	110.0	0.117	0.085	2	3.24241160821	0.178974093901	-7.74317003415
taurine	110.0	0.117	0.085	3	3.24385277027	0.229167279845	45.0918308002
taurine	110.0	0.117	0.085	4	3.24589840366	0.453211153645	-7.2360862876
taurine	110.0	0.117	0.085	5	3.24772584198	0.0218495334412	-30.9104250207
taurine	110.0	0.117	0.085	6	3.26532934784	0.299404524132	60.1588121666
taurine	110.0	0.117	0.085	7	3.26768692835	0.229695269885	94.0272807195
taurine	110.0	0.117	0.085	8	3.39881286344	0.22786278691	250.505548824
taurine	110.0	0.117	0.085	9	3.40117086037	0.298626952352	-75.4469677497
taurine	110.0	0.117	0.085	10	3.41877394265	0.0218813851905	14.9980095028
taurine	110.0	0.117	0.085	11	3.42060163162	0.454617664242	-8.60149720334
taurine	110.0	0.117	0.085	12	3.42264742455	0.230174117672	-61.0180794762
taurine	110.0	0.117	0.085	13	3.42408818358	0.178257097359	-8.05557836905
taurine	110.0	0.117	0.085	14	3.44252147965	0.228119418044	122.223274839
taurine	110.0	0.117	0.085	15	3.4455870826	0.197428912702	70.9197201265
lm1	110.0	1.0	0.945781	L	50.72009	3.550126	-1.138201
lm2	110.0	1.0	1.475781	L	54.12614	2.855701	0.05457026
lm3	110.0	1.0	1.705781	L	68.32043	3.90728	-0.06015777
lm4	110.0	1.0	2.115781	L	96.4358	4.719139	-0.09620739
lm5	110.0	1.0	2.315781	L	69.70896	2.784562	-0.5775946
lm6	110.0	1.0	3.015781	L	42.72932	1.01768	-0.6582785
lm7	110.0	1.0	3.9854041	L	29.64625	1.209407	0.2889715
lm8	110.0	1.0	7.125781	L	274.476	4.046641	0.3027004
lm9	110.0	1.0	7.855781	L	37.37627	1.313574	0.02022181
lm10	110.0	1.0	2.655781	L	121.4557	2.349968	-0.5826102
lm11	110.0	1.0	1.235781	L	30.68139	0.7444791	-1.138201
lm12	110.0	1.0	-0.62824	L	1789.202	21.51878	-3.652967
lm13	110.0	1.0	3.295781	L	109.4958	1.665539	0.1635756
lm14	110.0	1.0	3.705781	L	169.6304	4.873533	-1.354319
