;PINTS for FITMAN Simulation Output
;Experiment Information
;---------------------------------------------------------------------------
;Name: semi-LASER
;Created: 2017_10_20
;Comment: Density-matrix simulations of metabolites using PyGAMMA and metabolite parameters from V. Govindaraju et. al, NMR Biomed. 2000;13:129-153
;PI: bartha-olemew
;b0: 297.2
;49 Metabolites: alanine, aspartate, choline_1-CH2_2-CH2, choline_N(CH3)3_a, choline_N(CH3)3_b, creatine_N(CH3), creatine_X, d-glucose-alpha, d-glucose-beta, gaba, glutamate, glutamine, glutathione_cysteine, glutathione_glutamate, glutathione_glycine, glycine, gpc_7-CH2_8-CH2, gpc_glycerol, gpc_N(CH3)3_a, gpc_N(CH3)3_b, lactate, myoinositol, naa_acetyl, naa_aspartate, naag_acetyl, naag_aspartyl, naag_glutamate, pcho_N(CH3)3_a, pcho_N(CH3)3_b, pcho_X, pcr_N(CH3), pcr_X, peth, scyllo-inositol, taurine
;Simulation Results
;---------------------------------------------------------------------------
choline_1-CH2_2-CH2	100.0	0.165	0.087	0	3.40528755443	0.00202403457933	68.1564187141
choline_1-CH2_2-CH2	100.0	0.165	0.087	1	3.48361529403	0.286857687179	173.777460465
choline_1-CH2_2-CH2	100.0	0.165	0.087	2	3.48340724382	0.0200239947522	60.3948132332
choline_1-CH2_2-CH2	100.0	0.165	0.087	3	3.4838750549	0.0376763451452	-64.3324401206
choline_1-CH2_2-CH2	100.0	0.165	0.087	4	3.4944687749	0.184217124946	57.1852851701
choline_1-CH2_2-CH2	100.0	0.165	0.087	5	3.49441809057	0.00227964073601	-75.4439521213
choline_1-CH2_2-CH2	100.0	0.165	0.087	6	3.50051127213	0.309357131533	-9.08068820704
choline_1-CH2_2-CH2	100.0	0.165	0.087	7	3.50001051972	0.0136210942753	264.71423091
choline_1-CH2_2-CH2	100.0	0.165	0.087	8	3.50095191714	0.0343390739764	212.29425567
choline_1-CH2_2-CH2	100.0	0.165	0.087	9	3.50738331657	0.173909423783	-77.6780853621
choline_1-CH2_2-CH2	100.0	0.165	0.087	10	3.50743404668	0.0276058851137	77.4966138207
choline_1-CH2_2-CH2	100.0	0.165	0.087	11	3.51773902316	0.399645677131	170.537878561
choline_1-CH2_2-CH2	100.0	0.165	0.087	12	3.51797091101	0.00813871567981	-12.161950966
choline_1-CH2_2-CH2	100.0	0.165	0.087	13	4.02840371466	0.180913705922	174.140449699
choline_1-CH2_2-CH2	100.0	0.165	0.087	14	4.03722366532	0.182277664324	176.349857433
choline_1-CH2_2-CH2	100.0	0.165	0.087	15	4.03877245962	0.0847188922358	61.3645551056
choline_1-CH2_2-CH2	100.0	0.165	0.087	16	4.0456607364	0.164189840726	-5.84069450631
choline_1-CH2_2-CH2	100.0	0.165	0.087	17	4.04585662236	0.0278915000497	206.193901545
choline_1-CH2_2-CH2	100.0	0.165	0.087	18	4.04735677356	0.103546190885	67.7790418406
choline_1-CH2_2-CH2	100.0	0.165	0.087	19	4.05169564071	0.0802749246723	-74.3746667489
choline_1-CH2_2-CH2	100.0	0.165	0.087	20	4.05446943495	0.15753426163	-6.34293350872
choline_1-CH2_2-CH2	100.0	0.165	0.087	21	4.05639419526	0.0184186018292	-46.398412911
choline_1-CH2_2-CH2	100.0	0.165	0.087	22	4.05649512241	0.0176488765255	60.9478396518
choline_1-CH2_2-CH2	100.0	0.165	0.087	23	4.06052688812	0.0811590526506	-75.5146195606
choline_1-CH2_2-CH2	100.0	0.165	0.087	24	4.0625457882	0.141572026039	172.572107377
choline_1-CH2_2-CH2	100.0	0.165	0.087	25	4.06288441363	0.0380861187325	-31.9381820766
choline_1-CH2_2-CH2	100.0	0.165	0.087	26	4.06381701365	0.0290763902842	84.4273230248
choline_1-CH2_2-CH2	100.0	0.165	0.087	27	4.06931808487	0.0145897833807	15.3863101218
choline_1-CH2_2-CH2	100.0	0.165	0.087	28	4.06941901201	0.0176082712462	229.132267894
choline_1-CH2_2-CH2	100.0	0.165	0.087	29	4.07136905195	0.147407011798	170.94967743
choline_1-CH2_2-CH2	100.0	0.165	0.087	30	4.07996127587	0.031266063642	-50.1049650924
choline_1-CH2_2-CH2	100.0	0.165	0.087	31	4.08042102971	0.011016309168	111.670513337
choline_1-CH2_2-CH2	100.0	0.165	0.087	32	4.15854877634	0.0011470532008	88.3891588246
alanine	100.0	0.078	0.087	0	1.45446763714	0.486030732972	171.654716347
alanine	100.0	0.078	0.087	1	1.47880565661	0.281116730158	-82.2082828457
alanine	100.0	0.078	0.087	2	3.7382838008	0.127367282037	7.90724331596
alanine	100.0	0.078	0.087	3	3.76261956058	0.356685129844	115.992683478
alanine	100.0	0.078	0.087	4	3.78696424257	0.369041826765	225.49812579
alanine	100.0	0.078	0.087	5	3.81130127456	0.121307644803	-23.4471355912
choline_N(CH3)3_a	100.0	0.165	0.121	0	3.18308188091	1.32985182253	-5.56779375941
choline_N(CH3)3_a	100.0	0.165	0.121	1	3.18499956188	0.146064666983	166.203011989
choline_N(CH3)3_a	100.0	0.165	0.121	2	3.18499956217	0.196990290911	42.1403450374
choline_N(CH3)3_a	100.0	0.165	0.121	3	3.18499956228	0.119677488308	-53.7536466961
choline_N(CH3)3_a	100.0	0.165	0.121	4	3.1849995623	0.114036953348	-56.7655214216
choline_N(CH3)3_a	100.0	0.165	0.121	5	3.18499956237	0.0390491155547	103.591240455
choline_N(CH3)3_a	100.0	0.165	0.121	6	3.18691766931	0.134023706532	205.126895978
choline_N(CH3)3_a	100.0	0.165	0.121	7	3.18691777065	0.121909508257	108.743860762
choline_N(CH3)3_a	100.0	0.165	0.121	8	3.18691771641	0.100527697987	-9.3711836385
choline_N(CH3)3_a	100.0	0.165	0.121	9	3.1869179003	0.0106465437018	-71.0920963248
choline_N(CH3)3_a	100.0	0.165	0.121	10	3.1869179003	0.0123378485312	230.614932897
aspartate	100.0	0.117	0.087	0	2.60315461543	0.253281125388	136.629271729
aspartate	100.0	0.117	0.087	1	2.63321004478	0.13495306799	225.596633076
aspartate	100.0	0.117	0.087	2	2.66178300881	0.198233634447	218.956339699
aspartate	100.0	0.117	0.087	3	2.69183843816	0.337592479895	252.376166091
aspartate	100.0	0.117	0.087	4	2.77093866344	0.190491738187	24.7979813709
aspartate	100.0	0.117	0.087	5	2.78379157363	0.34239830735	261.820107003
aspartate	100.0	0.117	0.087	6	2.82956705682	0.240227790348	105.904413088
aspartate	100.0	0.117	0.087	7	2.84241996702	0.142653987463	-61.8415133372
aspartate	100.0	0.117	0.087	8	3.8701699882	0.253247823985	219.34104954
aspartate	100.0	0.117	0.087	9	3.8830228984	0.182450745487	63.1187122055
aspartate	100.0	0.117	0.087	10	3.90022541756	0.196293093163	-89.0241404659
aspartate	100.0	0.117	0.087	11	3.91307832775	0.253876937431	132.811206673
creatine_N(CH3)	100.0	0.296	0.09	0	3.027	2.99614812348	-1.79774088096
choline_N(CH3)3_b	100.0	0.165	0.121	0	3.18308188064	1.66119698302	-5.56779508532
choline_N(CH3)3_b	100.0	0.165	0.121	1	3.18499956171	0.0375179974802	252.001403677
choline_N(CH3)3_b	100.0	0.165	0.121	2	3.18499956225	0.37714294606	-10.164385785
choline_N(CH3)3_b	100.0	0.165	0.121	3	3.18499956227	0.360608298188	-6.10834987255
choline_N(CH3)3_b	100.0	0.165	0.121	4	3.18499956235	0.0535567398523	171.989638896
choline_N(CH3)3_b	100.0	0.165	0.121	5	3.18499956212	0.0513412431367	102.053562228
choline_N(CH3)3_b	100.0	0.165	0.121	6	3.18499956239	0.0447540113559	161.987002416
choline_N(CH3)3_b	100.0	0.165	0.121	7	3.18499956243	0.0462766386147	56.4720970327
choline_N(CH3)3_b	100.0	0.165	0.121	8	3.18499956234	0.117234858831	-69.660440707
choline_N(CH3)3_b	100.0	0.165	0.121	9	3.18691759356	0.791867683989	-14.0661834369
choline_N(CH3)3_b	100.0	0.165	0.121	10	3.18691778078	0.674512859861	-5.26394645377
choline_N(CH3)3_b	100.0	0.165	0.121	11	3.18691749942	0.00689153748545	200.952952422
choline_N(CH3)3_b	100.0	0.165	0.121	12	3.18691795236	0.0645416782773	96.1955914692
choline_N(CH3)3_b	100.0	0.165	0.121	13	3.18691823106	0.181926965044	14.524326937
choline_N(CH3)3_b	100.0	0.165	0.121	14	3.18691811919	0.00449840739856	148.768556352
choline_N(CH3)3_b	100.0	0.165	0.121	15	3.18691811919	0.00284531673243	-73.5832850592
creatine_X	100.0	0.296	0.081	0	3.913	1.9727947995	-7.63349513115
d-glucose-alpha	100.0	0.049	0.087	0	3.31839762227	0.0021103870997	252.092980541
d-glucose-alpha	100.0	0.049	0.087	1	3.34978965926	0.0011247450105	213.884551655
d-glucose-alpha	100.0	0.049	0.087	2	3.35209872289	0.00626574127116	65.7062488874
d-glucose-alpha	100.0	0.049	0.087	3	3.36164256651	0.124985410326	-27.3033239766
d-glucose-alpha	100.0	0.049	0.087	4	3.36375088645	0.0118961186517	5.46453400472
d-glucose-alpha	100.0	0.049	0.087	5	3.38335913357	0.00484144561149	37.7292762873
d-glucose-alpha	100.0	0.049	0.087	6	3.39305387422	0.253808406016	-7.10838051651
d-glucose-alpha	100.0	0.049	0.087	7	3.39391629131	0.153774909571	-24.7729784744
d-glucose-alpha	100.0	0.049	0.087	8	3.39401463139	0.0222159334486	262.980327418
d-glucose-alpha	100.0	0.049	0.087	9	3.39435939378	0.0112704919419	-72.5425325461
d-glucose-alpha	100.0	0.049	0.087	10	3.39511005767	0.00959798008709	41.115107945
d-glucose-alpha	100.0	0.049	0.087	11	3.40386407265	0.0132629002689	-58.6646451129
d-glucose-alpha	100.0	0.049	0.087	12	3.42385458762	0.0598246734857	42.2199873691
d-glucose-alpha	100.0	0.049	0.087	13	3.42561158692	0.0174079630897	242.353477734
d-glucose-alpha	100.0	0.049	0.087	14	3.42536403356	0.00250950130115	-87.6591658547
d-glucose-alpha	100.0	0.049	0.087	15	3.4258171585	0.0713510635158	14.2363830633
d-glucose-alpha	100.0	0.049	0.087	16	3.43530683686	0.0157236650403	-9.50809501925
d-glucose-alpha	100.0	0.049	0.087	17	3.43727309679	0.00220565530079	72.961501514
d-glucose-alpha	100.0	0.049	0.087	18	3.46875202437	0.00529249400534	92.5600845911
d-glucose-alpha	100.0	0.049	0.087	19	3.4951193219	0.210358372378	229.687808051
d-glucose-alpha	100.0	0.049	0.087	20	3.50777426681	0.253942941455	106.851456337
d-glucose-alpha	100.0	0.049	0.087	21	3.51599361121	0.000927075066232	247.601663286
d-glucose-alpha	100.0	0.049	0.087	22	3.52726769705	0.239666155843	250.604277264
d-glucose-alpha	100.0	0.049	0.087	23	3.53996364039	0.1989276828	107.123544033
d-glucose-alpha	100.0	0.049	0.087	24	3.66849170087	0.311017737835	-38.4032055707
d-glucose-alpha	100.0	0.049	0.087	25	3.70040928608	0.346475866017	-14.5567755924
d-glucose-alpha	100.0	0.049	0.087	26	3.69994496656	0.0262061624161	51.4742060463
d-glucose-alpha	100.0	0.049	0.087	27	3.71005512758	0.0638383518385	142.769863873
d-glucose-alpha	100.0	0.049	0.087	28	3.7125936721	0.0634959017377	243.688063907
d-glucose-alpha	100.0	0.049	0.087	29	3.72175202318	0.0253123706818	146.195994744
d-glucose-alpha	100.0	0.049	0.087	30	3.73219048675	0.353072340447	17.6726668663
d-glucose-alpha	100.0	0.049	0.087	31	3.73239551279	0.223679480483	56.7550629319
d-glucose-alpha	100.0	0.049	0.087	32	3.75201141992	0.055341968191	-80.0009881605
d-glucose-alpha	100.0	0.049	0.087	33	3.75275650961	0.00504190382122	52.4246500528
d-glucose-alpha	100.0	0.049	0.087	34	3.75317851285	0.0969701718229	215.148271298
d-glucose-alpha	100.0	0.049	0.087	35	3.76248446633	0.0742766347422	-46.5348565818
d-glucose-alpha	100.0	0.049	0.087	36	3.77310133309	0.155016136971	-39.9587971112
d-glucose-alpha	100.0	0.049	0.087	37	3.77418047887	0.135405041688	24.0881685716
d-glucose-alpha	100.0	0.049	0.087	38	3.79604319624	0.195901117271	-52.9078680803
d-glucose-alpha	100.0	0.049	0.087	39	3.80032719929	0.116824237456	98.6953533272
d-glucose-alpha	100.0	0.049	0.087	40	3.80652159819	0.0327579208991	63.090440073
d-glucose-alpha	100.0	0.049	0.087	41	3.80790497774	0.13742125321	-56.0109359891
d-glucose-alpha	100.0	0.049	0.087	42	3.81079209927	0.108524074706	145.091329411
d-glucose-alpha	100.0	0.049	0.087	43	3.81305068967	0.0740962706518	259.844047498
d-glucose-alpha	100.0	0.049	0.087	44	3.81821083035	0.0700554808539	122.917092271
d-glucose-alpha	100.0	0.049	0.087	45	3.8224883933	0.0342664116048	77.9932650302
d-glucose-alpha	100.0	0.049	0.087	46	3.82814053298	0.137931266607	260.54522906
d-glucose-alpha	100.0	0.049	0.087	47	3.83327779577	0.165177728184	251.101993173
d-glucose-alpha	100.0	0.049	0.087	48	3.84806812242	0.0618500877811	150.389838146
d-glucose-alpha	100.0	0.049	0.087	49	3.84847885812	0.0974319079823	-67.1898514358
d-glucose-alpha	100.0	0.049	0.087	50	3.84848967222	0.11179152965	239.362615926
d-glucose-alpha	100.0	0.049	0.087	51	3.85305031783	0.090462620238	175.93925816
d-glucose-alpha	100.0	0.049	0.087	52	3.85320154411	0.106758037268	6.70855660713
d-glucose-alpha	100.0	0.049	0.087	53	3.85362938101	0.042841972236	212.543058592
d-glucose-alpha	100.0	0.049	0.087	54	3.89678287254	0.00821824082774	3.6768270645
gaba	100.0	0.155	0.082	0	1.83609170247	0.0272668291014	235.802357997
gaba	100.0	0.155	0.082	1	1.83815637494	0.0375833146288	177.124554844
gaba	100.0	0.155	0.082	2	1.85696880793	0.00976883082581	12.2409849881
gaba	100.0	0.155	0.082	3	1.86057581128	0.104304808515	-45.3439260477
gaba	100.0	0.155	0.082	4	1.86236423695	0.131519803099	-33.3694646673
gaba	100.0	0.155	0.082	5	1.86525279748	0.0315255827136	-69.1093341871
gaba	100.0	0.155	0.082	6	1.86824473535	0.00860913000875	250.853688099
gaba	100.0	0.155	0.082	7	1.87964134091	0.000994351764024	99.7683691422
gaba	100.0	0.155	0.082	8	1.88230828587	0.0141836091527	100.267156506
gaba	100.0	0.155	0.082	9	1.88608904945	0.206488472617	45.2596299323
gaba	100.0	0.155	0.082	10	1.88854272669	0.0928849349672	29.4359430467
gaba	100.0	0.155	0.082	11	1.89134682797	0.0147824127109	0.00526736472578
gaba	100.0	0.155	0.082	12	1.89333898213	0.0102880705517	-15.3028395193
gaba	100.0	0.155	0.082	13	1.90683793964	0.0103399788772	187.495294639
gaba	100.0	0.155	0.082	14	1.90979531082	0.02341464332	177.483100048
gaba	100.0	0.155	0.082	15	1.91152663609	0.118119763267	136.14932372
gaba	100.0	0.155	0.082	16	1.91186458416	0.0816301388869	163.255665966
gaba	100.0	0.155	0.082	17	1.91364934966	0.0545043177695	130.96459656
gaba	100.0	0.155	0.082	18	1.91680278763	0.0106737358562	96.6881284186
gaba	100.0	0.155	0.082	19	1.93570839362	0.0394463137419	254.05047592
gaba	100.0	0.155	0.082	20	1.93776531495	0.0539526631955	228.85847343
gaba	100.0	0.155	0.082	21	2.26016133039	0.451691412749	-61.5080625814
gaba	100.0	0.155	0.082	22	2.2805636838	0.0101135013985	65.9231912454
gaba	100.0	0.155	0.082	23	2.28474678786	0.728194646707	27.8376718318
gaba	100.0	0.155	0.082	24	2.28744447796	0.0103406844784	-9.00367129291
gaba	100.0	0.155	0.082	25	2.30857004239	0.189911009733	129.734542748
gaba	100.0	0.155	0.082	26	2.31018620346	0.196210739905	124.980894562
gaba	100.0	0.155	0.082	27	2.98809138115	0.518680146676	265.219442098
gaba	100.0	0.155	0.082	28	3.0079258024	0.0755297736971	51.3310432476
gaba	100.0	0.155	0.082	29	3.01092403438	0.177620292083	20.7102527523
gaba	100.0	0.155	0.082	30	3.01387172671	0.589462519553	-5.92164165272
gaba	100.0	0.155	0.082	31	3.01569592483	0.0474522159638	-26.880957626
gaba	100.0	0.155	0.082	32	3.01769116313	0.0530415096544	-51.2310899384
gaba	100.0	0.155	0.082	33	3.01952936515	0.0183280009099	-66.608706294
gaba	100.0	0.155	0.082	34	3.03850788884	0.445576215918	92.7972296028
glutamate	100.0	0.898	0.088	0	1.96706804127	0.0210464390786	245.273235866
glutamate	100.0	0.898	0.088	1	1.99094252965	0.0379411744687	-75.5763396361
glutamate	100.0	0.898	0.088	2	1.9909810453	0.0181293533931	1.69189579702
glutamate	100.0	0.898	0.088	3	1.99400006985	0.0334531739662	-37.080945754
glutamate	100.0	0.898	0.088	4	2.01485536067	0.0402125334427	93.8430141456
glutamate	100.0	0.898	0.088	5	2.01680099928	0.0233717847297	222.663027207
glutamate	100.0	0.898	0.088	6	2.01798432604	0.0893033640125	73.7466492179
glutamate	100.0	0.898	0.088	7	2.04038271602	0.106888466731	145.306218833
glutamate	100.0	0.898	0.088	8	2.04202460837	0.0284232961808	204.898006827
glutamate	100.0	0.898	0.088	9	2.04412977497	0.0141313674812	179.914311974
glutamate	100.0	0.898	0.088	10	2.06405000071	0.0498410636358	-22.6361953014
glutamate	100.0	0.898	0.088	11	2.06783924846	0.0812548278258	-24.7080253341
glutamate	100.0	0.898	0.088	12	2.0678805705	0.0854525295735	-49.8490610772
glutamate	100.0	0.898	0.088	13	2.08373400035	0.0249676961049	224.851442355
glutamate	100.0	0.898	0.088	14	2.0916096957	0.0469117940631	30.1099379859
glutamate	100.0	0.898	0.088	15	2.0921638647	0.0184885944921	231.399234402
glutamate	100.0	0.898	0.088	16	2.0931028643	0.0148892570977	130.937173871
glutamate	100.0	0.898	0.088	17	2.10826232309	0.0765232960376	244.879075522
glutamate	100.0	0.898	0.088	18	2.10938326002	0.035399892618	-87.7379933988
glutamate	100.0	0.898	0.088	19	2.11718319984	0.023348797175	264.89440118
glutamate	100.0	0.898	0.088	20	2.11766375294	0.0558589991583	206.048683456
glutamate	100.0	0.898	0.088	21	2.13343335061	0.0231530307679	10.8003687027
glutamate	100.0	0.898	0.088	22	2.13370905658	0.0545264458184	74.9826957842
glutamate	100.0	0.898	0.088	23	2.1414089918	0.0402059648531	-47.7778363111
glutamate	100.0	0.898	0.088	24	2.14323256942	0.0404469529429	-43.8913285572
glutamate	100.0	0.898	0.088	25	2.15745696313	0.036472114104	130.483157472
glutamate	100.0	0.898	0.088	26	2.15947305764	0.0336318507781	120.312719415
glutamate	100.0	0.898	0.088	27	2.16730562707	0.0488197356211	69.8439196858
glutamate	100.0	0.898	0.088	28	2.18329414391	0.0350439382097	208.491911654
glutamate	100.0	0.898	0.088	29	2.25493269956	0.00201252114677	-82.0012447088
glutamate	100.0	0.898	0.088	30	2.26791122816	0.0137549124358	-67.2804099581
glutamate	100.0	0.898	0.088	31	2.29150345554	0.0211610548879	15.0998553807
glutamate	100.0	0.898	0.088	32	2.31581488137	0.00566529764458	132.894207733
glutamate	100.0	0.898	0.088	33	2.32096574108	0.415449317779	-62.0431927243
glutamate	100.0	0.898	0.088	34	2.34493279011	0.302989408786	19.5681225536
glutamate	100.0	0.898	0.088	35	2.34739917487	0.287724178882	25.2502927674
glutamate	100.0	0.898	0.088	36	2.36914331645	0.0921098820433	103.626067314
glutamate	100.0	0.898	0.088	37	2.37371850832	0.153139743621	143.127971083
glutamate	100.0	0.898	0.088	38	2.37397542221	0.0147219289301	-68.431248058
glutamate	100.0	0.898	0.088	39	2.40094948638	0.020464356172	34.0259629985
glutamate	100.0	0.898	0.088	40	2.42703933463	0.00651011542339	139.199471637
glutamate	100.0	0.898	0.088	41	3.72336600701	0.225540586191	198.255205759
glutamate	100.0	0.898	0.088	42	3.7395072882	0.211579309619	-1.83479749104
glutamate	100.0	0.898	0.088	43	3.74731384626	0.193604562285	-13.6529221817
glutamate	100.0	0.898	0.088	44	3.76351004507	0.214120098116	144.931332135
d-glucose-beta	100.0	0.049	0.087	0	3.13246194326	0.00228185660717	243.547986136
d-glucose-beta	100.0	0.049	0.087	1	3.15987681051	0.00090016277129	-10.3633543467
d-glucose-beta	100.0	0.049	0.087	2	3.18004891736	0.00209722200998	239.341305476
d-glucose-beta	100.0	0.049	0.087	3	3.18501719132	0.00328573866148	223.795475433
d-glucose-beta	100.0	0.049	0.087	4	3.19507767206	0.00626685970263	184.440508983
d-glucose-beta	100.0	0.049	0.087	5	3.1961011039	0.00466153539625	241.409618266
d-glucose-beta	100.0	0.049	0.087	6	3.19817436453	0.0083218906539	178.823469809
d-glucose-beta	100.0	0.049	0.087	7	3.19858675256	0.00894460656906	262.145096066
d-glucose-beta	100.0	0.049	0.087	8	3.20049385075	0.115680928846	-64.2710882186
d-glucose-beta	100.0	0.049	0.087	9	3.20213530375	0.0205743933452	256.938988252
d-glucose-beta	100.0	0.049	0.087	10	3.2038352903	0.0143170000008	-69.4205498776
d-glucose-beta	100.0	0.049	0.087	11	3.20568414874	0.0114122713515	-76.0470392601
d-glucose-beta	100.0	0.049	0.087	12	3.20679107353	0.00113552577769	-14.1897960831
d-glucose-beta	100.0	0.049	0.087	13	3.2115885965	0.00118731945416	256.644538607
d-glucose-beta	100.0	0.049	0.087	14	3.21199939533	0.00154920088859	-34.7825155406
d-glucose-beta	100.0	0.049	0.087	15	3.22183773397	0.00194890131581	239.459201963
d-glucose-beta	100.0	0.049	0.087	16	3.22281796337	0.00446760120738	-60.3479631616
d-glucose-beta	100.0	0.049	0.087	17	3.2260171044	0.0141030997629	-49.8899624485
d-glucose-beta	100.0	0.049	0.087	18	3.22563167541	0.00777991699054	238.760362195
d-glucose-beta	100.0	0.049	0.087	19	3.22722077191	0.076797078546	23.0796548417
d-glucose-beta	100.0	0.049	0.087	20	3.22820746075	0.00973303058446	67.3979480933
d-glucose-beta	100.0	0.049	0.087	21	3.22919279816	0.0260206747627	239.383129682
d-glucose-beta	100.0	0.049	0.087	22	3.23032862941	0.0959369313662	-32.2855644464
d-glucose-beta	100.0	0.049	0.087	23	3.2300985671	0.141159098687	-17.3733127979
d-glucose-beta	100.0	0.049	0.087	24	3.23129843205	0.00524805865752	57.6084726294
d-glucose-beta	100.0	0.049	0.087	25	3.23163977245	0.00351124410325	137.684995706
d-glucose-beta	100.0	0.049	0.087	26	3.2323553083	0.00673844688636	-3.42529214031
d-glucose-beta	100.0	0.049	0.087	27	3.23412285556	0.00414539392358	55.6000769121
d-glucose-beta	100.0	0.049	0.087	28	3.23715619294	0.0021514054222	72.6770745526
d-glucose-beta	100.0	0.049	0.087	29	3.24492635208	0.00162896007983	13.3229195245
d-glucose-beta	100.0	0.049	0.087	30	3.24732303237	0.00169888770807	47.5319294806
d-glucose-beta	100.0	0.049	0.087	31	3.25013935444	0.00111421982509	-6.04958455009
d-glucose-beta	100.0	0.049	0.087	32	3.25338522826	0.0132250888468	47.9239801563
d-glucose-beta	100.0	0.049	0.087	33	3.25252085919	0.00503705774525	-31.1733630458
d-glucose-beta	100.0	0.049	0.087	34	3.25606133341	0.0183827949001	-58.0880468709
d-glucose-beta	100.0	0.049	0.087	35	3.25698475185	0.169711948063	53.2584625259
d-glucose-beta	100.0	0.049	0.087	36	3.25846159829	0.0040958701242	211.59389641
d-glucose-beta	100.0	0.049	0.087	37	3.26096370457	0.00747388549534	137.02851073
d-glucose-beta	100.0	0.049	0.087	38	3.26403259453	0.00367893366779	155.815761016
d-glucose-beta	100.0	0.049	0.087	39	3.27183568905	0.00139065680083	102.219295326
d-glucose-beta	100.0	0.049	0.087	40	3.27422061941	0.00195143003194	137.173097214
d-glucose-beta	100.0	0.049	0.087	41	3.27705057309	0.00100691822459	80.0416509836
d-glucose-beta	100.0	0.049	0.087	42	3.27902799907	0.00140505776662	116.846234476
d-glucose-beta	100.0	0.049	0.087	43	3.29993073003	0.00154168602478	-9.07939219491
d-glucose-beta	100.0	0.049	0.087	44	3.30191391454	0.000469952611135	-4.38263874675
d-glucose-beta	100.0	0.049	0.087	45	3.32496310621	0.00319197246018	240.85712698
d-glucose-beta	100.0	0.049	0.087	46	3.32681136311	0.00232565958897	102.010750171
d-glucose-beta	100.0	0.049	0.087	47	3.32875786796	0.000592141687068	87.0302802962
d-glucose-beta	100.0	0.049	0.087	48	3.33061856853	0.00130806626034	232.80933052
d-glucose-beta	100.0	0.049	0.087	49	3.33613117461	0.00111890603675	201.415589519
d-glucose-beta	100.0	0.049	0.087	50	3.3506275571	0.0506270169164	195.596793665
d-glucose-beta	100.0	0.049	0.087	51	3.35151850941	0.0631648661012	111.576585424
d-glucose-beta	100.0	0.049	0.087	52	3.3514045112	0.00969149242458	-17.0209386644
d-glucose-beta	100.0	0.049	0.087	53	3.35197225542	0.0307626272088	57.9846824278
d-glucose-beta	100.0	0.049	0.087	54	3.35831373889	0.000478101065636	159.008762772
d-glucose-beta	100.0	0.049	0.087	55	3.37354079762	0.00473917320054	-24.4413886455
d-glucose-beta	100.0	0.049	0.087	56	3.37407960239	0.00770223758081	-75.2238077673
d-glucose-beta	100.0	0.049	0.087	57	3.37412519429	0.00747201124996	267.627980556
d-glucose-beta	100.0	0.049	0.087	58	3.3788772226	0.037394371735	49.3211961096
d-glucose-beta	100.0	0.049	0.087	59	3.38007444182	0.00325750366664	212.935980223
d-glucose-beta	100.0	0.049	0.087	60	3.38037296611	0.00498293941341	127.257173551
d-glucose-beta	100.0	0.049	0.087	61	3.38133679952	0.156341810753	-26.6444152439
d-glucose-beta	100.0	0.049	0.087	62	3.38107178867	0.0785780156743	25.7448075042
d-glucose-beta	100.0	0.049	0.087	63	3.3819716998	0.00807869748157	261.641567932
d-glucose-beta	100.0	0.049	0.087	64	3.38198046593	0.00795375129258	-83.7582339824
d-glucose-beta	100.0	0.049	0.087	65	3.38748637018	0.0263541145584	-59.8747246571
d-glucose-beta	100.0	0.049	0.087	66	3.38762265598	0.0329239275509	-5.24949252508
d-glucose-beta	100.0	0.049	0.087	67	3.39629505082	0.0134361059378	-9.05542062853
d-glucose-beta	100.0	0.049	0.087	68	3.40083908508	0.0104212560629	-29.2652377877
d-glucose-beta	100.0	0.049	0.087	69	3.40963845444	0.255456082526	4.61882054729
d-glucose-beta	100.0	0.049	0.087	70	3.40960440835	0.00165257605159	78.9539048222
d-glucose-beta	100.0	0.049	0.087	71	3.41148519329	0.0508779152739	-63.0878452871
d-glucose-beta	100.0	0.049	0.087	72	3.41467268141	0.00360847664035	-20.025200345
d-glucose-beta	100.0	0.049	0.087	73	3.42562038904	0.0172542188752	115.334811546
d-glucose-beta	100.0	0.049	0.087	74	3.42589448975	0.0247707017351	-69.8399837701
d-glucose-beta	100.0	0.049	0.087	75	3.42861988922	0.0377885449778	-48.9157513956
d-glucose-beta	100.0	0.049	0.087	76	3.42871011012	0.0456322413704	214.0927048
d-glucose-beta	100.0	0.049	0.087	77	3.43042752077	0.00177848799844	-63.7552827627
d-glucose-beta	100.0	0.049	0.087	78	3.43117230439	0.0193383621534	255.258219048
d-glucose-beta	100.0	0.049	0.087	79	3.43084355555	0.0183313394228	110.429157618
d-glucose-beta	100.0	0.049	0.087	80	3.43362373933	0.0478160489179	-77.5928216216
d-glucose-beta	100.0	0.049	0.087	81	3.43364488713	0.0435487928752	173.181163071
d-glucose-beta	100.0	0.049	0.087	82	3.44169043253	0.00782168881117	96.8095640613
d-glucose-beta	100.0	0.049	0.087	83	3.44403838352	0.0552809755679	95.7209371723
d-glucose-beta	100.0	0.049	0.087	84	3.44404208719	0.0550168562095	94.9974102459
d-glucose-beta	100.0	0.049	0.087	85	3.44423001531	0.00987745770696	-51.528224239
d-glucose-beta	100.0	0.049	0.087	86	3.44513733058	0.0455468527609	221.346450851
d-glucose-beta	100.0	0.049	0.087	87	3.44663452348	0.189589891852	15.7456586653
d-glucose-beta	100.0	0.049	0.087	88	3.44865245169	0.0204668450416	-53.4643619455
d-glucose-beta	100.0	0.049	0.087	89	3.44952761619	0.0469410555293	166.252704422
d-glucose-beta	100.0	0.049	0.087	90	3.44969089456	0.0022732473898	109.122819895
d-glucose-beta	100.0	0.049	0.087	91	3.45020477209	0.0808512402177	-9.25269903443
d-glucose-beta	100.0	0.049	0.087	92	3.4503620051	0.0377915228064	199.665779741
d-glucose-beta	100.0	0.049	0.087	93	3.45242137437	0.00905914353299	-22.8142716106
d-glucose-beta	100.0	0.049	0.087	94	3.4544196721	0.0502543184434	46.9833726103
d-glucose-beta	100.0	0.049	0.087	95	3.45755577836	0.0203552980662	-25.8160861415
d-glucose-beta	100.0	0.049	0.087	96	3.45908412878	0.028286670773	46.0223642755
d-glucose-beta	100.0	0.049	0.087	97	3.46043183852	0.0194876072036	-9.02983992616
d-glucose-beta	100.0	0.049	0.087	98	3.4624831626	0.025409298035	259.852908137
d-glucose-beta	100.0	0.049	0.087	99	3.46981871545	0.0354403115217	10.2906612683
d-glucose-beta	100.0	0.049	0.087	100	3.47217709929	0.00864616577643	179.631539529
d-glucose-beta	100.0	0.049	0.087	101	3.47282110836	0.0520565183347	-41.507345364
d-glucose-beta	100.0	0.049	0.087	102	3.47429248205	0.0235739871405	191.142057936
d-glucose-beta	100.0	0.049	0.087	103	3.47572067022	0.164330067273	-32.1828014619
d-glucose-beta	100.0	0.049	0.087	104	3.47630165359	0.0122903391818	34.5153912516
d-glucose-beta	100.0	0.049	0.087	105	3.47763677131	0.0484992401414	212.005431694
d-glucose-beta	100.0	0.049	0.087	106	3.47771255917	0.041991551545	234.648117815
d-glucose-beta	100.0	0.049	0.087	107	3.47864079598	0.0974987364007	-28.5641144488
d-glucose-beta	100.0	0.049	0.087	108	3.47829084516	0.000786053619064	86.7343966304
d-glucose-beta	100.0	0.049	0.087	109	3.47949583238	0.0308939934681	148.146801794
d-glucose-beta	100.0	0.049	0.087	110	3.4806194627	0.00535763350205	0.868853614643
d-glucose-beta	100.0	0.049	0.087	111	3.48058989222	0.00775603202159	-75.1427458924
d-glucose-beta	100.0	0.049	0.087	112	3.48271578193	0.00692391528655	166.37930949
d-glucose-beta	100.0	0.049	0.087	113	3.48274311281	0.0105857450639	111.693821731
d-glucose-beta	100.0	0.049	0.087	114	3.50593078714	0.101282842386	215.732009424
d-glucose-beta	100.0	0.049	0.087	115	3.5079571611	0.0901603465	101.254641491
d-glucose-beta	100.0	0.049	0.087	116	3.52429033399	0.00326246757253	24.5687847575
d-glucose-beta	100.0	0.049	0.087	117	3.52913362474	0.00277356464779	2.4839862581
d-glucose-beta	100.0	0.049	0.087	118	3.54033537094	0.00141370088688	-33.0364543669
d-glucose-beta	100.0	0.049	0.087	119	3.54545337482	0.00119306152607	-25.6717396388
d-glucose-beta	100.0	0.049	0.087	120	3.55307842638	0.000423915230625	59.0141858417
d-glucose-beta	100.0	0.049	0.087	121	3.5578781287	0.000431539763871	66.5984304908
d-glucose-beta	100.0	0.049	0.087	122	3.59576163779	0.00206979257431	140.025135873
d-glucose-beta	100.0	0.049	0.087	123	3.61975726843	0.00102012162015	-5.08538543227
d-glucose-beta	100.0	0.049	0.087	124	3.62418876592	0.00198830343495	1.73059508381
d-glucose-beta	100.0	0.049	0.087	125	3.62716359833	0.00106279503869	-9.80132807508
d-glucose-beta	100.0	0.049	0.087	126	3.64200709428	0.000933891504034	4.66228921752
d-glucose-beta	100.0	0.049	0.087	127	3.67020532767	0.0013913882023	255.439115156
d-glucose-beta	100.0	0.049	0.087	128	3.67300090002	0.0295047834677	-46.921513616
d-glucose-beta	100.0	0.049	0.087	129	3.67550548101	0.133195395031	-46.8708421926
d-glucose-beta	100.0	0.049	0.087	130	3.67578186839	0.0126776539563	267.733681264
d-glucose-beta	100.0	0.049	0.087	131	3.67956102153	0.0235410444668	-70.9620138146
d-glucose-beta	100.0	0.049	0.087	132	3.68861417582	0.00839287982194	249.843618384
d-glucose-beta	100.0	0.049	0.087	133	3.68980393576	0.011350669639	146.09380477
d-glucose-beta	100.0	0.049	0.087	134	3.6922846631	0.0474355904337	214.205373229
d-glucose-beta	100.0	0.049	0.087	135	3.69321321037	0.0445544181462	143.588387676
d-glucose-beta	100.0	0.049	0.087	136	3.69458807303	0.0109080778638	247.486503356
d-glucose-beta	100.0	0.049	0.087	137	3.69721044427	0.00855285054146	130.024630415
d-glucose-beta	100.0	0.049	0.087	138	3.71156888661	0.00808692970797	168.69272391
d-glucose-beta	100.0	0.049	0.087	139	3.71704828452	0.139982340094	174.381029894
d-glucose-beta	100.0	0.049	0.087	140	3.71759912969	0.0901228552786	136.397897664
d-glucose-beta	100.0	0.049	0.087	141	3.7194282882	0.0217506794615	151.606483343
d-glucose-beta	100.0	0.049	0.087	142	3.7333662869	0.0489317174332	108.78500428
d-glucose-beta	100.0	0.049	0.087	143	3.73394795472	0.213300970009	35.3128360917
d-glucose-beta	100.0	0.049	0.087	144	3.73829084091	0.00822697690987	107.894144589
d-glucose-beta	100.0	0.049	0.087	145	3.74151049843	0.00516625681426	36.4887170729
d-glucose-beta	100.0	0.049	0.087	146	3.74456712747	0.00179292340157	95.4154240495
d-glucose-beta	100.0	0.049	0.087	147	3.78125117146	0.00276319956524	-8.59649674556
d-glucose-beta	100.0	0.049	0.087	148	3.85598398591	0.00426306253337	-70.8280738507
d-glucose-beta	100.0	0.049	0.087	149	3.85788324228	0.00579209472205	-63.5619022963
d-glucose-beta	100.0	0.049	0.087	150	3.86098995224	0.0492663600147	-83.1657743846
d-glucose-beta	100.0	0.049	0.087	151	3.86115911874	0.118043329119	246.790248915
d-glucose-beta	100.0	0.049	0.087	152	3.86384411267	0.105040532191	231.161164873
d-glucose-beta	100.0	0.049	0.087	153	3.86641485491	0.218051130182	208.5673776
d-glucose-beta	100.0	0.049	0.087	154	3.86950482342	0.00639449619196	218.589841502
d-glucose-beta	100.0	0.049	0.087	155	3.87183246593	0.00664473318258	175.874962942
d-glucose-beta	100.0	0.049	0.087	156	3.90254783248	0.230565909283	129.012439075
d-glucose-beta	100.0	0.049	0.087	157	3.90764383961	0.173021247154	94.7146872985
d-glucose-beta	100.0	0.049	0.087	158	4.61672458398	0.479558718017	138.202115184
d-glucose-beta	100.0	0.049	0.087	159	4.64353359929	0.474627554525	219.820535692
glutamine	100.0	0.427	0.087	0	2.02959843313	0.0042112595274	57.0866423128
glutamine	100.0	0.427	0.087	1	2.04903832083	0.00354996110516	233.419936101
glutamine	100.0	0.427	0.087	2	2.05078450944	0.00559474469466	225.97955091
glutamine	100.0	0.427	0.087	3	2.05771963287	0.0034322355064	190.53110581
glutamine	100.0	0.427	0.087	4	2.05789178012	0.00749798545205	114.339215804
glutamine	100.0	0.427	0.087	5	2.07827919986	0.0577032398264	58.2938654152
glutamine	100.0	0.427	0.087	6	2.07913261771	0.0046592233576	230.112439956
glutamine	100.0	0.427	0.087	7	2.08348312725	0.00303821909239	169.708868122
glutamine	100.0	0.427	0.087	8	2.08467424299	0.0789375508483	81.4010400021
glutamine	100.0	0.427	0.087	9	2.0994120015	0.0615646577304	229.119844879
glutamine	100.0	0.427	0.087	10	2.10110091148	0.020009442838	195.841827307
glutamine	100.0	0.427	0.087	11	2.10307683112	0.050775477624	207.471084609
glutamine	100.0	0.427	0.087	12	2.10479853377	0.011373974049	-17.7207141535
glutamine	100.0	0.427	0.087	13	2.10493473898	0.0503057874883	240.014605515
glutamine	100.0	0.427	0.087	14	2.10705943378	0.0505477457289	195.735552407
glutamine	100.0	0.427	0.087	15	2.10978222351	0.0462998620061	94.2437584234
glutamine	100.0	0.427	0.087	16	2.11007205827	0.0381365581482	149.350364551
glutamine	100.0	0.427	0.087	17	2.11574074582	0.0247536619145	120.120223073
glutamine	100.0	0.427	0.087	18	2.12154007131	0.0136067554361	-49.5001341573
glutamine	100.0	0.427	0.087	19	2.12427844833	0.0921931511521	237.975266469
glutamine	100.0	0.427	0.087	20	2.12762581022	0.0560214283386	-19.0339701046
glutamine	100.0	0.427	0.087	21	2.13015833943	0.0619653984361	-63.2831210573
glutamine	100.0	0.427	0.087	22	2.1316397151	0.195576420594	213.088222666
glutamine	100.0	0.427	0.087	23	2.1333228175	0.00544413988535	119.759698676
glutamine	100.0	0.427	0.087	24	2.13493755571	0.102190495792	246.906529101
glutamine	100.0	0.427	0.087	25	2.1368241746	0.0161467908898	242.351688452
glutamine	100.0	0.427	0.087	26	2.15336547463	0.0669618260946	17.762283926
glutamine	100.0	0.427	0.087	27	2.15356223104	0.0028576496255	256.36040383
glutamine	100.0	0.427	0.087	28	2.15502822922	0.0814763563917	4.11479011328
glutamine	100.0	0.427	0.087	29	2.15542925651	0.00260820587806	220.491159933
glutamine	100.0	0.427	0.087	30	2.15894987717	0.00490051757087	200.102215926
glutamine	100.0	0.427	0.087	31	2.16411056855	0.00298137129523	52.4001342112
glutamine	100.0	0.427	0.087	32	2.17574695392	0.00819304026164	179.562102605
glutamine	100.0	0.427	0.087	33	2.17923162819	0.00455414908097	-14.4456309015
glutamine	100.0	0.427	0.087	34	2.18394241349	0.00919263957828	227.932147632
glutamine	100.0	0.427	0.087	35	2.20359517008	0.0087013231491	41.0073940144
glutamine	100.0	0.427	0.087	36	2.2334385108	0.00188945346014	-69.249151987
glutamine	100.0	0.427	0.087	37	2.33941149415	0.00226044012417	33.0686180027
glutamine	100.0	0.427	0.087	38	2.3652028849	0.0273461972506	-66.1605819557
glutamine	100.0	0.427	0.087	39	2.38767179782	0.0102176737962	81.2112043813
glutamine	100.0	0.427	0.087	40	2.38967306625	0.0179976023887	0.0440698371794
glutamine	100.0	0.427	0.087	41	2.39609645372	0.00350785166603	-22.7269045108
glutamine	100.0	0.427	0.087	42	2.39710305104	0.00294280163729	144.024295145
glutamine	100.0	0.427	0.087	43	2.41530012735	0.0151157631249	82.7649877578
glutamine	100.0	0.427	0.087	44	2.41669040461	0.224586041187	-79.8327413692
glutamine	100.0	0.427	0.087	45	2.41945968632	0.211834443183	-39.4887513883
glutamine	100.0	0.427	0.087	46	2.43852661861	0.0743524846428	108.149661183
glutamine	100.0	0.427	0.087	47	2.43883609371	0.110737724188	18.9588749849
glutamine	100.0	0.427	0.087	48	2.44155430817	0.150601978557	12.4472254106
glutamine	100.0	0.427	0.087	49	2.44811866752	0.272836095705	33.888466322
glutamine	100.0	0.427	0.087	50	2.44779057715	0.0675932858508	-61.6466110821
glutamine	100.0	0.427	0.087	51	2.46685619511	0.167669462365	78.2969214371
glutamine	100.0	0.427	0.087	52	2.47096548532	0.0239804458481	-51.3762496003
glutamine	100.0	0.427	0.087	53	2.4733785719	0.140531962684	108.662221068
glutamine	100.0	0.427	0.087	54	2.49309782922	0.00186668467084	231.257077027
glutamine	100.0	0.427	0.087	55	2.49381314054	0.00237990435467	28.7608105598
glutamine	100.0	0.427	0.087	56	2.49661093519	0.0218648012186	43.5454348012
glutamine	100.0	0.427	0.087	57	2.50244172378	0.00796241497254	-27.4279779166
glutamine	100.0	0.427	0.087	58	2.5249329178	0.0159037391679	96.3334653456
glutamine	100.0	0.427	0.087	59	3.73242635927	0.221042964092	207.541837061
glutamine	100.0	0.427	0.087	60	3.75308985002	0.420179382304	-5.19936289044
glutamine	100.0	0.427	0.087	61	3.77384093342	0.227572310141	134.064474042
glycine	100.0	0.068	0.087	0	3.548	1.9869631128	-8.69445656878
glutathione_cysteine	100.0	0.194	0.087	0	2.88158786835	0.0822156168258	237.804248785
glutathione_cysteine	100.0	0.194	0.087	1	2.90438113802	0.0605351579118	-1.62140520302
glutathione_cysteine	100.0	0.194	0.087	2	2.92889438817	0.381764474106	72.9761025689
glutathione_cysteine	100.0	0.194	0.087	3	2.95168765785	0.42348440804	229.849903251
glutathione_cysteine	100.0	0.194	0.087	4	2.95222786887	0.381493964431	131.513020595
glutathione_cysteine	100.0	0.194	0.087	5	2.96913681216	0.429423354281	-72.648756885
glutathione_cysteine	100.0	0.194	0.087	6	2.9995343887	0.0940363334249	-22.1141874151
glutathione_cysteine	100.0	0.194	0.087	7	3.01644333198	0.0556595169928	155.586327294
glutathione_cysteine	100.0	0.194	0.087	8	4.54107552999	0.249858825953	201.086879381
glutathione_cysteine	100.0	0.194	0.087	9	4.55798447328	0.228895207858	5.48445215307
glutathione_cysteine	100.0	0.194	0.087	10	4.56386879967	0.217145627373	-1.68373841084
glutathione_cysteine	100.0	0.194	0.087	11	4.58077774296	0.238425038614	147.886032882
glutathione_glutamate	100.0	0.194	0.087	0	2.06336829863	0.00343950259029	44.5475808902
glutathione_glutamate	100.0	0.194	0.087	1	2.08480357034	0.00315759254065	179.424199753
glutathione_glutamate	100.0	0.194	0.087	2	2.08802641024	0.00673600574724	147.085887547
glutathione_glutamate	100.0	0.194	0.087	3	2.1095091802	0.006991627538	-85.4605038587
glutathione_glutamate	100.0	0.194	0.087	4	2.11281857509	0.00269827219997	229.163743974
glutathione_glutamate	100.0	0.194	0.087	5	2.11536997153	0.0596644786438	38.919580393
glutathione_glutamate	100.0	0.194	0.087	6	2.11861561635	0.0825653745221	46.0419809777
glutathione_glutamate	100.0	0.194	0.087	7	2.13432941101	0.00492644244404	13.3882041865
glutathione_glutamate	100.0	0.194	0.087	8	2.13679450303	0.0774073775361	180.313461199
glutathione_glutamate	100.0	0.194	0.087	9	2.14034016836	0.274987778385	159.542547851
glutathione_glutamate	100.0	0.194	0.087	10	2.14268703687	0.0797514603148	148.672122362
glutathione_glutamate	100.0	0.194	0.087	11	2.16177336908	0.252637131706	-83.8888630155
glutathione_glutamate	100.0	0.194	0.087	12	2.16390422585	0.0775697064245	-78.4390139559
glutathione_glutamate	100.0	0.194	0.087	13	2.16493629572	0.147561590994	247.213880829
glutathione_glutamate	100.0	0.194	0.087	14	2.17061728925	0.00366391910499	64.7722737689
glutathione_glutamate	100.0	0.194	0.087	15	2.18633368935	0.186688880685	15.1768128903
glutathione_glutamate	100.0	0.194	0.087	16	2.1925581324	0.00577046184457	172.921693492
glutathione_glutamate	100.0	0.194	0.087	17	2.19480388619	0.00244437413244	153.432587873
glutathione_glutamate	100.0	0.194	0.087	18	2.21425298712	0.00370169373943	-81.5805540874
glutathione_glutamate	100.0	0.194	0.087	19	2.21601501069	0.00359530111492	-89.7557992139
glutathione_glutamate	100.0	0.194	0.087	20	2.21720916435	0.00341897060171	230.189720815
glutathione_glutamate	100.0	0.194	0.087	21	2.23832992615	0.00477371544623	26.3687428745
glutathione_glutamate	100.0	0.194	0.087	22	2.44896352182	0.0241232568451	30.7171389543
glutathione_glutamate	100.0	0.194	0.087	23	2.4713275666	0.0191470738563	130.186002596
glutathione_glutamate	100.0	0.194	0.087	24	2.47337731005	0.0168800894197	138.049317994
glutathione_glutamate	100.0	0.194	0.087	25	2.49588037504	0.00935954071531	241.723222775
glutathione_glutamate	100.0	0.194	0.087	26	2.5024237577	0.221183520952	224.551928864
glutathione_glutamate	100.0	0.194	0.087	27	2.52108987818	0.232937666958	-22.3270504645
glutathione_glutamate	100.0	0.194	0.087	28	2.52487859033	0.207439002767	-37.9240252129
glutathione_glutamate	100.0	0.194	0.087	29	2.52677235759	0.189295265199	-44.2989739137
glutathione_glutamate	100.0	0.194	0.087	30	2.54566806424	0.380407682939	74.7315899881
glutathione_glutamate	100.0	0.194	0.087	31	2.54935486456	0.208276801195	65.7694035255
glutathione_glutamate	100.0	0.194	0.087	32	2.57018607797	0.19896869468	176.68610366
glutathione_glutamate	100.0	0.194	0.087	33	2.57454760033	0.0202195297172	156.091690948
glutathione_glutamate	100.0	0.194	0.087	34	2.59899330033	0.028636702389	260.447101609
glutathione_glutamate	100.0	0.194	0.087	35	2.59956499425	0.00619247276187	202.120748665
glutathione_glutamate	100.0	0.194	0.087	36	2.62366166879	0.0213255459325	9.23659439082
glutathione_glutamate	100.0	0.194	0.087	37	3.74782215452	0.263398296778	215.51436843
glutathione_glutamate	100.0	0.194	0.087	38	3.76912991849	0.458833216093	-7.69930746575
glutathione_glutamate	100.0	0.194	0.087	39	3.79046690337	0.226419533628	126.074388696
glutathione_glycine	100.0	0.194	0.087	0	3.769	1.95864634388	-7.70631753604
gpc_N(CH3)3_a	100.0	0.097	0.121	0	3.2100818801	1.33141870856	-6.15567672089
gpc_N(CH3)3_a	100.0	0.097	0.121	1	3.21199956044	0.103708958422	58.1315387168
gpc_N(CH3)3_a	100.0	0.097	0.121	2	3.21199956091	0.132825370758	240.619173367
gpc_N(CH3)3_a	100.0	0.097	0.121	3	3.21199956081	0.0764221599387	96.1203692925
gpc_N(CH3)3_a	100.0	0.097	0.121	4	3.21199956073	0.0306972565448	-56.6616841339
gpc_N(CH3)3_a	100.0	0.097	0.121	5	3.21199956079	0.0995804770657	180.650170834
gpc_N(CH3)3_a	100.0	0.097	0.121	6	3.21391778512	0.133243537764	-50.8071748695
gpc_N(CH3)3_a	100.0	0.097	0.121	7	3.21391746098	0.101760676641	139.935089046
gpc_N(CH3)3_a	100.0	0.097	0.121	8	3.21391779723	0.113989757508	-21.2830156646
gpc_N(CH3)3_a	100.0	0.097	0.121	9	3.21391789402	0.113236766791	53.197285999
gpc_N(CH3)3_a	100.0	0.097	0.121	10	3.2139179003	0.0370969918773	208.812544943
gpc_glycerol	100.0	0.097	0.087	0	3.53712165309	0.0014855069297	-62.2165174638
gpc_glycerol	100.0	0.097	0.087	1	3.54410022421	0.00227671168107	187.948057914
gpc_glycerol	100.0	0.097	0.087	2	3.54638811193	0.00105967664156	-78.40449885
gpc_glycerol	100.0	0.097	0.087	3	3.54917396702	0.00444386451789	262.250624245
gpc_glycerol	100.0	0.097	0.087	4	3.56192782366	0.0212185460946	244.613764971
gpc_glycerol	100.0	0.097	0.087	5	3.56192788218	0.00927232186687	127.286672525
gpc_glycerol	100.0	0.097	0.087	6	3.56200822476	0.00801477602314	4.89532195849
gpc_glycerol	100.0	0.097	0.087	7	3.56204824741	0.0131461282758	183.639626506
gpc_glycerol	100.0	0.097	0.087	8	3.56463347212	0.0154786511177	221.575983769
gpc_glycerol	100.0	0.097	0.087	9	3.56574445655	0.00966353268591	106.400442477
gpc_glycerol	100.0	0.097	0.087	10	3.57029025559	0.0154081253063	98.54710219
gpc_glycerol	100.0	0.097	0.087	11	3.57310894692	0.0164725487611	126.0100714
gpc_glycerol	100.0	0.097	0.087	12	3.57837586681	0.019858279913	151.807357587
gpc_glycerol	100.0	0.097	0.087	13	3.58107823257	0.0131709241891	-12.6923662216
gpc_glycerol	100.0	0.097	0.087	14	3.58123184267	0.0407258471692	82.1368787073
gpc_glycerol	100.0	0.097	0.087	15	3.58297543498	0.00177290943399	-75.1859274264
gpc_glycerol	100.0	0.097	0.087	16	3.59420207348	0.0066757807736	34.5012150204
gpc_glycerol	100.0	0.097	0.087	17	3.59458790918	0.00617652156459	-43.476264238
gpc_glycerol	100.0	0.097	0.087	18	3.59488246926	0.00598408439969	104.088651293
gpc_glycerol	100.0	0.097	0.087	19	3.59655269542	0.00894767420092	71.091025198
gpc_glycerol	100.0	0.097	0.087	20	3.59935492928	0.0022688746691	-10.6465068658
gpc_glycerol	100.0	0.097	0.087	21	3.60600984182	0.00206207270753	39.8126703696
gpc_glycerol	100.0	0.097	0.087	22	3.6116652953	0.0636154770234	34.9080521645
gpc_glycerol	100.0	0.097	0.087	23	3.61161569591	0.0121206822756	160.449577721
gpc_glycerol	100.0	0.097	0.087	24	3.61351022951	0.00336161416806	-37.3499246088
gpc_glycerol	100.0	0.097	0.087	25	3.61669738635	0.0256988971995	-54.1787031734
gpc_glycerol	100.0	0.097	0.087	26	3.61746620722	0.022400447828	111.905811791
gpc_glycerol	100.0	0.097	0.087	27	3.61775389846	0.0266922546998	19.8112612803
gpc_glycerol	100.0	0.097	0.087	28	3.61942412374	0.00251823628484	177.136212096
gpc_glycerol	100.0	0.097	0.087	29	3.62494300824	0.0497125149206	-72.9545003876
gpc_glycerol	100.0	0.097	0.087	30	3.62612395938	0.0269514538543	268.010257766
gpc_glycerol	100.0	0.097	0.087	31	3.62910816806	0.00200679873533	118.238340451
gpc_glycerol	100.0	0.097	0.087	32	3.63041372288	0.0351543754114	-53.6090652555
gpc_glycerol	100.0	0.097	0.087	33	3.63015909823	0.00148475816935	16.9261063602
gpc_glycerol	100.0	0.097	0.087	34	3.63085412329	0.0675663245746	234.942863453
gpc_glycerol	100.0	0.097	0.087	35	3.63098159004	0.0300127570134	147.028324895
gpc_glycerol	100.0	0.097	0.087	36	3.63312277017	0.00677830612378	124.207965289
gpc_glycerol	100.0	0.097	0.087	37	3.6473262314	0.0342395451155	194.384040498
gpc_glycerol	100.0	0.097	0.087	38	3.64746903531	0.033604134988	103.939765677
gpc_glycerol	100.0	0.097	0.087	39	3.64765911438	0.0182520105459	-20.6175802447
gpc_glycerol	100.0	0.097	0.087	40	3.64766582225	0.0257000702039	27.3959218662
gpc_glycerol	100.0	0.097	0.087	41	3.64933404729	0.0231493485709	84.3680947253
gpc_glycerol	100.0	0.097	0.087	42	3.6507524004	0.0164103850228	166.266257907
gpc_glycerol	100.0	0.097	0.087	43	3.65329118033	0.0453158649411	-40.4231126604
gpc_glycerol	100.0	0.097	0.087	44	3.65699582808	0.047724584662	5.11026715704
gpc_glycerol	100.0	0.097	0.087	45	3.66039664889	0.030409322931	18.8113763614
gpc_glycerol	100.0	0.097	0.087	46	3.65999676312	0.00242099956888	89.8671384288
gpc_glycerol	100.0	0.097	0.087	47	3.66262349048	0.00747675189032	206.861016282
gpc_glycerol	100.0	0.097	0.087	48	3.66274628755	0.0659495000182	-56.1901913744
gpc_glycerol	100.0	0.097	0.087	49	3.6627970794	0.00780360756536	268.733618086
gpc_glycerol	100.0	0.097	0.087	50	3.66490770063	0.000969896279217	83.0496305086
gpc_glycerol	100.0	0.097	0.087	51	3.67721533164	0.00824856561819	247.215573842
gpc_glycerol	100.0	0.097	0.087	52	3.67781424085	0.000875280596989	186.741594755
gpc_glycerol	100.0	0.097	0.087	53	3.67932529317	0.00178389282061	269.085092598
gpc_glycerol	100.0	0.097	0.087	54	3.67958304443	0.0031716264001	-46.2017070801
gpc_glycerol	100.0	0.097	0.087	55	3.68000972569	0.00843594366444	133.328300304
gpc_glycerol	100.0	0.097	0.087	56	3.68128719493	0.00352571944033	207.101405255
gpc_glycerol	100.0	0.097	0.087	57	3.69071041699	0.00260752407235	243.553818691
gpc_glycerol	100.0	0.097	0.087	58	3.69746680307	0.026721257414	-78.3018363469
gpc_glycerol	100.0	0.097	0.087	59	3.69718891789	0.0250766149038	248.067281517
gpc_glycerol	100.0	0.097	0.087	60	3.69719619996	0.00185000038662	171.675868076
gpc_glycerol	100.0	0.097	0.087	61	3.70064618949	0.018196170545	167.943132552
gpc_glycerol	100.0	0.097	0.087	62	3.70123719352	0.0159739914051	38.6971503642
gpc_glycerol	100.0	0.097	0.087	63	3.70245447363	0.0157792967526	252.679949258
gpc_glycerol	100.0	0.097	0.087	64	3.70709486346	0.0104064469017	174.471042904
gpc_glycerol	100.0	0.097	0.087	65	3.70903765875	0.0172681324798	123.602485565
gpc_glycerol	100.0	0.097	0.087	66	3.71241863248	0.0234522270867	100.526952148
gpc_glycerol	100.0	0.097	0.087	67	3.7124531291	0.0378476004937	77.0568518734
gpc_glycerol	100.0	0.097	0.087	68	3.71232031878	0.0131947839604	183.437945784
gpc_glycerol	100.0	0.097	0.087	69	3.73017680339	0.00459013371693	59.8269215846
gpc_glycerol	100.0	0.097	0.087	70	3.74500470696	0.00119800832796	235.036347354
gpc_glycerol	100.0	0.097	0.087	71	3.79209022585	0.00118043865179	21.3300107786
gpc_glycerol	100.0	0.097	0.087	72	3.80401456621	0.00802390993127	-22.8372209881
gpc_glycerol	100.0	0.097	0.087	73	3.80650602466	0.00981448966265	-15.1903139626
gpc_glycerol	100.0	0.097	0.087	74	3.80797506672	0.00242682228308	138.218891681
gpc_glycerol	100.0	0.097	0.087	75	3.81246118215	0.0182024973112	-69.5519342187
gpc_glycerol	100.0	0.097	0.087	76	3.8219021502	0.0160055389466	145.479862647
gpc_glycerol	100.0	0.097	0.087	77	3.82533546253	0.0113949079452	6.39554549552
gpc_glycerol	100.0	0.097	0.087	78	3.826891376	0.0122971256541	14.4573100779
gpc_glycerol	100.0	0.097	0.087	79	3.83616839228	0.00683067328517	-50.6726851208
gpc_glycerol	100.0	0.097	0.087	80	3.83737396657	0.11889508197	94.1615818218
gpc_glycerol	100.0	0.097	0.087	81	3.84026356605	0.0046579529857	181.075648434
gpc_glycerol	100.0	0.097	0.087	82	3.84158553945	0.00949065076391	67.7957834134
gpc_glycerol	100.0	0.097	0.087	83	3.84208833958	0.00817667157095	171.332504226
gpc_glycerol	100.0	0.097	0.087	84	3.84532177124	0.00527730770844	49.8098527802
gpc_glycerol	100.0	0.097	0.087	85	3.85718276851	0.00529366480248	-69.8536917806
gpc_glycerol	100.0	0.097	0.087	86	3.85746557866	0.00530117611113	190.76234569
gpc_glycerol	100.0	0.097	0.087	87	3.85748643756	0.00197650833157	5.65253184621
gpc_glycerol	100.0	0.097	0.087	88	3.85759606864	0.00535502271189	221.182814515
gpc_glycerol	100.0	0.097	0.087	89	3.86297907134	0.0142868949068	97.3398492606
gpc_glycerol	100.0	0.097	0.087	90	3.86362325475	0.0093074689998	247.121401798
gpc_glycerol	100.0	0.097	0.087	91	3.86528117596	0.0134472830672	142.638150753
gpc_glycerol	100.0	0.097	0.087	92	3.86663394259	0.00539324179384	197.114502849
gpc_glycerol	100.0	0.097	0.087	93	3.87301162855	0.060238462297	-60.1976379198
gpc_glycerol	100.0	0.097	0.087	94	3.87463710204	0.0215803493302	-72.9183878657
gpc_glycerol	100.0	0.097	0.087	95	3.87711040454	0.00181046213904	145.227378363
gpc_glycerol	100.0	0.097	0.087	96	3.88015462425	0.069924944518	-27.8125625522
gpc_glycerol	100.0	0.097	0.087	97	3.88267873654	0.00667794287053	167.226374756
gpc_glycerol	100.0	0.097	0.087	98	3.88513263944	0.0430725404774	136.542340484
gpc_glycerol	100.0	0.097	0.087	99	3.89008734653	0.0413786630971	257.289041065
gpc_glycerol	100.0	0.097	0.087	100	3.89043642652	0.0563515036849	-86.868282791
gpc_glycerol	100.0	0.097	0.087	101	3.89253276981	0.0120679192838	101.805262147
gpc_glycerol	100.0	0.097	0.087	102	3.89389663293	0.0609434012611	232.018283449
gpc_glycerol	100.0	0.097	0.087	103	3.89431166586	0.0213799984872	-8.47135385004
gpc_glycerol	100.0	0.097	0.087	104	3.89583332115	0.0161498120936	-43.0326446791
gpc_glycerol	100.0	0.097	0.087	105	3.89821850678	0.0308138750403	-12.4370581667
gpc_glycerol	100.0	0.097	0.087	106	3.90023659662	0.0567026015212	136.954171898
gpc_glycerol	100.0	0.097	0.087	107	3.90015599439	0.0395815266768	-0.548413840454
gpc_glycerol	100.0	0.097	0.087	108	3.9004198231	0.013910256973	-84.6725991203
gpc_glycerol	100.0	0.097	0.087	109	3.90238893187	0.044331956604	79.9471297681
gpc_glycerol	100.0	0.097	0.087	110	3.90426017535	0.0219914585684	184.85823903
gpc_glycerol	100.0	0.097	0.087	111	3.90413724061	0.044715776612	-3.72887008896
gpc_glycerol	100.0	0.097	0.087	112	3.90665754566	0.028505359698	220.852857522
gpc_glycerol	100.0	0.097	0.087	113	3.90801031229	0.00997802657569	29.9148748869
gpc_glycerol	100.0	0.097	0.087	114	3.90965106595	0.0104609704764	1.62388254298
gpc_glycerol	100.0	0.097	0.087	115	3.91105194497	0.0127031948421	-86.9073791558
gpc_glycerol	100.0	0.097	0.087	116	3.91221973518	0.0385586922435	92.4930519325
gpc_glycerol	100.0	0.097	0.087	117	3.91451154681	0.0307988958884	60.9500195767
gpc_glycerol	100.0	0.097	0.087	118	3.91541106785	0.00269584827545	-42.7458369555
gpc_glycerol	100.0	0.097	0.087	119	3.91655805062	0.0341653067635	63.596504624
gpc_glycerol	100.0	0.097	0.087	120	3.91926491916	0.0306152650863	222.051487099
gpc_glycerol	100.0	0.097	0.087	121	3.91948983091	0.00829058449809	90.2332674774
gpc_glycerol	100.0	0.097	0.087	122	3.91981509692	0.00352520614213	-55.1475145763
gpc_glycerol	100.0	0.097	0.087	123	3.92062205819	0.0413517872519	6.60652662874
gpc_glycerol	100.0	0.097	0.087	124	3.92201663417	0.0103924231762	174.316733751
gpc_glycerol	100.0	0.097	0.087	125	3.92387859538	0.0795944287689	39.270829406
gpc_glycerol	100.0	0.097	0.087	126	3.92527810152	0.0148615898404	111.764699752
gpc_glycerol	100.0	0.097	0.087	127	3.92702354205	0.0161555097649	47.2482546184
gpc_glycerol	100.0	0.097	0.087	128	3.93018278932	0.0135362798883	231.164735429
gpc_glycerol	100.0	0.097	0.087	129	3.93171752243	0.0257515504337	24.626646786
gpc_glycerol	100.0	0.097	0.087	130	3.93185977592	0.00848416214969	-67.1966946377
gpc_glycerol	100.0	0.097	0.087	131	3.93411871577	0.0160940714926	244.061981303
gpc_glycerol	100.0	0.097	0.087	132	3.94366086651	0.00678644317925	203.322046387
gpc_glycerol	100.0	0.097	0.087	133	3.94432926832	0.00547975853187	4.19133945776
gpc_glycerol	100.0	0.097	0.087	134	3.94594586238	0.00691054216763	-82.4114346202
gpc_glycerol	100.0	0.097	0.087	135	3.94772747455	0.00408952773604	224.259019598
gpc_glycerol	100.0	0.097	0.087	136	3.94883026999	0.0109157195523	5.45011630515
gpc_glycerol	100.0	0.097	0.087	137	3.94993119394	0.00874049818923	81.0513081906
gpc_glycerol	100.0	0.097	0.087	138	3.95034989145	0.0066580518733	143.302969072
gpc_glycerol	100.0	0.097	0.087	139	3.95350400826	0.0132662075126	113.055559785
gpc_glycerol	100.0	0.097	0.087	140	3.95753847857	0.00460626548679	-76.9306770301
gpc_glycerol	100.0	0.097	0.087	141	3.96074514273	0.119535651826	249.531793387
gpc_glycerol	100.0	0.097	0.087	142	3.96555307488	0.0135931193474	51.9222922338
gpc_glycerol	100.0	0.097	0.087	143	3.97120383687	0.0327380403802	-5.75708836507
gpc_glycerol	100.0	0.097	0.087	144	3.97218450993	0.00439156978794	-84.4900280053
gpc_glycerol	100.0	0.097	0.087	145	3.9734376796	0.0127161298092	214.771795019
gpc_glycerol	100.0	0.097	0.087	146	3.98089816727	0.00896254822728	191.060348365
gpc_glycerol	100.0	0.097	0.087	147	3.98100426902	0.0199288185881	1.11823738432
gpc_glycerol	100.0	0.097	0.087	148	3.98313880554	0.00752876254565	48.1970677134
gpc_glycerol	100.0	0.097	0.087	149	3.98536453393	0.00769384544878	268.872291031
gpc_glycerol	100.0	0.097	0.087	150	3.98842450408	0.0105606695244	52.2956329981
gpc_glycerol	100.0	0.097	0.087	151	3.99085659676	0.00187321650093	204.880871884
gpc_glycerol	100.0	0.097	0.087	152	3.99829034924	0.00406345722788	20.6166978985
gpc_glycerol	100.0	0.097	0.087	153	4.00146745403	0.00358180647695	9.05164372979
gpc_glycerol	100.0	0.097	0.087	154	4.00269944645	0.00240238713051	268.400306356
gpc_glycerol	100.0	0.097	0.087	155	4.0065617582	0.00744690607726	48.1050357388
gpc_glycerol	100.0	0.097	0.087	156	4.00824283197	0.00648054685896	-17.9445844306
gpc_glycerol	100.0	0.097	0.087	157	4.0148140493	0.00160815219335	-23.7036167079
gpc_glycerol	100.0	0.097	0.087	158	4.01782892618	0.00102036708304	239.714750786
gpc_7-CH2_8-CH2	100.0	0.097	0.087	0	3.59557808424	0.000751549365763	14.3430536815
gpc_7-CH2_8-CH2	100.0	0.097	0.087	1	3.64368259471	0.443467564783	154.706252371
gpc_7-CH2_8-CH2	100.0	0.097	0.087	2	3.64350840162	0.00816824459318	32.7906584689
gpc_7-CH2_8-CH2	100.0	0.097	0.087	3	3.6438348234	0.00726984445073	-68.1453849829
gpc_7-CH2_8-CH2	100.0	0.097	0.087	4	3.65425536493	0.208063714901	44.1125741034
gpc_7-CH2_8-CH2	100.0	0.097	0.087	5	3.65425406851	0.0161202167075	198.885216407
gpc_7-CH2_8-CH2	100.0	0.097	0.087	6	3.65862489327	0.322113280368	-6.11494860699
gpc_7-CH2_8-CH2	100.0	0.097	0.087	7	3.65895428939	0.164516494629	6.58240531351
gpc_7-CH2_8-CH2	100.0	0.097	0.087	8	3.65901798398	0.00240867183072	114.627214655
gpc_7-CH2_8-CH2	100.0	0.097	0.087	9	3.6636766223	0.205557084173	-61.7019240089
gpc_7-CH2_8-CH2	100.0	0.097	0.087	10	3.6636737941	0.00242907813676	94.5332020513
gpc_7-CH2_8-CH2	100.0	0.097	0.087	11	3.6636796249	0.00521668384236	263.181998502
gpc_7-CH2_8-CH2	100.0	0.097	0.087	12	3.6739506972	0.426482021559	185.35601987
gpc_7-CH2_8-CH2	100.0	0.097	0.087	13	3.67379101706	0.0159346113577	262.151910657
gpc_7-CH2_8-CH2	100.0	0.097	0.087	14	3.6740962265	0.0214600347078	101.206913958
gpc_7-CH2_8-CH2	100.0	0.097	0.087	15	3.72172131336	0.00142705420762	-70.2520632081
gpc_7-CH2_8-CH2	100.0	0.097	0.087	16	4.25043423145	0.00310017168937	-1.54989592857
gpc_7-CH2_8-CH2	100.0	0.097	0.087	17	4.27791531271	0.0858782635128	165.081307004
gpc_7-CH2_8-CH2	100.0	0.097	0.087	18	4.28689233661	0.0854270078539	164.429180974
gpc_7-CH2_8-CH2	100.0	0.097	0.087	19	4.28818766407	0.0412118082163	50.6631505532
gpc_7-CH2_8-CH2	100.0	0.097	0.087	20	4.29321684107	0.0616659103478	-7.71850561258
gpc_7-CH2_8-CH2	100.0	0.097	0.087	21	4.29588074625	0.0850858235731	163.444385868
gpc_7-CH2_8-CH2	100.0	0.097	0.087	22	4.29746518251	0.0621584298956	53.3172328595
gpc_7-CH2_8-CH2	100.0	0.097	0.087	23	4.29776213437	0.052025933837	-64.1599359418
gpc_7-CH2_8-CH2	100.0	0.097	0.087	24	4.30220100311	0.0630503614506	-6.93790655025
gpc_7-CH2_8-CH2	100.0	0.097	0.087	25	4.30615438911	0.0414417667622	49.8872348151
gpc_7-CH2_8-CH2	100.0	0.097	0.087	26	4.30658673879	0.0413449896721	-57.5117038866
gpc_7-CH2_8-CH2	100.0	0.097	0.087	27	4.30769924074	0.175380678043	177.199164692
gpc_7-CH2_8-CH2	100.0	0.097	0.087	28	4.30847593338	0.0186411491857	-40.9582479757
gpc_7-CH2_8-CH2	100.0	0.097	0.087	29	4.31119419847	0.0650552741482	-6.13529218202
gpc_7-CH2_8-CH2	100.0	0.097	0.087	30	4.31313171859	0.019686328072	243.635009075
gpc_7-CH2_8-CH2	100.0	0.097	0.087	31	4.31387413118	0.0177304837896	46.1584455241
gpc_7-CH2_8-CH2	100.0	0.097	0.087	32	4.31557564822	0.0413225910794	-56.666499703
gpc_7-CH2_8-CH2	100.0	0.097	0.087	33	4.3167147336	0.180296225581	177.425930952
gpc_7-CH2_8-CH2	100.0	0.097	0.087	34	4.31761842576	0.0661730555698	60.1010654499
gpc_7-CH2_8-CH2	100.0	0.097	0.087	35	4.32249555612	0.0682140598761	-5.24380349331
gpc_7-CH2_8-CH2	100.0	0.097	0.087	36	4.32614787655	0.0901434841123	193.56348076
gpc_7-CH2_8-CH2	100.0	0.097	0.087	37	4.32644270595	0.0417211873606	48.3049669473
gpc_7-CH2_8-CH2	100.0	0.097	0.087	38	4.32687501785	0.0413016717275	-55.6144361205
gpc_7-CH2_8-CH2	100.0	0.097	0.087	39	4.32859183825	0.021622426605	126.055262182
gpc_7-CH2_8-CH2	100.0	0.097	0.087	40	4.33148272964	0.071028377096	-4.69223207079
gpc_7-CH2_8-CH2	100.0	0.097	0.087	41	4.33586397748	0.0412603046204	-54.8539483705
gpc_7-CH2_8-CH2	100.0	0.097	0.087	42	4.33744493322	0.0890329733885	194.68585447
gpc_7-CH2_8-CH2	100.0	0.097	0.087	43	4.34643311108	0.0876555116016	195.453237744
gpc_N(CH3)3_b	100.0	0.097	0.121	0	3.21008187989	1.66431376889	-6.15567308997
gpc_N(CH3)3_b	100.0	0.097	0.121	1	3.21199956085	0.373122427724	-8.64222116554
gpc_N(CH3)3_b	100.0	0.097	0.121	2	3.21199956084	0.386513618208	-1.5376669914
gpc_N(CH3)3_b	100.0	0.097	0.121	3	3.21199956091	0.0518565117847	228.405771774
gpc_N(CH3)3_b	100.0	0.097	0.121	4	3.21199956076	0.0703409495921	106.435063286
gpc_N(CH3)3_b	100.0	0.097	0.121	5	3.21199956078	0.16409990929	54.4199744598
gpc_N(CH3)3_b	100.0	0.097	0.121	6	3.21199956089	0.0541576003835	235.98700495
gpc_N(CH3)3_b	100.0	0.097	0.121	7	3.21199956101	0.249730776577	-7.41714211026
gpc_N(CH3)3_b	100.0	0.097	0.121	8	3.21199956116	0.010171406294	202.450156454
gpc_N(CH3)3_b	100.0	0.097	0.121	9	3.2139176083	0.792111619574	-16.760624822
gpc_N(CH3)3_b	100.0	0.097	0.121	10	3.21391754276	0.0191854101374	184.213021717
gpc_N(CH3)3_b	100.0	0.097	0.121	11	3.21391780857	0.528489149229	-1.60651723455
gpc_N(CH3)3_b	100.0	0.097	0.121	12	3.2139178553	0.0573543535321	137.029329042
gpc_N(CH3)3_b	100.0	0.097	0.121	13	3.21391822824	0.164012761158	15.6290119492
gpc_N(CH3)3_b	100.0	0.097	0.121	14	3.21391852945	0.0433878840996	43.7278555258
myoinositol	100.0	0.578	0.087	0	3.14830362726	0.00106382913303	-11.8706520114
myoinositol	100.0	0.578	0.087	1	3.18741774593	0.00187047639325	36.6434776574
myoinositol	100.0	0.578	0.087	2	3.18772796561	0.00106307516475	-22.4208729586
myoinositol	100.0	0.578	0.087	3	3.18939356493	0.00107429215927	-20.422805173
myoinositol	100.0	0.578	0.087	4	3.23596319099	0.0835904433651	-1.52409534933
myoinositol	100.0	0.578	0.087	5	3.23696539007	0.0350486080976	61.7441114558
myoinositol	100.0	0.578	0.087	6	3.26490684787	0.0169565376119	-59.4712896496
myoinositol	100.0	0.578	0.087	7	3.26508807032	0.0178764012591	252.873851361
myoinositol	100.0	0.578	0.087	8	3.26710946734	0.014533326783	90.0493976546
myoinositol	100.0	0.578	0.087	9	3.2675447036	0.153125091304	-16.313226215
myoinositol	100.0	0.578	0.087	10	3.26745046268	0.00334857779796	171.169449185
myoinositol	100.0	0.578	0.087	11	3.26981074605	0.00642386080875	152.697875438
myoinositol	100.0	0.578	0.087	12	3.26999263665	0.00941224257522	-44.664697129
myoinositol	100.0	0.578	0.087	13	3.29771753465	0.0559004831507	103.257045264
myoinositol	100.0	0.578	0.087	14	3.29895696771	0.158110684639	31.7236842915
myoinositol	100.0	0.578	0.087	15	3.34544819022	0.00162591598809	29.9949319923
myoinositol	100.0	0.578	0.087	16	3.34738336444	0.00387107123727	15.2726269503
myoinositol	100.0	0.578	0.087	17	3.35601062259	0.00296619677338	-6.23658098524
myoinositol	100.0	0.578	0.087	18	3.37799716585	0.00741654235662	42.1706020665
myoinositol	100.0	0.578	0.087	19	3.38692235571	0.00161291759646	-0.127645895658
myoinositol	100.0	0.578	0.087	20	3.38843798204	0.00177056440335	-5.11396451853
myoinositol	100.0	0.578	0.087	21	3.4965884142	0.202557141582	201.573237098
myoinositol	100.0	0.578	0.087	22	3.49749470564	0.164947062222	9.73617844332
myoinositol	100.0	0.578	0.087	23	3.50608520916	0.164012301557	117.791240021
myoinositol	100.0	0.578	0.087	24	3.50722674471	0.167702165699	-8.85084866626
myoinositol	100.0	0.578	0.087	25	3.53065999253	0.508225010382	203.087835175
myoinositol	100.0	0.578	0.087	26	3.54016207758	0.629107653235	113.016306016
myoinositol	100.0	0.578	0.087	27	3.54169178035	0.019528320704	111.272710004
myoinositol	100.0	0.578	0.087	28	3.58593873387	0.640757805132	-11.38202875
myoinositol	100.0	0.578	0.087	29	3.61680119075	0.492330375467	4.5499980076
myoinositol	100.0	0.578	0.087	30	3.61945894076	0.381786827686	3.13972176294
myoinositol	100.0	0.578	0.087	31	3.65025291863	0.189840769977	221.097873516
myoinositol	100.0	0.578	0.087	32	3.65046724714	0.157052733572	140.779342012
myoinositol	100.0	0.578	0.087	33	4.04426884749	0.216389759345	79.9575058919
myoinositol	100.0	0.578	0.087	34	4.04441660481	0.0208131862462	5.3791267378
myoinositol	100.0	0.578	0.087	35	4.05386049502	0.395771577366	0.275563117551
myoinositol	100.0	0.578	0.087	36	4.05414941361	0.220012987429	-21.4701679801
myoinositol	100.0	0.578	0.087	37	4.06339176345	0.0792110732129	-74.047727335
myoinositol	100.0	0.578	0.087	38	4.06352285156	0.076410335325	-52.6217751385
myoinositol	100.0	0.578	0.087	39	4.0636155922	0.115711216319	254.180985884
naa_aspartate	100.0	1.0	0.069	0	2.42994709483	0.281415794255	113.858768152
naa_aspartate	100.0	1.0	0.069	1	2.46264926498	0.159900047602	135.013922604
naa_aspartate	100.0	1.0	0.069	2	2.48240740683	0.0571701785931	208.069631067
naa_aspartate	100.0	1.0	0.069	3	2.51510944273	0.320542262903	-79.5044019041
naa_aspartate	100.0	1.0	0.069	4	2.63340732305	0.0959750373477	58.7353371734
naa_aspartate	100.0	1.0	0.069	5	2.64673837637	0.315732593859	231.515384269
naa_aspartate	100.0	1.0	0.069	6	2.68586757494	0.275364895631	163.301374054
naa_aspartate	100.0	1.0	0.069	7	2.69919865223	0.159985270987	18.9707829857
naa_aspartate	100.0	1.0	0.069	8	4.33805226897	0.126365091531	-15.1529778859
naa_aspartate	100.0	1.0	0.069	9	4.3513830937	0.0745097383802	180.147563561
naa_aspartate	100.0	1.0	0.069	10	4.35958461114	0.130838265031	132.516087803
naa_aspartate	100.0	1.0	0.069	11	4.3707545707	0.0702268872617	20.6502392383
naa_aspartate	100.0	1.0	0.069	12	4.37291590033	0.0909850635139	-25.1811785309
naa_aspartate	100.0	1.0	0.069	13	4.38408539298	0.127724697656	223.233651427
naa_aspartate	100.0	1.0	0.069	14	4.39228650928	0.085062579649	157.49471469
naa_aspartate	100.0	1.0	0.069	15	4.40561779602	0.117543391335	10.0526794237
lactate	100.0	0.039	0.087	0	1.30249065688	0.23746794373	-41.0993673137
lactate	100.0	0.039	0.087	1	1.32580191134	0.189388450203	-16.6617167837
lactate	100.0	0.039	0.087	2	4.06255628652	0.122426260827	-14.1048805394
lactate	100.0	0.039	0.087	3	4.08588248448	0.372007170678	112.356152691
lactate	100.0	0.039	0.087	4	4.10920542977	0.35985278406	237.225598139
lactate	100.0	0.039	0.087	5	4.13253700483	0.118592058483	0.0569413049347
naa_acetyl	100.0	1.0	0.13	0	2.008	1.79168761395	38.9823790814
pcho_N(CH3)3_a	100.0	0.058	0.121	0	3.2060818805	1.33088687366	-6.09945423089
pcho_N(CH3)3_a	100.0	0.058	0.121	1	3.2079995606	0.0859971823959	43.2482635177
pcho_N(CH3)3_a	100.0	0.058	0.121	2	3.20799956094	0.100606044616	136.27499028
pcho_N(CH3)3_a	100.0	0.058	0.121	3	3.20799956116	0.0913885972894	233.374246668
pcho_N(CH3)3_a	100.0	0.058	0.121	4	3.20799956114	0.0425394909147	-70.8578363771
pcho_N(CH3)3_a	100.0	0.058	0.121	5	3.20991755227	0.0284940250502	248.238241039
pcho_N(CH3)3_a	100.0	0.058	0.121	6	3.20991747563	0.157271156924	142.901669618
pcho_N(CH3)3_a	100.0	0.058	0.121	7	3.20991765816	0.147642452249	-2.81208203766
pcho_N(CH3)3_a	100.0	0.058	0.121	8	3.20991790018	0.0841784169552	-62.1366322256
pcho_N(CH3)3_a	100.0	0.058	0.121	9	3.20991833934	0.059533536416	55.0756777439
naag_aspartyl	100.0	0.16	0.087	0	2.46274169543	0.249448881329	114.030129047
naag_aspartyl	100.0	0.16	0.087	1	2.49450147826	0.178828933174	132.096404376
naag_aspartyl	100.0	0.16	0.087	2	2.51627255614	0.124897545399	208.040608025
naag_aspartyl	100.0	0.16	0.087	3	2.54803233898	0.304932991413	-79.9579831655
naag_aspartyl	100.0	0.16	0.087	4	2.68014621287	0.153594015163	64.9485924558
naag_aspartyl	100.0	0.16	0.087	5	2.69524501619	0.309289474485	224.928043383
naag_aspartyl	100.0	0.16	0.087	6	2.73367707359	0.247985181066	162.296713045
naag_aspartyl	100.0	0.16	0.087	7	2.7487758769	0.192407948301	10.4468163488
naag_aspartyl	100.0	0.16	0.087	8	4.57372264483	0.279114420016	240.45655464
naag_aspartyl	100.0	0.16	0.087	9	4.58882144815	0.188623770716	81.2212043867
naag_aspartyl	100.0	0.16	0.087	10	4.60548242767	0.190748001623	-74.3630873532
naag_aspartyl	100.0	0.16	0.087	11	4.62058123099	0.227750203502	110.397773826
naag_glutamate	100.0	0.16	0.087	0	1.871	0.500052975752	39.8052888656
naag_glutamate	100.0	0.16	0.087	1	2.039	0.722505507796	34.2898875746
naag_glutamate	100.0	0.16	0.087	2	2.17	0.737448663398	33.0169450071
naag_glutamate	100.0	0.16	0.087	3	2.18	0.751459121208	32.6211358642
naag_glutamate	100.0	0.16	0.087	4	4.118	0.966547558805	-6.48515203136
naag_acetyl	100.0	0.16	0.13	0	2.032	2.10417161454	34.754779032
pcho_X	100.0	0.058	0.087	0	3.54205005565	0.000802634828622	236.468635419
pcho_X	100.0	0.058	0.087	1	3.62471907692	0.446657412416	164.924287774
pcho_X	100.0	0.058	0.087	2	3.62455171624	0.0108617257529	250.225607332
pcho_X	100.0	0.058	0.087	3	3.62486445768	0.0168453171618	-60.6764011505
pcho_X	100.0	0.058	0.087	4	3.63118600761	0.0929935790427	101.265409184
pcho_X	100.0	0.058	0.087	5	3.63118171948	0.00198318979242	33.0522369438
pcho_X	100.0	0.058	0.087	6	3.63354008027	0.115446953009	74.9664397381
pcho_X	100.0	0.058	0.087	7	3.63354360984	0.0104679783907	247.624905007
pcho_X	100.0	0.058	0.087	8	3.6405888126	0.337898268285	-5.54133440444
pcho_X	100.0	0.058	0.087	9	3.64823694442	0.111728996401	266.58970096
pcho_X	100.0	0.058	0.087	10	3.64823331038	0.0191056255902	-41.0092540786
pcho_X	100.0	0.058	0.087	11	3.65059085601	0.0897393605011	239.592371368
pcho_X	100.0	0.058	0.087	12	3.65059520074	0.00345381542662	92.9589616426
pcho_X	100.0	0.058	0.087	13	3.65678496186	0.426919300691	173.749406505
pcho_X	100.0	0.058	0.087	14	3.65683814953	0.313929822901	177.265772848
pcho_X	100.0	0.058	0.087	15	3.65690731178	0.0110051487808	94.4762427387
pcho_X	100.0	0.058	0.087	16	3.73913766709	0.00305021595989	-1.32465581851
pcho_X	100.0	0.058	0.087	17	3.7391474082	0.00265247112909	-88.9850378704
pcho_X	100.0	0.058	0.087	18	4.17179708887	0.000559288989984	-11.0899881771
pcho_X	100.0	0.058	0.087	19	4.18097324255	0.000589783628426	-10.5928216531
pcho_X	100.0	0.058	0.087	20	4.18372970344	0.000747201009127	30.1046391395
pcho_X	100.0	0.058	0.087	21	4.19289614942	0.000619138696698	-10.5498655923
pcho_X	100.0	0.058	0.087	22	4.20207332867	0.000630006187081	-11.0627255157
pcho_X	100.0	0.058	0.087	23	4.24498623209	0.0859884381746	174.618953688
pcho_X	100.0	0.058	0.087	24	4.25117623034	0.0180895672166	107.988458199
pcho_X	100.0	0.058	0.087	25	4.25353002872	0.0223186829465	80.2328356942
pcho_X	100.0	0.058	0.087	26	4.25414932456	0.0852956958466	174.547473859
pcho_X	100.0	0.058	0.087	27	4.26034183364	0.018100054902	107.768166462
pcho_X	100.0	0.058	0.087	28	4.26042599344	0.0321348573374	-19.6495253502
pcho_X	100.0	0.058	0.087	29	4.26193398259	0.0266233155682	2.17259059303
pcho_X	100.0	0.058	0.087	30	4.26269565333	0.0223176800931	80.4204906979
pcho_X	100.0	0.058	0.087	31	4.26332446263	0.0847386030327	174.105627776
pcho_X	100.0	0.058	0.087	32	4.26608680717	0.0257787092505	241.854192959
pcho_X	100.0	0.058	0.087	33	4.2682295992	0.0232293739498	269.722345499
pcho_X	100.0	0.058	0.087	34	4.26951916315	0.0181159614307	107.144200522
pcho_X	100.0	0.058	0.087	35	4.27029591165	0.0588751022276	-9.51792539723
pcho_X	100.0	0.058	0.087	36	4.27058339758	0.0188394395978	243.546344848
pcho_X	100.0	0.058	0.087	37	4.27197140621	0.0294834353276	90.9940460173
pcho_X	100.0	0.058	0.087	38	4.2746358202	0.0114340831285	80.0770978132
pcho_X	100.0	0.058	0.087	39	4.27525237148	0.0842377434369	173.003660324
pcho_X	100.0	0.058	0.087	40	4.27705406109	0.0896141178482	180.367284586
pcho_X	100.0	0.058	0.087	41	4.27739365253	0.0231732370008	-89.7506411245
pcho_X	100.0	0.058	0.087	42	4.27949452175	0.0597769822994	-8.89312980396
pcho_X	100.0	0.058	0.087	43	4.27974747222	0.0187983681243	243.83392969
pcho_X	100.0	0.058	0.087	44	4.28146616645	0.0236294308175	99.0455282743
pcho_X	100.0	0.058	0.087	45	4.28302246773	0.0172859566125	-32.6918127156
pcho_X	100.0	0.058	0.087	46	4.28380142513	0.0226055113977	79.6127250048
pcho_X	100.0	0.058	0.087	47	4.28442829669	0.0840092218222	171.821329013
pcho_X	100.0	0.058	0.087	48	4.28621607228	0.0901739893782	181.270414643
pcho_X	100.0	0.058	0.087	49	4.28656905173	0.0230978347295	-88.8851860146
pcho_X	100.0	0.058	0.087	50	4.28892291781	0.0186840897422	244.5142811
pcho_X	100.0	0.058	0.087	51	4.29009523144	0.0307738549114	118.186603002
pcho_X	100.0	0.058	0.087	52	4.29144797061	0.0620648291202	-7.70949020644
pcho_X	100.0	0.058	0.087	53	4.29262811828	0.0313261590184	85.3290005563
pcho_X	100.0	0.058	0.087	54	4.29539011048	0.0903660560093	182.316716014
pcho_X	100.0	0.058	0.087	55	4.29820181556	0.0231252649841	94.0479597011
pcho_X	100.0	0.058	0.087	56	4.29849781429	0.0230240786368	-87.3556661747
pcho_X	100.0	0.058	0.087	57	4.30063731003	0.064579760497	-6.72166875825
pcho_X	100.0	0.058	0.087	58	4.300851686	0.0184404930289	245.910005818
pcho_X	100.0	0.058	0.087	59	4.30731595745	0.0900586386224	183.76191433
pcho_X	100.0	0.058	0.087	60	4.30767344445	0.022972767387	-85.9584680511
pcho_X	100.0	0.058	0.087	61	4.31002736134	0.0182230811503	247.321807449
pcho_X	100.0	0.058	0.087	62	4.31649135163	0.0893109158788	184.849846073
pcho_X	100.0	0.058	0.087	63	4.38082028267	0.00112105560749	70.704008164
pcr_X	100.0	0.422	0.081	0	3.93	1.97501939523	-7.38615118823
pcho_N(CH3)3_b	100.0	0.058	0.121	0	3.20608188019	1.66356295136	-6.09944965897
pcho_N(CH3)3_b	100.0	0.058	0.121	1	3.2079995607	0.0393092165048	240.861871363
pcho_N(CH3)3_b	100.0	0.058	0.121	2	3.20799956106	0.390531752482	-0.10161377746
pcho_N(CH3)3_b	100.0	0.058	0.121	3	3.2079995611	0.360678469326	-1.60087810474
pcho_N(CH3)3_b	100.0	0.058	0.121	4	3.20799956095	0.0327435912203	220.882950833
pcho_N(CH3)3_b	100.0	0.058	0.121	5	3.20799956082	0.0999818296762	72.5461789202
pcho_N(CH3)3_b	100.0	0.058	0.121	6	3.20799956106	0.0406723262126	117.190930526
pcho_N(CH3)3_b	100.0	0.058	0.121	7	3.20799956142	0.142846221697	-4.27454114849
pcho_N(CH3)3_b	100.0	0.058	0.121	8	3.20799956137	0.0304516675487	-85.7621287921
pcho_N(CH3)3_b	100.0	0.058	0.121	9	3.2099176042	0.794556762727	-17.1372493979
pcho_N(CH3)3_b	100.0	0.058	0.121	10	3.20991783308	0.0450536387399	142.770146607
pcho_N(CH3)3_b	100.0	0.058	0.121	11	3.20991732742	0.00596280625258	237.97012246
pcho_N(CH3)3_b	100.0	0.058	0.121	12	3.20991804816	0.0752763250676	88.3831730061
pcho_N(CH3)3_b	100.0	0.058	0.121	13	3.20991855893	0.0390868724516	35.9062547293
pcr_N(CH3)	100.0	0.422	0.09	0	3.029	2.99551211998	-1.84209942893
scyllo-inositol	100.0	0.044	0.087	0	3.34	5.99239179175	-7.97308254416
peth	100.0	0.126	0.087	0	3.11672856915	0.00127835207878	-80.3682303536
peth	100.0	0.126	0.087	1	3.19890157605	0.36630104861	177.248329557
peth	100.0	0.126	0.087	2	3.19873012631	0.0178666179858	-36.3695359358
peth	100.0	0.126	0.087	3	3.20943425892	0.205695819758	62.5116039177
peth	100.0	0.126	0.087	4	3.2091589816	0.00716761845743	7.98172571837
peth	100.0	0.126	0.087	5	3.2156397621	0.425369008936	-8.84236136788
peth	100.0	0.126	0.087	6	3.21518723131	0.0115379702609	-87.8735308081
peth	100.0	0.126	0.087	7	3.2160790825	0.0129564988883	166.408841491
peth	100.0	0.126	0.087	8	3.22221953199	0.00894637158099	244.771822667
peth	100.0	0.126	0.087	9	3.22246519667	0.217912744706	-73.6196324916
peth	100.0	0.126	0.087	10	3.22272311489	0.0166750010845	-2.71883451807
peth	100.0	0.126	0.087	11	3.23266431755	0.452505440004	175.747223157
peth	100.0	0.126	0.087	12	3.23261331429	0.0125011093073	-24.5681982138
peth	100.0	0.126	0.087	13	3.31453774467	0.0014451457046	-24.3153347133
peth	100.0	0.126	0.087	14	3.88827853336	0.000788269651871	-54.5374660871
peth	100.0	0.126	0.087	15	3.94597280322	0.0908403879247	169.400621469
peth	100.0	0.126	0.087	16	3.94774177744	0.0908987755059	169.403829069
peth	100.0	0.126	0.087	17	3.94951111322	0.0909400727306	169.414291477
peth	100.0	0.126	0.087	18	3.95616995331	0.0437576283566	59.6896659274
peth	100.0	0.126	0.087	19	3.95793974678	0.0437725295968	59.6589369176
peth	100.0	0.126	0.087	20	3.95971053046	0.0437751406702	59.6314625479
peth	100.0	0.126	0.087	21	3.96345804713	0.12924144489	-0.604653370092
peth	100.0	0.126	0.087	22	3.96611147365	0.12857918905	-10.4030345134
peth	100.0	0.126	0.087	23	3.96920992263	0.0393604958316	-74.4606575226
peth	100.0	0.126	0.087	24	3.97010557927	0.0267388820286	41.6217011503
peth	100.0	0.126	0.087	25	3.97097909107	0.0393722321265	-74.4705711876
peth	100.0	0.126	0.087	26	3.9719177026	0.090839693281	170.069185019
peth	100.0	0.126	0.087	27	3.97274809413	0.0393814633691	-74.4832613023
peth	100.0	0.126	0.087	28	3.97368708334	0.0907645412895	170.151493142
peth	100.0	0.126	0.087	29	3.97977599797	0.0753006020134	173.43745927
peth	100.0	0.126	0.087	30	3.98060340712	0.0119470293022	9.07260214176
peth	100.0	0.126	0.087	31	3.98151626979	0.0685173270393	172.926130084
peth	100.0	0.126	0.087	32	3.98212350491	0.0434684142265	59.849386662
peth	100.0	0.126	0.087	33	3.98328662154	0.068331550916	172.799436073
peth	100.0	0.126	0.087	34	3.98389335382	0.0434148550017	59.9176618564
peth	100.0	0.126	0.087	35	3.98674994644	0.0127455253694	-76.0332077479
peth	100.0	0.126	0.087	36	3.98762904672	0.00799173411212	64.2353222744
peth	100.0	0.126	0.087	37	3.98940329294	0.130923926827	-0.0362762299891
peth	100.0	0.126	0.087	38	3.99116383508	0.0405043324423	-20.7475763751
peth	100.0	0.126	0.087	39	3.99314552716	0.00579877459312	150.847075433
peth	100.0	0.126	0.087	40	3.99366395751	0.00946299916103	94.2086381233
peth	100.0	0.126	0.087	41	3.99516341752	0.0397638151906	-75.2479222619
peth	100.0	0.126	0.087	42	3.99693341307	0.0398030970442	-75.3315040096
peth	100.0	0.126	0.087	43	4.00390748631	0.0237222826613	68.254944824
peth	100.0	0.126	0.087	44	4.00569993745	0.0679903400424	171.364935499
peth	100.0	0.126	0.087	45	4.00746977967	0.0681068043905	171.276602551
peth	100.0	0.126	0.087	46	4.0861004598	0.000595129503308	48.3816628667
taurine	100.0	0.117	0.085	0	3.2209127337	0.215370780852	257.41044742
taurine	100.0	0.117	0.085	1	3.22397870406	0.231855906691	209.772152749
taurine	100.0	0.117	0.085	2	3.24318555147	0.448644600629	9.19552201971
taurine	100.0	0.117	0.085	3	3.24589839193	0.456422076872	-6.51932957917
taurine	100.0	0.117	0.085	4	3.24772584198	0.0219366033013	-28.0781295235
taurine	100.0	0.117	0.085	5	3.26532934784	0.278157910396	88.8990048674
taurine	100.0	0.117	0.085	6	3.26768692835	0.244937710367	124.85945064
taurine	100.0	0.117	0.085	7	3.39881286344	0.24187524749	220.418660207
taurine	100.0	0.117	0.085	8	3.40117086037	0.279500954501	256.676399786
taurine	100.0	0.117	0.085	9	3.41877394265	0.0219174230553	13.1663160229
taurine	100.0	0.117	0.085	10	3.4206016261	0.45618685775	-8.38395916086
taurine	100.0	0.117	0.085	11	3.42330804275	0.445858849199	-24.3046935249
taurine	100.0	0.117	0.085	12	3.44252147965	0.230536258566	135.522500387
taurine	100.0	0.117	0.085	13	3.4455870826	0.214211414705	87.2205629513
