;PINTS for FITMAN Simulation Output
;Experiment Information
;---------------------------------------------------------------------------
;Name: semi-LASER
;Created: 2017_10_30
;Comment: Density-matrix simulations of metabolites using PyGAMMA and metabolite parameters from V. Govindaraju et. al, NMR Biomed. 2000;13:129-153
;PI: bartha-olemew
;b0: 297.2
;49 Metabolites: alanine, aspartate, choline_1-CH2_2-CH2, choline_N(CH3)3_a, choline_N(CH3)3_b, creatine_N(CH3), creatine_X, d-glucose-alpha, d-glucose-beta, gaba, glutamate, glutamine, glutathione_cysteine, glutathione_glutamate, glutathione_glycine, glycine, gpc_7-CH2_8-CH2, gpc_glycerol, gpc_N(CH3)3_a, gpc_N(CH3)3_b, lactate, myoinositol, naa_acetyl, naa_aspartate, naag_acetyl, naag_aspartyl, naag_glutamate, pcho_N(CH3)3_a, pcho_N(CH3)3_b, pcho_X, pcr_N(CH3), pcr_X, peth, scyllo-inositol, taurine, lm1, lm2, lm3, lm4, lm5, lm6, lm7, lm8, lm9, lm10, lm11, lm12, lm13, lm14
;Simulation Results
;---------------------------------------------------------------------------
alanine	85.0	0.078	0.087	0	1.45446353209	0.889821992436	125.085192071
alanine	85.0	0.078	0.087	1	1.47880972476	0.530669803805	-24.2283460531
alanine	85.0	0.078	0.087	2	3.7382838008	0.102976228598	-49.8729982911
alanine	85.0	0.078	0.087	3	3.76259730806	0.317605100368	98.9315417301
alanine	85.0	0.078	0.087	4	3.78693897673	0.322714212505	246.35437009
alanine	85.0	0.078	0.087	5	3.81130127456	0.107574167485	26.2624618814
choline_N(CH3)3_a	85.0	0.165	0.121	0	3.18308188091	1.32596883668	-5.9469175291
choline_N(CH3)3_a	85.0	0.165	0.121	1	3.18499956187	0.105035919502	44.2627602901
choline_N(CH3)3_a	85.0	0.165	0.121	2	3.18499956225	0.0538357436862	250.659431467
choline_N(CH3)3_a	85.0	0.165	0.121	3	3.18499956234	0.102683827989	145.821218242
choline_N(CH3)3_a	85.0	0.165	0.121	4	3.18499956227	0.115107714039	-58.9069463881
choline_N(CH3)3_a	85.0	0.165	0.121	5	3.18499956259	0.0769616390964	103.051774286
choline_N(CH3)3_a	85.0	0.165	0.121	6	3.18691753063	0.129291801344	145.353698468
choline_N(CH3)3_a	85.0	0.165	0.121	7	3.18691751906	0.0849959030963	67.833673344
choline_N(CH3)3_a	85.0	0.165	0.121	8	3.18691786119	0.109660883498	0.764756587457
choline_N(CH3)3_a	85.0	0.165	0.121	9	3.18691800589	0.0100717304017	253.2545375
aspartate	85.0	0.117	0.087	0	2.60315461543	0.111269600712	29.6452615515
aspartate	85.0	0.117	0.087	1	2.63321004478	0.143828107393	163.034246435
aspartate	85.0	0.117	0.087	2	2.66178300881	0.307915006297	240.155752769
aspartate	85.0	0.117	0.087	3	2.69183843816	0.385062574524	-31.9492409881
aspartate	85.0	0.117	0.087	4	2.77093866344	0.366678946637	-25.4252716634
aspartate	85.0	0.117	0.087	5	2.78379157363	0.338719133634	214.71587128
aspartate	85.0	0.117	0.087	6	2.82956705682	0.129690564978	179.903310064
aspartate	85.0	0.117	0.087	7	2.84241996702	0.139761750518	18.6995805504
aspartate	85.0	0.117	0.087	8	3.8701699882	0.291939310128	190.109411417
aspartate	85.0	0.117	0.087	9	3.8830228984	0.24970978791	57.6439981694
aspartate	85.0	0.117	0.087	10	3.90022541756	0.177626587785	-78.3073995985
aspartate	85.0	0.117	0.087	11	3.91307832775	0.244772900609	158.899012461
choline_1-CH2_2-CH2	85.0	0.165	0.087	0	3.40528755443	0.00372721595566	200.72079577
choline_1-CH2_2-CH2	85.0	0.165	0.087	1	3.48363148141	0.274393483394	137.205081318
choline_1-CH2_2-CH2	85.0	0.165	0.087	2	3.48340724382	0.034272430979	12.0491205049
choline_1-CH2_2-CH2	85.0	0.165	0.087	3	3.4838750549	0.0419880690251	74.8079349006
choline_1-CH2_2-CH2	85.0	0.165	0.087	4	3.49446208181	0.156378831911	44.269646018
choline_1-CH2_2-CH2	85.0	0.165	0.087	5	3.49441809057	0.0138432571226	259.97292521
choline_1-CH2_2-CH2	85.0	0.165	0.087	6	3.49451015708	0.0325355419726	-21.1287161294
choline_1-CH2_2-CH2	85.0	0.165	0.087	7	3.50039017279	0.403898237578	-13.5798797596
choline_1-CH2_2-CH2	85.0	0.165	0.087	8	3.50738853631	0.187456861044	-62.6257483035
choline_1-CH2_2-CH2	85.0	0.165	0.087	9	3.50734198018	0.0299408854315	21.5714919396
choline_1-CH2_2-CH2	85.0	0.165	0.087	10	3.51769704112	0.320513524242	216.393286091
choline_1-CH2_2-CH2	85.0	0.165	0.087	11	3.51797091101	0.0490167581299	74.9650826945
choline_1-CH2_2-CH2	85.0	0.165	0.087	12	3.59567488242	0.00172435169828	152.841383763
choline_1-CH2_2-CH2	85.0	0.165	0.087	13	4.02845302891	0.154274830954	129.25855607
choline_1-CH2_2-CH2	85.0	0.165	0.087	14	4.03728422341	0.153990937277	126.70598564
choline_1-CH2_2-CH2	85.0	0.165	0.087	15	4.03877246532	0.087463988254	46.5865851322
choline_1-CH2_2-CH2	85.0	0.165	0.087	16	4.04576734883	0.184726240284	-1.88275738866
choline_1-CH2_2-CH2	85.0	0.165	0.087	17	4.04585662236	0.0270680576058	236.345993386
choline_1-CH2_2-CH2	85.0	0.165	0.087	18	4.04628113774	0.0304424226229	112.320681821
choline_1-CH2_2-CH2	85.0	0.165	0.087	19	4.04760336089	0.0879419456096	45.7039098888
choline_1-CH2_2-CH2	85.0	0.165	0.087	20	4.05169560775	0.0781048592658	-60.2181891481
choline_1-CH2_2-CH2	85.0	0.165	0.087	21	4.05458869637	0.187116207273	-1.2487924231
choline_1-CH2_2-CH2	85.0	0.165	0.087	22	4.05645144886	0.044872896391	-40.8117417163
choline_1-CH2_2-CH2	85.0	0.165	0.087	23	4.06052683868	0.0776065052901	-59.1190686748
choline_1-CH2_2-CH2	85.0	0.165	0.087	24	4.06268658746	0.158727722048	203.028258697
choline_1-CH2_2-CH2	85.0	0.165	0.087	25	4.06288441363	0.0139810614517	-8.32987316736
choline_1-CH2_2-CH2	85.0	0.165	0.087	26	4.06937749346	0.0349737295092	74.3340506921
choline_1-CH2_2-CH2	85.0	0.165	0.087	27	4.07135777196	0.134002245548	208.257321106
choline_1-CH2_2-CH2	85.0	0.165	0.087	28	4.07996127587	0.0268150159324	79.4881652537
choline_1-CH2_2-CH2	85.0	0.165	0.087	29	4.08042102971	0.00915568156858	-45.0936765222
choline_1-CH2_2-CH2	85.0	0.165	0.087	30	4.15854877634	0.00141251093235	115.058546966
creatine_X	85.0	0.296	0.081	0	3.913	1.99025114431	-7.92777956758
creatine_N(CH3)	85.0	0.296	0.09	0	3.027	2.98174061238	-2.12747906114
choline_N(CH3)3_b	85.0	0.165	0.121	0	3.18308188064	1.65634632058	-5.9469120134
choline_N(CH3)3_b	85.0	0.165	0.121	1	3.18499956227	0.0435412218362	68.0601296553
choline_N(CH3)3_b	85.0	0.165	0.121	2	3.18499956232	0.239530954319	-32.5038188221
choline_N(CH3)3_b	85.0	0.165	0.121	3	3.18499956217	0.406067364509	-11.8542171701
choline_N(CH3)3_b	85.0	0.165	0.121	4	3.18499956219	0.136111190581	202.736187742
choline_N(CH3)3_b	85.0	0.165	0.121	5	3.18499956254	0.0655487389065	212.038303783
choline_N(CH3)3_b	85.0	0.165	0.121	6	3.18499956257	0.0187710727671	155.908340695
choline_N(CH3)3_b	85.0	0.165	0.121	7	3.18691770821	0.721297811934	-4.95721393963
choline_N(CH3)3_b	85.0	0.165	0.121	8	3.18691726406	0.0169016422385	93.9372586514
choline_N(CH3)3_b	85.0	0.165	0.121	9	3.18691787248	0.0287998602137	244.671443399
choline_N(CH3)3_b	85.0	0.165	0.121	10	3.18691803716	0.124895050996	-60.9302148102
choline_N(CH3)3_b	85.0	0.165	0.121	11	3.18691768131	0.00315256826445	146.311105719
d-glucose-alpha	85.0	0.049	0.087	0	3.31842936008	0.00226027325722	256.438064957
d-glucose-alpha	85.0	0.049	0.087	1	3.3496074354	0.00474038883126	-9.61995423466
d-glucose-alpha	85.0	0.049	0.087	2	3.35196170625	0.00279211273164	13.1764495984
d-glucose-alpha	85.0	0.049	0.087	3	3.35228785759	0.00188863428659	-73.3123121775
d-glucose-alpha	85.0	0.049	0.087	4	3.36142063206	0.0708966560504	-68.7220074225
d-glucose-alpha	85.0	0.049	0.087	5	3.36187493212	0.0508143294655	250.735656813
d-glucose-alpha	85.0	0.049	0.087	6	3.36379035293	0.0196235510246	116.276568717
d-glucose-alpha	85.0	0.049	0.087	7	3.38339233691	0.0131693547549	110.445459461
d-glucose-alpha	85.0	0.049	0.087	8	3.39276808055	0.141479556103	21.2792612501
d-glucose-alpha	85.0	0.049	0.087	9	3.39424229418	0.0709162630607	-34.5696253811
d-glucose-alpha	85.0	0.049	0.087	10	3.39404468222	0.00462800365244	235.519926577
d-glucose-alpha	85.0	0.049	0.087	11	3.39514255283	0.0192244042366	119.457737085
d-glucose-alpha	85.0	0.049	0.087	12	3.4038767511	0.0177541982463	-61.1500107266
d-glucose-alpha	85.0	0.049	0.087	13	3.42498512969	0.225371514871	56.0308795942
d-glucose-alpha	85.0	0.049	0.087	14	3.43529920815	0.0235056827527	21.6135384009
d-glucose-alpha	85.0	0.049	0.087	15	3.437278382	0.004385308623	8.51584916021
d-glucose-alpha	85.0	0.049	0.087	16	3.46873436405	0.00373434043056	83.9928606348
d-glucose-alpha	85.0	0.049	0.087	17	3.4950997091	0.194854309924	199.770745625
d-glucose-alpha	85.0	0.049	0.087	18	3.50778384716	0.205451739394	85.5361442304
d-glucose-alpha	85.0	0.049	0.087	19	3.52729242014	0.299147817818	259.396307799
d-glucose-alpha	85.0	0.049	0.087	20	3.53997015083	0.255032462819	151.078611433
d-glucose-alpha	85.0	0.049	0.087	21	3.66847727795	0.284460701235	-80.3419746428
d-glucose-alpha	85.0	0.049	0.087	22	3.6686288828	0.0420913066141	267.821897206
d-glucose-alpha	85.0	0.049	0.087	23	3.70022736209	0.418692798357	-13.3583398606
d-glucose-alpha	85.0	0.049	0.087	24	3.71005650286	0.0732626865729	108.00893961
d-glucose-alpha	85.0	0.049	0.087	25	3.71259525112	0.0294051312039	154.719477962
d-glucose-alpha	85.0	0.049	0.087	26	3.7217526009	0.0358699500667	79.5885154567
d-glucose-alpha	85.0	0.049	0.087	27	3.73224465117	0.409462345196	49.7320953946
d-glucose-alpha	85.0	0.049	0.087	28	3.7520896942	0.0390451070667	1.80236020442
d-glucose-alpha	85.0	0.049	0.087	29	3.75317684127	0.0487163200896	226.719636198
d-glucose-alpha	85.0	0.049	0.087	30	3.76248493061	0.0571251085472	-48.1457516593
d-glucose-alpha	85.0	0.049	0.087	31	3.77310127351	0.119559121092	-25.5022951655
d-glucose-alpha	85.0	0.049	0.087	32	3.774179863	0.128865672816	55.9591827584
d-glucose-alpha	85.0	0.049	0.087	33	3.79604776461	0.154815277732	-79.885341659
d-glucose-alpha	85.0	0.049	0.087	34	3.79612335216	0.0248137862163	269.945318943
d-glucose-alpha	85.0	0.049	0.087	35	3.80031920334	0.133768653821	93.1831038244
d-glucose-alpha	85.0	0.049	0.087	36	3.80705233259	0.115799443264	-4.26939134712
d-glucose-alpha	85.0	0.049	0.087	37	3.80790492383	0.0911754171011	-38.8525443883
d-glucose-alpha	85.0	0.049	0.087	38	3.81079260577	0.151063128149	108.607441646
d-glucose-alpha	85.0	0.049	0.087	39	3.81305103639	0.0591845686729	-86.1125832133
d-glucose-alpha	85.0	0.049	0.087	40	3.81304949412	0.00791124739457	269.889717991
d-glucose-alpha	85.0	0.049	0.087	41	3.81822047578	0.0949040392258	123.049143179
d-glucose-alpha	85.0	0.049	0.087	42	3.82249155783	0.0352923655782	69.9996188622
d-glucose-alpha	85.0	0.049	0.087	43	3.8281279806	0.154710547518	260.889422583
d-glucose-alpha	85.0	0.049	0.087	44	3.83327058273	0.160337177763	264.356052871
d-glucose-alpha	85.0	0.049	0.087	45	3.84805197177	0.0617610002858	161.123024547
d-glucose-alpha	85.0	0.049	0.087	46	3.84848301387	0.198855233283	-53.4656880229
d-glucose-alpha	85.0	0.049	0.087	47	3.84848866401	0.0247759653669	268.16732057
d-glucose-alpha	85.0	0.049	0.087	48	3.85272682114	0.00132362183855	-56.8145027374
d-glucose-alpha	85.0	0.049	0.087	49	3.85274865078	0.0710756825476	202.489591958
d-glucose-alpha	85.0	0.049	0.087	50	3.85320751074	0.0920878444733	7.88913971235
d-glucose-alpha	85.0	0.049	0.087	51	3.85362961705	0.070585689022	254.808595169
d-glucose-alpha	85.0	0.049	0.087	52	3.89678442321	0.00379039397908	8.11054233045
glutamate	85.0	0.898	0.088	0	1.96706804127	0.00248743482523	249.926007152
glutamate	85.0	0.898	0.088	1	1.99095701287	0.095096994346	245.176983416
glutamate	85.0	0.898	0.088	2	1.99400006985	0.0398065627109	248.84488305
glutamate	85.0	0.898	0.088	3	2.01485536067	0.0361161119237	104.37218051
glutamate	85.0	0.898	0.088	4	2.01680099928	0.0233571611871	261.980262336
glutamate	85.0	0.898	0.088	5	2.01800334229	0.0687951189788	67.3811177022
glutamate	85.0	0.898	0.088	6	2.04045245074	0.114703348039	134.512842773
glutamate	85.0	0.898	0.088	7	2.04202460837	0.0296472903144	183.95480827
glutamate	85.0	0.898	0.088	8	2.04412977497	0.0231293169829	171.926660563
glutamate	85.0	0.898	0.088	9	2.06405000071	0.0772398149933	11.4737046911
glutamate	85.0	0.898	0.088	10	2.06784268607	0.0631270951139	-55.6795349934
glutamate	85.0	0.898	0.088	11	2.06757806156	0.0495410002404	34.6067777453
glutamate	85.0	0.898	0.088	12	2.08373400035	0.0590973437816	164.716530487
glutamate	85.0	0.898	0.088	13	2.0916096957	0.00922776516634	-48.8720896597
glutamate	85.0	0.898	0.088	14	2.0921638647	0.0530687413298	159.584488789
glutamate	85.0	0.898	0.088	15	2.0931028643	0.0166604338594	94.7054308433
glutamate	85.0	0.898	0.088	16	2.10826232309	0.0193395941417	203.548398769
glutamate	85.0	0.898	0.088	17	2.10938326002	0.035627507209	-58.7029252861
glutamate	85.0	0.898	0.088	18	2.11718319984	0.0347923814764	259.333758013
glutamate	85.0	0.898	0.088	19	2.11766375294	0.0367268709198	151.904053359
glutamate	85.0	0.898	0.088	20	2.13364326704	0.0690244479658	76.3430250828
glutamate	85.0	0.898	0.088	21	2.1414089918	0.0347472087195	-43.9035125337
glutamate	85.0	0.898	0.088	22	2.14323256942	0.0346678725021	10.6914594797
glutamate	85.0	0.898	0.088	23	2.15745696313	0.0338677517454	191.88299239
glutamate	85.0	0.898	0.088	24	2.15947305764	0.0323386886972	172.321242177
glutamate	85.0	0.898	0.088	25	2.16730562707	0.0445543349978	140.952321571
glutamate	85.0	0.898	0.088	26	2.18329414391	0.0375138842569	-63.6616591086
glutamate	85.0	0.898	0.088	27	2.24688989807	0.00186432698862	128.02584792
glutamate	85.0	0.898	0.088	28	2.26789216065	0.00409182958303	201.563722963
glutamate	85.0	0.898	0.088	29	2.29124784399	0.00207354022478	-60.4796076493
glutamate	85.0	0.898	0.088	30	2.29149237058	0.00169479318307	30.5213161044
glutamate	85.0	0.898	0.088	31	2.31581816714	0.00235771642232	168.548422298
glutamate	85.0	0.898	0.088	32	2.32103128248	0.321653582473	243.765494922
glutamate	85.0	0.898	0.088	33	2.320779967	0.0468509891931	-86.5690292758
glutamate	85.0	0.898	0.088	34	2.344938045	0.289036556553	28.6900744766
glutamate	85.0	0.898	0.088	35	2.3475051117	0.304682592159	27.6901832946
glutamate	85.0	0.898	0.088	36	2.36913772833	0.147761668436	185.513867985
glutamate	85.0	0.898	0.088	37	2.37369534161	0.198868619893	173.406661489
glutamate	85.0	0.898	0.088	38	2.37397249496	0.00211805020929	-84.8807564611
glutamate	85.0	0.898	0.088	39	2.40002186454	0.00170653701989	12.6281657952
glutamate	85.0	0.898	0.088	40	2.40138522908	0.00516508715398	94.9109958838
glutamate	85.0	0.898	0.088	41	2.42702433781	0.00588679175768	222.114513541
glutamate	85.0	0.898	0.088	42	3.72335469471	0.215949665456	164.94177174
glutamate	85.0	0.898	0.088	43	3.73950692325	0.205393116404	-8.62836979601
glutamate	85.0	0.898	0.088	44	3.74732339248	0.20662383974	-8.98564923921
glutamate	85.0	0.898	0.088	45	3.76351214166	0.19683814199	175.273983281
glutamine	85.0	0.427	0.087	0	2.02959843313	0.00341558355847	-64.388953851
glutamine	85.0	0.427	0.087	1	2.04903832083	0.00178287696262	232.452387057
glutamine	85.0	0.427	0.087	2	2.05078450944	0.00456947922942	200.384159063
glutamine	85.0	0.427	0.087	3	2.05771963287	0.0098046380496	190.070129674
glutamine	85.0	0.427	0.087	4	2.05789178012	0.00185869635145	134.804417453
glutamine	85.0	0.427	0.087	5	2.07824700764	0.0601581783957	-2.88628060594
glutamine	85.0	0.427	0.087	6	2.07868983384	0.00714354072798	77.6354545573
glutamine	85.0	0.427	0.087	7	2.08348312725	0.00330234778682	103.544588245
glutamine	85.0	0.427	0.087	8	2.08467424299	0.0509257304001	-44.5230840754
glutamine	85.0	0.427	0.087	9	2.0994120015	0.0836926141061	182.39611207
glutamine	85.0	0.427	0.087	10	2.10110091148	0.0277604502533	188.478138735
glutamine	85.0	0.427	0.087	11	2.10307683112	0.0846744471364	156.350331468
glutamine	85.0	0.427	0.087	12	2.10479853377	0.0060396368565	49.3695834194
glutamine	85.0	0.427	0.087	13	2.10493473898	0.0833588100728	173.752062295
glutamine	85.0	0.427	0.087	14	2.10705943378	0.05258709572	165.742295213
glutamine	85.0	0.427	0.087	15	2.10996734269	0.159412922204	127.159457631
glutamine	85.0	0.427	0.087	16	2.11574074582	0.034381935546	96.4971860933
glutamine	85.0	0.427	0.087	17	2.12154007131	0.015063216994	-0.542359284299
glutamine	85.0	0.427	0.087	18	2.12427844833	0.0153782901703	-32.4464221326
glutamine	85.0	0.427	0.087	19	2.12762581022	0.0487303676098	-11.786025886
glutamine	85.0	0.427	0.087	20	2.13045031108	0.0891639066683	-77.3894545854
glutamine	85.0	0.427	0.087	21	2.13208219483	0.0754400270831	239.636117902
glutamine	85.0	0.427	0.087	22	2.1333228175	0.00562261127446	-45.7027200705
glutamine	85.0	0.427	0.087	23	2.13493755571	0.0618179130907	249.299904168
glutamine	85.0	0.427	0.087	24	2.1368241746	0.0142157469658	265.958023746
glutamine	85.0	0.427	0.087	25	2.15336547463	0.133625101282	78.2342662745
glutamine	85.0	0.427	0.087	26	2.15356223104	0.00323271935858	192.783964395
glutamine	85.0	0.427	0.087	27	2.15502822922	0.111096025707	61.8283113543
glutamine	85.0	0.427	0.087	28	2.15542925651	0.00233637303181	232.013326416
glutamine	85.0	0.427	0.087	29	2.15894987717	0.00220003406522	185.275760816
glutamine	85.0	0.427	0.087	30	2.17574695392	0.00581183638196	158.074988795
glutamine	85.0	0.427	0.087	31	2.17923162819	0.00164592794583	36.0446242152
glutamine	85.0	0.427	0.087	32	2.18353662329	0.00423849720772	150.771107117
glutamine	85.0	0.427	0.087	33	2.20359517008	0.00494768517893	62.5150847641
glutamine	85.0	0.427	0.087	34	2.36511517036	0.00267047187148	-84.3976307845
glutamine	85.0	0.427	0.087	35	2.36527764771	0.00568306074322	231.352228493
glutamine	85.0	0.427	0.087	36	2.38741514168	0.00175129066009	-13.4502030623
glutamine	85.0	0.427	0.087	37	2.38790468665	0.00180762792124	151.025655599
glutamine	85.0	0.427	0.087	38	2.38967167203	0.007528494035	-20.2743334461
glutamine	85.0	0.427	0.087	39	2.39609645372	0.0020841602756	223.761783188
glutamine	85.0	0.427	0.087	40	2.39710305104	0.00271060508286	168.703636196
glutamine	85.0	0.427	0.087	41	2.4152932636	0.00374659561736	186.236601776
glutamine	85.0	0.427	0.087	42	2.41530710566	0.00352058368513	128.450602364
glutamine	85.0	0.427	0.087	43	2.41669658381	0.223428611083	248.626958415
glutamine	85.0	0.427	0.087	44	2.41946439081	0.231453107593	253.204589295
glutamine	85.0	0.427	0.087	45	2.43873597544	0.217711443251	51.0614826864
glutamine	85.0	0.427	0.087	46	2.44153689558	0.198531436881	27.3940997477
glutamine	85.0	0.427	0.087	47	2.44801729092	0.269897499384	9.74655971989
glutamine	85.0	0.427	0.087	48	2.44811912526	0.271278604575	-3.72763755264
glutamine	85.0	0.427	0.087	49	2.46685522457	0.152860131381	156.630224782
glutamine	85.0	0.427	0.087	50	2.47096975941	0.00519308901522	-86.4421860144
glutamine	85.0	0.427	0.087	51	2.47337954658	0.175738071382	149.078436751
glutamine	85.0	0.427	0.087	52	2.49309782922	0.00284270972818	265.178446026
glutamine	85.0	0.427	0.087	53	2.49381314054	0.00414971510681	-33.9293729417
glutamine	85.0	0.427	0.087	54	2.49661159852	0.00798254851001	47.9704388323
glutamine	85.0	0.427	0.087	55	2.5022961936	0.00229575545676	256.53694171
glutamine	85.0	0.427	0.087	56	2.50249445258	0.00294712445289	-49.7455678491
glutamine	85.0	0.427	0.087	57	2.52487964337	0.00406064139441	209.792329139
glutamine	85.0	0.427	0.087	58	2.52498726484	0.00367270920997	138.537060598
glutamine	85.0	0.427	0.087	59	3.7324335194	0.244975591092	171.042656867
glutamine	85.0	0.427	0.087	60	3.75311410306	0.463312936559	-7.28851289866
glutamine	85.0	0.427	0.087	61	3.77383948107	0.211136918774	170.505877726
gaba	85.0	0.155	0.082	0	1.83609170247	0.0319870603873	167.918850429
gaba	85.0	0.155	0.082	1	1.83815637494	0.0449513587786	145.046334888
gaba	85.0	0.155	0.082	2	1.85696880793	0.00842925667058	14.5956512913
gaba	85.0	0.155	0.082	3	1.86103965194	0.138813416109	-17.0284639531
gaba	85.0	0.155	0.082	4	1.86278043776	0.0434477323004	-9.83789570926
gaba	85.0	0.155	0.082	5	1.86523813126	0.0190493579489	-32.7103606839
gaba	85.0	0.155	0.082	6	1.86824473535	0.00568541791978	269.764777495
gaba	85.0	0.155	0.082	7	1.87964134091	0.00110908631719	11.6213789009
gaba	85.0	0.155	0.082	8	1.88222433982	0.011937887197	31.8070565733
gaba	85.0	0.155	0.082	9	1.88412656267	0.00862241804715	207.360578115
gaba	85.0	0.155	0.082	10	1.88429080154	0.00571017206082	36.6331602143
gaba	85.0	0.155	0.082	11	1.88629979198	0.071368956399	-46.7011124142
gaba	85.0	0.155	0.082	12	1.88643066524	0.121679787926	-8.60516576667
gaba	85.0	0.155	0.082	13	1.88846937771	0.11320283607	-7.56270477367
gaba	85.0	0.155	0.082	14	1.89109723627	0.00499531072	245.646364227
gaba	85.0	0.155	0.082	15	1.89168196513	0.00792498550117	-18.4669722669
gaba	85.0	0.155	0.082	16	1.89327876399	0.00137752121925	237.192304568
gaba	85.0	0.155	0.082	17	1.89335261366	0.0115600335477	-30.2678962553
gaba	85.0	0.155	0.082	18	1.90683793964	0.00883969527448	212.11886612
gaba	85.0	0.155	0.082	19	1.9091768625	0.00397598663303	232.982438541
gaba	85.0	0.155	0.082	20	1.91147066776	0.190787433295	162.524749951
gaba	85.0	0.155	0.082	21	1.91157717076	0.198516775371	148.89575179
gaba	85.0	0.155	0.082	22	1.91129471614	0.0106737459614	37.0238613813
gaba	85.0	0.155	0.082	23	1.91356978528	0.0429764436311	195.575565959
gaba	85.0	0.155	0.082	24	1.91377228855	0.0146045424839	136.762814536
gaba	85.0	0.155	0.082	25	1.91681035701	0.0273642462183	130.290511106
gaba	85.0	0.155	0.082	26	1.93570839362	0.0710145478097	-47.9800902817
gaba	85.0	0.155	0.082	27	1.93776531495	0.0396475105399	6.80705156021
gaba	85.0	0.155	0.082	28	2.26016590334	0.434697937052	245.133033232
gaba	85.0	0.155	0.082	29	2.27639988997	0.00275047264264	63.0597657106
gaba	85.0	0.155	0.082	30	2.28054901795	0.0111573724274	55.7515730704
gaba	85.0	0.155	0.082	31	2.28454475541	0.592162925257	22.9023604222
gaba	85.0	0.155	0.082	32	2.28597968123	0.0455986841784	-15.7274323851
gaba	85.0	0.155	0.082	33	2.28805674789	0.00416849302557	-13.5458766648
gaba	85.0	0.155	0.082	34	2.29214535111	0.00139074606318	180.678863625
gaba	85.0	0.155	0.082	35	2.30857018238	0.168280502699	172.451769897
gaba	85.0	0.155	0.082	36	2.31017450151	0.160159866656	155.40986433
gaba	85.0	0.155	0.082	37	2.98811458073	0.383433131211	221.014911623
gaba	85.0	0.155	0.082	38	3.00446935579	0.000976309852082	57.2552224257
gaba	85.0	0.155	0.082	39	3.00797889884	0.0755656257036	39.6698383825
gaba	85.0	0.155	0.082	40	3.010914897	0.171627330068	16.867393753
gaba	85.0	0.155	0.082	41	3.01144002939	0.000826143205137	70.4117009724
gaba	85.0	0.155	0.082	42	3.01393317523	0.475945851757	4.06400873404
gaba	85.0	0.155	0.082	43	3.01572726168	0.0457472575326	-19.738640441
gaba	85.0	0.155	0.082	44	3.01768202189	0.0531851454442	-42.2182098458
gaba	85.0	0.155	0.082	45	3.01953269502	0.0168921310016	-57.2891628545
gaba	85.0	0.155	0.082	46	3.03849100462	0.397561304396	134.617664339
d-glucose-beta	85.0	0.049	0.087	0	3.10789903126	0.000437376947818	16.8384659658
d-glucose-beta	85.0	0.049	0.087	1	3.13260054411	0.00268076306281	251.340500726
d-glucose-beta	85.0	0.049	0.087	2	3.15987447284	0.00088294162927	-11.7805399006
d-glucose-beta	85.0	0.049	0.087	3	3.18004719723	0.00238894422367	211.875341194
d-glucose-beta	85.0	0.049	0.087	4	3.18501880399	0.00335021062807	199.047424387
d-glucose-beta	85.0	0.049	0.087	5	3.19507767206	0.00579669980203	167.106634236
d-glucose-beta	85.0	0.049	0.087	6	3.1961011039	0.00533275525881	221.320383986
d-glucose-beta	85.0	0.049	0.087	7	3.19817436453	0.0082329527623	165.922216252
d-glucose-beta	85.0	0.049	0.087	8	3.19858675256	0.0108629088827	231.579930635
d-glucose-beta	85.0	0.049	0.087	9	3.20046844332	0.125325154427	252.469759048
d-glucose-beta	85.0	0.049	0.087	10	3.20255066007	0.0258085658831	241.178341377
d-glucose-beta	85.0	0.049	0.087	11	3.2045948496	0.00284161864194	-76.3842498084
d-glucose-beta	85.0	0.049	0.087	12	3.20559535773	0.00749101728153	268.462332036
d-glucose-beta	85.0	0.049	0.087	13	3.20676409177	0.00174061255936	-52.9664457902
d-glucose-beta	85.0	0.049	0.087	14	3.21175668553	0.00212965709534	-72.0751545037
d-glucose-beta	85.0	0.049	0.087	15	3.22183773397	0.0022940929644	241.83808366
d-glucose-beta	85.0	0.049	0.087	16	3.22281796337	0.00164321795178	-58.1162946652
d-glucose-beta	85.0	0.049	0.087	17	3.22549983817	0.00966645097182	211.042101953
d-glucose-beta	85.0	0.049	0.087	18	3.22535769294	0.0030284294047	12.2044743632
d-glucose-beta	85.0	0.049	0.087	19	3.22665787111	0.00757713386786	-81.1208196793
d-glucose-beta	85.0	0.049	0.087	20	3.22693418488	0.0641064911381	26.5831376612
d-glucose-beta	85.0	0.049	0.087	21	3.22769453355	0.0158939706897	103.168085379
d-glucose-beta	85.0	0.049	0.087	22	3.2301960175	0.0881020803312	-20.4234064595
d-glucose-beta	85.0	0.049	0.087	23	3.22922092956	0.0280158119064	198.600230851
d-glucose-beta	85.0	0.049	0.087	24	3.23036335734	0.0681780828118	-43.8776629542
d-glucose-beta	85.0	0.049	0.087	25	3.23188895561	0.00703339602737	31.1817702549
d-glucose-beta	85.0	0.049	0.087	26	3.23163977245	0.00496478427236	122.853682063
d-glucose-beta	85.0	0.049	0.087	27	3.23407886432	0.0020138553791	91.5935723118
d-glucose-beta	85.0	0.049	0.087	28	3.23412946254	0.00290280643459	33.9479543062
d-glucose-beta	85.0	0.049	0.087	29	3.23715619294	0.003121810054	68.0913194921
d-glucose-beta	85.0	0.049	0.087	30	3.24492635208	0.00142689735463	-11.5338484614
d-glucose-beta	85.0	0.049	0.087	31	3.24732303237	0.00214970922395	41.4489366967
d-glucose-beta	85.0	0.049	0.087	32	3.25013935444	0.00102254164701	-28.0994662214
d-glucose-beta	85.0	0.049	0.087	33	3.25212820118	0.00181279921623	25.1476113302
d-glucose-beta	85.0	0.049	0.087	34	3.25252085919	0.00524867581304	-43.3651327461
d-glucose-beta	85.0	0.049	0.087	35	3.25353451008	0.0098023219813	82.5358748042
d-glucose-beta	85.0	0.049	0.087	36	3.25533801598	0.00927085407546	-76.7638978954
d-glucose-beta	85.0	0.049	0.087	37	3.25707160474	0.13915973194	92.9020423317
d-glucose-beta	85.0	0.049	0.087	38	3.25654702825	0.0228483848644	266.790670671
d-glucose-beta	85.0	0.049	0.087	39	3.25846159829	0.00688950990924	218.840095664
d-glucose-beta	85.0	0.049	0.087	40	3.26095427231	0.0118829736746	167.558778974
d-glucose-beta	85.0	0.049	0.087	41	3.26403259453	0.00582253296215	177.995548532
d-glucose-beta	85.0	0.049	0.087	42	3.27183568905	0.00127297851462	115.700247686
d-glucose-beta	85.0	0.049	0.087	43	3.27422061941	0.00265606112583	161.786769542
d-glucose-beta	85.0	0.049	0.087	44	3.27705057309	0.000893620137197	95.5407506895
d-glucose-beta	85.0	0.049	0.087	45	3.27902799907	0.00203117885495	147.146553708
d-glucose-beta	85.0	0.049	0.087	46	3.29165931783	0.000422322181478	-83.7296976121
d-glucose-beta	85.0	0.049	0.087	47	3.29449292134	0.000723738313503	-70.4583452333
d-glucose-beta	85.0	0.049	0.087	48	3.29992266527	0.00217697328016	-39.4614917821
d-glucose-beta	85.0	0.049	0.087	49	3.30191391454	0.000534099895423	-16.7620983079
d-glucose-beta	85.0	0.049	0.087	50	3.3249711984	0.00328682118753	228.619501546
d-glucose-beta	85.0	0.049	0.087	51	3.32681271463	0.00260449104497	108.66744102
d-glucose-beta	85.0	0.049	0.087	52	3.32875786796	0.000663467055091	93.2453071036
d-glucose-beta	85.0	0.049	0.087	53	3.33061952629	0.00131712057459	206.022295881
d-glucose-beta	85.0	0.049	0.087	54	3.33613231666	0.00127816416287	175.927451852
d-glucose-beta	85.0	0.049	0.087	55	3.3484714178	0.000412782575594	121.949018995
d-glucose-beta	85.0	0.049	0.087	56	3.35064223855	0.0587746177944	147.124538306
d-glucose-beta	85.0	0.049	0.087	57	3.35171822457	0.0887457855855	47.7181818911
d-glucose-beta	85.0	0.049	0.087	58	3.35190475008	0.0374676150347	14.3835982289
d-glucose-beta	85.0	0.049	0.087	59	3.35836358354	0.00199480853371	102.378061996
d-glucose-beta	85.0	0.049	0.087	60	3.36360339835	0.00191752974895	64.5149678411
d-glucose-beta	85.0	0.049	0.087	61	3.37354130669	0.00450509275565	-10.7186397008
d-glucose-beta	85.0	0.049	0.087	62	3.37407960239	0.00621538703668	-84.0626719295
d-glucose-beta	85.0	0.049	0.087	63	3.37412519429	0.00489269583407	256.168264015
d-glucose-beta	85.0	0.049	0.087	64	3.3788689537	0.0418936172532	55.674237386
d-glucose-beta	85.0	0.049	0.087	65	3.38021283019	0.00932495640417	181.075711511
d-glucose-beta	85.0	0.049	0.087	66	3.38036825236	0.008880112617	147.028669202
d-glucose-beta	85.0	0.049	0.087	67	3.38133405574	0.202749327701	-18.7026067922
d-glucose-beta	85.0	0.049	0.087	68	3.38056561178	0.00843952737312	87.2563161786
d-glucose-beta	85.0	0.049	0.087	69	3.3815094263	0.0157304157458	31.9496954036
d-glucose-beta	85.0	0.049	0.087	70	3.38197604868	0.0132694084168	249.637521818
d-glucose-beta	85.0	0.049	0.087	71	3.38756054388	0.0587122665497	-27.3915634106
d-glucose-beta	85.0	0.049	0.087	72	3.39629018316	0.0119508159421	-0.258086810225
d-glucose-beta	85.0	0.049	0.087	73	3.40083246112	0.00866486965538	-17.6082284099
d-glucose-beta	85.0	0.049	0.087	74	3.4095962262	0.253639568124	41.0795438619
d-glucose-beta	85.0	0.049	0.087	75	3.411362949	0.0191151007053	-39.6052443346
d-glucose-beta	85.0	0.049	0.087	76	3.41166170534	0.0161384468509	262.517311604
d-glucose-beta	85.0	0.049	0.087	77	3.41466706969	0.00385025699646	11.8922160896
d-glucose-beta	85.0	0.049	0.087	78	3.42562040945	0.0204950658097	94.2531264503
d-glucose-beta	85.0	0.049	0.087	79	3.42571318238	0.00539196651811	-32.4151515167
d-glucose-beta	85.0	0.049	0.087	80	3.42594200977	0.0202326637279	235.864609148
d-glucose-beta	85.0	0.049	0.087	81	3.42861989022	0.0372145062155	-58.8857239431
d-glucose-beta	85.0	0.049	0.087	82	3.42870998403	0.0382715052755	166.532867287
d-glucose-beta	85.0	0.049	0.087	83	3.43048838249	0.00487175051814	-47.5451410979
d-glucose-beta	85.0	0.049	0.087	84	3.43084358523	0.0234762823861	76.627745315
d-glucose-beta	85.0	0.049	0.087	85	3.43126499244	0.0146523529674	208.464707656
d-glucose-beta	85.0	0.049	0.087	86	3.43362373967	0.0447651655074	-71.8649020874
d-glucose-beta	85.0	0.049	0.087	87	3.43364485117	0.034109072773	129.815284163
d-glucose-beta	85.0	0.049	0.087	88	3.44168979921	0.00747817000244	58.5636432222
d-glucose-beta	85.0	0.049	0.087	89	3.44403615852	0.0419915280305	69.2226786394
d-glucose-beta	85.0	0.049	0.087	90	3.44495324024	0.0508957268654	232.259330126
d-glucose-beta	85.0	0.049	0.087	91	3.44496079825	0.0538212867376	237.26481665
d-glucose-beta	85.0	0.049	0.087	92	3.44662022954	0.158784868728	-5.48475323201
d-glucose-beta	85.0	0.049	0.087	93	3.44988527588	0.0953233446702	-38.0041503416
d-glucose-beta	85.0	0.049	0.087	94	3.44903669428	0.0295164637657	113.60594203
d-glucose-beta	85.0	0.049	0.087	95	3.45036200546	0.0357550901521	222.74833017
d-glucose-beta	85.0	0.049	0.087	96	3.45242322715	0.0079502124748	2.03094471953
d-glucose-beta	85.0	0.049	0.087	97	3.45449474782	0.0504422753402	31.3658052029
d-glucose-beta	85.0	0.049	0.087	98	3.45756224895	0.0289588117401	-17.2672635337
d-glucose-beta	85.0	0.049	0.087	99	3.45908432799	0.0252632737998	33.9146506411
d-glucose-beta	85.0	0.049	0.087	100	3.46069958215	0.0308975090237	-32.5367407687
d-glucose-beta	85.0	0.049	0.087	101	3.46263090088	0.0274752188403	-61.3647380981
d-glucose-beta	85.0	0.049	0.087	102	3.46981950473	0.0295838199725	17.9111477707
d-glucose-beta	85.0	0.049	0.087	103	3.47217716197	0.00823535696647	210.301472207
d-glucose-beta	85.0	0.049	0.087	104	3.47242709497	0.0236063424613	-85.3629635798
d-glucose-beta	85.0	0.049	0.087	105	3.4731054926	0.0323359635563	-14.1718907361
d-glucose-beta	85.0	0.049	0.087	106	3.47429247451	0.0239402918802	233.987607512
d-glucose-beta	85.0	0.049	0.087	107	3.4757012175	0.175856606809	-49.8896350288
d-glucose-beta	85.0	0.049	0.087	108	3.47626279052	0.0204960622104	55.1652252391
d-glucose-beta	85.0	0.049	0.087	109	3.47764214345	0.0594865998363	238.523310417
d-glucose-beta	85.0	0.049	0.087	110	3.47843705522	0.0909307153264	-17.1372134023
d-glucose-beta	85.0	0.049	0.087	111	3.47887602557	0.0535516535672	6.74227966909
d-glucose-beta	85.0	0.049	0.087	112	3.47949583141	0.0275726751688	200.043997277
d-glucose-beta	85.0	0.049	0.087	113	3.48058989222	0.00676185116646	-60.0812855851
d-glucose-beta	85.0	0.049	0.087	114	3.48064521725	0.00482731367801	26.2204231167
d-glucose-beta	85.0	0.049	0.087	115	3.48271578193	0.00857785417717	222.21122891
d-glucose-beta	85.0	0.049	0.087	116	3.48274311281	0.0067227273701	148.774031897
d-glucose-beta	85.0	0.049	0.087	117	3.5058992858	0.101946000022	238.879243771
d-glucose-beta	85.0	0.049	0.087	118	3.5079591569	0.0897874816353	155.410250909
d-glucose-beta	85.0	0.049	0.087	119	3.52428486532	0.00335081546538	-1.64304679235
d-glucose-beta	85.0	0.049	0.087	120	3.52912728255	0.00267712317625	-17.2912739665
d-glucose-beta	85.0	0.049	0.087	121	3.54032577944	0.00158378521637	-39.4488106482
d-glucose-beta	85.0	0.049	0.087	122	3.54544832568	0.00136033046828	-23.7239097581
d-glucose-beta	85.0	0.049	0.087	123	3.59558465652	0.00099171595806	101.034059476
d-glucose-beta	85.0	0.049	0.087	124	3.6241887172	0.00158334954416	-37.9689487266
d-glucose-beta	85.0	0.049	0.087	125	3.62716464565	0.000821311455053	-43.8706121135
d-glucose-beta	85.0	0.049	0.087	126	3.64200708706	0.00114538237971	35.9299823333
d-glucose-beta	85.0	0.049	0.087	127	3.6706215758	0.00303397657611	-49.1129626029
d-glucose-beta	85.0	0.049	0.087	128	3.67239570611	0.00752590099375	209.912353467
d-glucose-beta	85.0	0.049	0.087	129	3.67332595257	0.0138670623636	267.917240443
d-glucose-beta	85.0	0.049	0.087	130	3.67522711328	0.055831158708	-82.0001325741
d-glucose-beta	85.0	0.049	0.087	131	3.67577766076	0.0685440491116	233.087365434
d-glucose-beta	85.0	0.049	0.087	132	3.67954346188	0.0230710381534	231.934712208
d-glucose-beta	85.0	0.049	0.087	133	3.68861461264	0.0095468254907	215.048767049
d-glucose-beta	85.0	0.049	0.087	134	3.68980423942	0.0131841774197	124.573520675
d-glucose-beta	85.0	0.049	0.087	135	3.69279991595	0.0996473675877	147.1607545
d-glucose-beta	85.0	0.049	0.087	136	3.69323961408	0.0468377610629	115.343591503
d-glucose-beta	85.0	0.049	0.087	137	3.69458806515	0.0116228305341	210.03563208
d-glucose-beta	85.0	0.049	0.087	138	3.69721012725	0.00684826658866	122.51106561
d-glucose-beta	85.0	0.049	0.087	139	3.71098620377	0.00507682658988	168.171056686
d-glucose-beta	85.0	0.049	0.087	140	3.71225177199	0.0028708524481	234.193337582
d-glucose-beta	85.0	0.049	0.087	141	3.71703382735	0.166852883822	209.14038075
d-glucose-beta	85.0	0.049	0.087	142	3.71756902588	0.0910575208417	183.074753425
d-glucose-beta	85.0	0.049	0.087	143	3.71942810777	0.0195971971235	192.312818465
d-glucose-beta	85.0	0.049	0.087	144	3.7340714234	0.213424569026	104.227907836
d-glucose-beta	85.0	0.049	0.087	145	3.73397467598	0.250507034641	94.0320463992
d-glucose-beta	85.0	0.049	0.087	146	3.73829018333	0.00533279779257	134.281803007
d-glucose-beta	85.0	0.049	0.087	147	3.741509576	0.00540515393875	96.238736047
d-glucose-beta	85.0	0.049	0.087	148	3.74455926955	0.00175717979604	62.1412331213
d-glucose-beta	85.0	0.049	0.087	149	3.78123944225	0.00358064211573	33.3861615261
d-glucose-beta	85.0	0.049	0.087	150	3.85598398254	0.00361789130963	212.615272811
d-glucose-beta	85.0	0.049	0.087	151	3.85788330884	0.00782301641191	226.710247905
d-glucose-beta	85.0	0.049	0.087	152	3.86110197508	0.207407270342	201.386481253
d-glucose-beta	85.0	0.049	0.087	153	3.8638239277	0.116200981176	183.980683717
d-glucose-beta	85.0	0.049	0.087	154	3.8664087291	0.221064330592	172.633523037
d-glucose-beta	85.0	0.049	0.087	155	3.8695048016	0.00635306794208	169.559661955
d-glucose-beta	85.0	0.049	0.087	156	3.87183246296	0.00471517096893	148.985427556
d-glucose-beta	85.0	0.049	0.087	157	3.90255229191	0.20488507006	164.465266201
d-glucose-beta	85.0	0.049	0.087	158	3.90765060733	0.173293655847	127.37687198
d-glucose-beta	85.0	0.049	0.087	159	4.61672377535	0.438848408744	117.485457413
d-glucose-beta	85.0	0.049	0.087	160	4.64353450071	0.473398010806	240.682506451
glycine	85.0	0.068	0.087	0	3.548	1.99100865091	-9.04687861517
glutathione_glycine	85.0	0.194	0.087	0	3.769	1.99034036047	-8.68806036548
glutathione_glutamate	85.0	0.194	0.087	0	2.08784207036	0.00165880014768	107.092898032
glutathione_glutamate	85.0	0.194	0.087	1	2.08827591874	0.00169871312206	209.839400253
glutathione_glutamate	85.0	0.194	0.087	2	2.10928332749	0.00162326389119	264.273831468
glutathione_glutamate	85.0	0.194	0.087	3	2.11536997153	0.0402342353834	-5.43828022538
glutathione_glutamate	85.0	0.194	0.087	4	2.11861561635	0.0834474505838	-4.93788268429
glutathione_glutamate	85.0	0.194	0.087	5	2.13432941101	0.00280398338981	56.1081466337
glutathione_glutamate	85.0	0.194	0.087	6	2.13679450303	0.0935418983039	167.251993871
glutathione_glutamate	85.0	0.194	0.087	7	2.1402633995	0.290899631442	150.524867124
glutathione_glutamate	85.0	0.194	0.087	8	2.14268703687	0.0870757306818	132.022341113
glutathione_glutamate	85.0	0.194	0.087	9	2.16113321044	0.0274878387971	236.814096839
glutathione_glutamate	85.0	0.194	0.087	10	2.16221300237	0.115534534406	-54.4456756033
glutathione_glutamate	85.0	0.194	0.087	11	2.1646547107	0.123750021722	-66.9418553327
glutathione_glutamate	85.0	0.194	0.087	12	2.16480255422	0.10219198554	240.299517481
glutathione_glutamate	85.0	0.194	0.087	13	2.18632926968	0.24525370191	75.0033961537
glutathione_glutamate	85.0	0.194	0.087	14	2.19310917858	0.00247099379811	169.39454718
glutathione_glutamate	85.0	0.194	0.087	15	2.23832992615	0.0030729003993	87.9431903791
glutathione_glutamate	85.0	0.194	0.087	16	2.44895555508	0.0259405510453	-37.9062482983
glutathione_glutamate	85.0	0.194	0.087	17	2.47132755049	0.0268783535126	119.00023118
glutathione_glutamate	85.0	0.194	0.087	18	2.47333135447	0.00379869145753	60.9107603882
glutathione_glutamate	85.0	0.194	0.087	19	2.47343134436	0.0158717396832	182.165284092
glutathione_glutamate	85.0	0.194	0.087	20	2.49587652285	0.0141444467005	238.646778423
glutathione_glutamate	85.0	0.194	0.087	21	2.5024211672	0.238871036557	215.269113277
glutathione_glutamate	85.0	0.194	0.087	22	2.52107811624	0.119802865122	-88.5716733982
glutathione_glutamate	85.0	0.194	0.087	23	2.52110247306	0.110661858184	253.533553324
glutathione_glutamate	85.0	0.194	0.087	24	2.52487857402	0.201972628449	-1.62177781454
glutathione_glutamate	85.0	0.194	0.087	25	2.52677197163	0.15034805354	-6.21669164895
glutathione_glutamate	85.0	0.194	0.087	26	2.54561757457	0.356443624645	39.6612397587
glutathione_glutamate	85.0	0.194	0.087	27	2.54935467672	0.175582513294	127.102880452
glutathione_glutamate	85.0	0.194	0.087	28	2.57018979465	0.174471428975	166.196256286
glutathione_glutamate	85.0	0.194	0.087	29	2.57454219773	0.0152516641823	115.839624979
glutathione_glutamate	85.0	0.194	0.087	30	2.5745533193	0.00555989276749	166.884502004
glutathione_glutamate	85.0	0.194	0.087	31	2.59900908551	0.0442568682112	-76.0622204665
glutathione_glutamate	85.0	0.194	0.087	32	2.59963997161	0.0190614246328	240.220361831
glutathione_glutamate	85.0	0.194	0.087	33	2.62366892549	0.024841246184	68.6892497202
glutathione_glutamate	85.0	0.194	0.087	34	3.7478174295	0.22509212809	175.634439131
glutathione_glutamate	85.0	0.194	0.087	35	3.76912466797	0.446075663615	-6.33214483377
glutathione_glutamate	85.0	0.194	0.087	36	3.79046645457	0.219312928246	163.475659922
glutathione_cysteine	85.0	0.194	0.087	0	2.88158786835	0.11493084643	180.515797196
glutathione_cysteine	85.0	0.194	0.087	1	2.90438113802	0.0920549256252	-4.5509127438
glutathione_cysteine	85.0	0.194	0.087	2	2.92889438817	0.365321534813	85.4081178907
glutathione_cysteine	85.0	0.194	0.087	3	2.95168765785	0.404303540309	266.330261094
glutathione_cysteine	85.0	0.194	0.087	4	2.95222786887	0.379589433836	94.2574057878
glutathione_cysteine	85.0	0.194	0.087	5	2.96913681216	0.390755617627	-83.2213321622
glutathione_cysteine	85.0	0.194	0.087	6	2.9995343887	0.121828530928	-2.55226076451
glutathione_cysteine	85.0	0.194	0.087	7	3.01644333198	0.0840300725015	191.297482746
glutathione_cysteine	85.0	0.194	0.087	8	4.54107552999	0.246506222561	175.665688838
glutathione_cysteine	85.0	0.194	0.087	9	4.55798447328	0.254352307779	2.06238599298
glutathione_cysteine	85.0	0.194	0.087	10	4.56386879967	0.232790083394	-4.72192488702
glutathione_cysteine	85.0	0.194	0.087	11	4.58077774296	0.253874247203	180.325554234
gpc_glycerol	85.0	0.097	0.087	0	3.53712165309	0.00198438403234	240.358987298
gpc_glycerol	85.0	0.097	0.087	1	3.54410022421	0.00219554869428	137.606116241
gpc_glycerol	85.0	0.097	0.087	2	3.54638811193	0.00217783270706	229.924153623
gpc_glycerol	85.0	0.097	0.087	3	3.54917396702	0.00357179795958	198.61200769
gpc_glycerol	85.0	0.097	0.087	4	3.56198248824	0.04481476444	175.95907449
gpc_glycerol	85.0	0.097	0.087	5	3.56192788218	0.0030180642361	-59.4146138473
gpc_glycerol	85.0	0.097	0.087	6	3.56463347212	0.0133696890309	154.634490615
gpc_glycerol	85.0	0.097	0.087	7	3.56574445655	0.00534145372698	211.460109774
gpc_glycerol	85.0	0.097	0.087	8	3.5698110646	0.00253275373349	39.4633253685
gpc_glycerol	85.0	0.097	0.087	9	3.57049486335	0.00851872634411	95.0779216203
gpc_glycerol	85.0	0.097	0.087	10	3.57288117716	0.0112359306742	65.7157922228
gpc_glycerol	85.0	0.097	0.087	11	3.57336044135	0.00545127380941	226.534411567
gpc_glycerol	85.0	0.097	0.087	12	3.57771069694	0.00148818811229	-53.8782297951
gpc_glycerol	85.0	0.097	0.087	13	3.57849802279	0.0166719865005	110.19736408
gpc_glycerol	85.0	0.097	0.087	14	3.58123107577	0.0497446165239	43.2599463416
gpc_glycerol	85.0	0.097	0.087	15	3.58297543498	0.0012501976857	50.628050261
gpc_glycerol	85.0	0.097	0.087	16	3.59420207348	0.00547209255811	2.56451380327
gpc_glycerol	85.0	0.097	0.087	17	3.59458790918	0.00857271929038	258.959330775
gpc_glycerol	85.0	0.097	0.087	18	3.59519200802	0.0101176149167	90.0796975271
gpc_glycerol	85.0	0.097	0.087	19	3.59678339401	0.00150426426105	99.0586244904
gpc_glycerol	85.0	0.097	0.087	20	3.60600984182	0.00164858457458	-25.2825726626
gpc_glycerol	85.0	0.097	0.087	21	3.61166108847	0.0874881112323	51.7501767674
gpc_glycerol	85.0	0.097	0.087	22	3.61161569591	0.0198986419653	220.838012666
gpc_glycerol	85.0	0.097	0.087	23	3.61351022951	0.0121115273907	261.297105055
gpc_glycerol	85.0	0.097	0.087	24	3.61669738635	0.0271828831404	-31.6770447014
gpc_glycerol	85.0	0.097	0.087	25	3.61746620722	0.0191971614567	97.8264809908
gpc_glycerol	85.0	0.097	0.087	26	3.61775389846	0.0241290829822	22.1662751273
gpc_glycerol	85.0	0.097	0.087	27	3.61942412374	0.00287040063841	145.23347373
gpc_glycerol	85.0	0.097	0.087	28	3.62551888688	0.0494117377027	-32.6013595
gpc_glycerol	85.0	0.097	0.087	29	3.6251028457	0.0121783244206	47.1954517144
gpc_glycerol	85.0	0.097	0.087	30	3.62992617226	0.0145294921646	45.0297560134
gpc_glycerol	85.0	0.097	0.087	31	3.63039205562	0.0794578011882	-31.370110053
gpc_glycerol	85.0	0.097	0.087	32	3.63098157217	0.0487838857865	-67.0127324185
gpc_glycerol	85.0	0.097	0.087	33	3.63312277017	0.0041351777059	87.5163372447
gpc_glycerol	85.0	0.097	0.087	34	3.64734524564	0.0129075478365	239.1260085
gpc_glycerol	85.0	0.097	0.087	35	3.64749589809	0.0570785363712	70.2413244652
gpc_glycerol	85.0	0.097	0.087	36	3.64750705205	0.0187526583815	-65.7609272622
gpc_glycerol	85.0	0.097	0.087	37	3.64798114374	0.00590446295417	137.072648882
gpc_glycerol	85.0	0.097	0.087	38	3.65017226799	0.0488720527672	65.0912492625
gpc_glycerol	85.0	0.097	0.087	39	3.65303739627	0.00573047535429	247.276754877
gpc_glycerol	85.0	0.097	0.087	40	3.6535081215	0.0125095592136	-15.9867176606
gpc_glycerol	85.0	0.097	0.087	41	3.65685972714	0.0260202902915	-61.3998540035
gpc_glycerol	85.0	0.097	0.087	42	3.65964296259	0.00280914247947	118.02608702
gpc_glycerol	85.0	0.097	0.087	43	3.66072693026	0.0274438804134	12.4792699841
gpc_glycerol	85.0	0.097	0.087	44	3.66262349048	0.0316398693659	198.595996449
gpc_glycerol	85.0	0.097	0.087	45	3.66274948319	0.0590559066427	-67.3301396911
gpc_glycerol	85.0	0.097	0.087	46	3.6627970794	0.0157476270103	43.4713641178
gpc_glycerol	85.0	0.097	0.087	47	3.66490770063	0.00117520256735	202.360348152
gpc_glycerol	85.0	0.097	0.087	48	3.6758071991	0.000866227278807	138.445913456
gpc_glycerol	85.0	0.097	0.087	49	3.67721533164	0.00766417385622	245.288053729
gpc_glycerol	85.0	0.097	0.087	50	3.67781424085	0.0015919118232	-27.3942308757
gpc_glycerol	85.0	0.097	0.087	51	3.67958304443	0.00397574803885	-17.7601650556
gpc_glycerol	85.0	0.097	0.087	52	3.68000972569	0.0056293028869	-71.8749643495
gpc_glycerol	85.0	0.097	0.087	53	3.68128719493	0.00409718140824	129.758453182
gpc_glycerol	85.0	0.097	0.087	54	3.69071041699	0.00274913002484	216.071036432
gpc_glycerol	85.0	0.097	0.087	55	3.69717776048	0.0333548949354	-59.2940185274
gpc_glycerol	85.0	0.097	0.087	56	3.69715687801	0.00339435613321	157.644843762
gpc_glycerol	85.0	0.097	0.087	57	3.69719619996	0.00249271135879	94.7973580594
gpc_glycerol	85.0	0.097	0.087	58	3.69851817336	0.00898407662312	237.385166056
gpc_glycerol	85.0	0.097	0.087	59	3.70088707378	0.0317456410888	213.348012351
gpc_glycerol	85.0	0.097	0.087	60	3.70245447363	0.0105260511268	269.722217386
gpc_glycerol	85.0	0.097	0.087	61	3.70709486346	0.0104879697913	251.681808319
gpc_glycerol	85.0	0.097	0.087	62	3.70832917738	0.00515361234654	42.4397445181
gpc_glycerol	85.0	0.097	0.087	63	3.70913721753	0.0143848480644	186.489911426
gpc_glycerol	85.0	0.097	0.087	64	3.71214186818	0.0119279775081	-55.0369727265
gpc_glycerol	85.0	0.097	0.087	65	3.7122946921	0.0198666338072	228.750641174
gpc_glycerol	85.0	0.097	0.087	66	3.71249505971	0.0195388763378	156.717057733
gpc_glycerol	85.0	0.097	0.087	67	3.73013055161	0.00562748043677	125.95356861
gpc_glycerol	85.0	0.097	0.087	68	3.73175213004	0.00232772567059	153.165742698
gpc_glycerol	85.0	0.097	0.087	69	3.79209022585	0.0010994390818	8.24927318158
gpc_glycerol	85.0	0.097	0.087	70	3.80401456621	0.00618851524613	-33.2178705591
gpc_glycerol	85.0	0.097	0.087	71	3.80669350691	0.00845794222851	-21.0753423456
gpc_glycerol	85.0	0.097	0.087	72	3.81246118215	0.0147822242677	261.033061308
gpc_glycerol	85.0	0.097	0.087	73	3.8219021502	0.0154182217359	97.0328075235
gpc_glycerol	85.0	0.097	0.087	74	3.8236775389	0.00365264198436	227.037025532
gpc_glycerol	85.0	0.097	0.087	75	3.82533546253	0.0096385647249	14.1293512199
gpc_glycerol	85.0	0.097	0.087	76	3.826891376	0.0106931370476	16.731773106
gpc_glycerol	85.0	0.097	0.087	77	3.83738440803	0.0978304506168	46.5348742457
gpc_glycerol	85.0	0.097	0.087	78	3.83739022548	0.0880515179993	65.1864472849
gpc_glycerol	85.0	0.097	0.087	79	3.84115757151	0.0201706538809	172.036844072
gpc_glycerol	85.0	0.097	0.087	80	3.84208833958	0.014129771771	51.691185315
gpc_glycerol	85.0	0.097	0.087	81	3.84532177124	0.0041366725701	196.516168953
gpc_glycerol	85.0	0.097	0.087	82	3.85728827112	0.0188657164617	25.7416748202
gpc_glycerol	85.0	0.097	0.087	83	3.85727787833	0.00211067885626	139.953218161
gpc_glycerol	85.0	0.097	0.087	84	3.85748643756	0.00520434571925	239.740185523
gpc_glycerol	85.0	0.097	0.087	85	3.85769171625	0.00641989845771	-88.7904555226
gpc_glycerol	85.0	0.097	0.087	86	3.86322375579	0.0233294609036	29.1577157942
gpc_glycerol	85.0	0.097	0.087	87	3.86565540281	0.0166388227937	141.400226389
gpc_glycerol	85.0	0.097	0.087	88	3.87310782491	0.043743735255	-39.7088874456
gpc_glycerol	85.0	0.097	0.087	89	3.87463710204	0.0206377666117	-30.6387090057
gpc_glycerol	85.0	0.097	0.087	90	3.87711040454	0.00151904526952	-71.7782666038
gpc_glycerol	85.0	0.097	0.087	91	3.88014930752	0.0529175962997	-14.9360858
gpc_glycerol	85.0	0.097	0.087	92	3.88053700844	0.00309187875	187.819695072
gpc_glycerol	85.0	0.097	0.087	93	3.88267873654	0.0122155146502	7.4470994318
gpc_glycerol	85.0	0.097	0.087	94	3.88504855277	0.0456415301119	90.1411514933
gpc_glycerol	85.0	0.097	0.087	95	3.88542453394	0.0200831118128	-86.6905904484
gpc_glycerol	85.0	0.097	0.087	96	3.89026529408	0.0802686833734	-79.232861097
gpc_glycerol	85.0	0.097	0.087	97	3.89069404916	0.00375719698383	50.8094732328
gpc_glycerol	85.0	0.097	0.087	98	3.89253276981	0.0248615710826	-54.6585093594
gpc_glycerol	85.0	0.097	0.087	99	3.89332608754	0.0139508797516	263.324190697
gpc_glycerol	85.0	0.097	0.087	100	3.89413819128	0.0186265951196	129.557017991
gpc_glycerol	85.0	0.097	0.087	101	3.89444935114	0.0259462925184	4.85146114569
gpc_glycerol	85.0	0.097	0.087	102	3.89573788701	0.0237604173671	-31.7225786538
gpc_glycerol	85.0	0.097	0.087	103	3.89821850678	0.0167055193922	33.2847014995
gpc_glycerol	85.0	0.097	0.087	104	3.89998870258	0.0047431243122	-78.0772555286
gpc_glycerol	85.0	0.097	0.087	105	3.90016305678	0.049142146748	-1.52569608563
gpc_glycerol	85.0	0.097	0.087	106	3.90037086496	0.0464191614568	82.3617749951
gpc_glycerol	85.0	0.097	0.087	107	3.90214892106	0.00469351006698	-13.6153311408
gpc_glycerol	85.0	0.097	0.087	108	3.90234373639	0.00796412029246	207.203942443
gpc_glycerol	85.0	0.097	0.087	109	3.90240667232	0.0512578993307	67.6032879062
gpc_glycerol	85.0	0.097	0.087	110	3.90420706069	0.0849380518572	-10.5661244257
gpc_glycerol	85.0	0.097	0.087	111	3.90665754566	0.046714588709	256.751267728
gpc_glycerol	85.0	0.097	0.087	112	3.90801031229	0.0240204781473	20.0202670582
gpc_glycerol	85.0	0.097	0.087	113	3.90965106595	0.00883410925224	62.2050176596
gpc_glycerol	85.0	0.097	0.087	114	3.91105194497	0.00933754725078	212.664522181
gpc_glycerol	85.0	0.097	0.087	115	3.91221973518	0.0362366486246	51.97283564
gpc_glycerol	85.0	0.097	0.087	116	3.91411700182	0.00494650002975	-38.056578663
gpc_glycerol	85.0	0.097	0.087	117	3.91465503985	0.0345131660118	22.1019738983
gpc_glycerol	85.0	0.097	0.087	118	3.91541106785	0.0104526616871	191.750930278
gpc_glycerol	85.0	0.097	0.087	119	3.91646915852	0.0126993543926	-25.7582072298
gpc_glycerol	85.0	0.097	0.087	120	3.91931477329	0.0455977130669	238.627665331
gpc_glycerol	85.0	0.097	0.087	121	3.92052828515	0.0384267789026	0.0413857811621
gpc_glycerol	85.0	0.097	0.087	122	3.92363544453	0.0692269172742	15.9415971359
gpc_glycerol	85.0	0.097	0.087	123	3.92380948856	0.0654707080221	6.863628612
gpc_glycerol	85.0	0.097	0.087	124	3.92430452189	0.0121800905949	189.211660007
gpc_glycerol	85.0	0.097	0.087	125	3.92527810152	0.00309662953051	88.0040253351
gpc_glycerol	85.0	0.097	0.087	126	3.92702354205	0.0139437347202	53.6483261245
gpc_glycerol	85.0	0.097	0.087	127	3.93018278932	0.0135971088877	216.014437952
gpc_glycerol	85.0	0.097	0.087	128	3.93171752243	0.012859987902	67.8429516484
gpc_glycerol	85.0	0.097	0.087	129	3.93185977592	0.0123734528419	263.21979611
gpc_glycerol	85.0	0.097	0.087	130	3.93405303868	0.0150245179347	251.521137553
gpc_glycerol	85.0	0.097	0.087	131	3.94366086651	0.0141379989434	190.486052778
gpc_glycerol	85.0	0.097	0.087	132	3.94432926832	0.00573972323609	33.5478766676
gpc_glycerol	85.0	0.097	0.087	133	3.94594586238	0.0186773304719	129.266391309
gpc_glycerol	85.0	0.097	0.087	134	3.94772747455	0.012309521943	-84.3831228564
gpc_glycerol	85.0	0.097	0.087	135	3.94883026999	0.0060847139671	260.165735793
gpc_glycerol	85.0	0.097	0.087	136	3.94993119394	0.0105313702921	-46.0462284877
gpc_glycerol	85.0	0.097	0.087	137	3.95034989145	0.00429718825167	21.8378772147
gpc_glycerol	85.0	0.097	0.087	138	3.95350400826	0.00240765662843	206.487710068
gpc_glycerol	85.0	0.097	0.087	139	3.95753847857	0.00536768717182	51.0118455948
gpc_glycerol	85.0	0.097	0.087	140	3.96070826374	0.0997744048523	-69.6795963121
gpc_glycerol	85.0	0.097	0.087	141	3.9608303061	0.0300158306301	246.107453888
gpc_glycerol	85.0	0.097	0.087	142	3.96555307488	0.00658578994083	36.0044488506
gpc_glycerol	85.0	0.097	0.087	143	3.97116777173	0.0210297583487	-8.1568085514
gpc_glycerol	85.0	0.097	0.087	144	3.97218450993	0.000954050453543	-78.8378877443
gpc_glycerol	85.0	0.097	0.087	145	3.9734376796	0.0164945991032	256.052116361
gpc_glycerol	85.0	0.097	0.087	146	3.98089816727	0.0106888219975	-67.9940147532
gpc_glycerol	85.0	0.097	0.087	147	3.98095018518	0.0154455877064	61.2414110436
gpc_glycerol	85.0	0.097	0.087	148	3.9810178318	0.0175526463338	138.309609229
gpc_glycerol	85.0	0.097	0.087	149	3.98313880554	0.0111564204523	233.024746342
gpc_glycerol	85.0	0.097	0.087	150	3.98536453393	0.00290293145432	-24.256854068
gpc_glycerol	85.0	0.097	0.087	151	3.98842450408	0.0100839217608	75.8849531234
gpc_glycerol	85.0	0.097	0.087	152	3.99085659676	0.00311598669409	253.550896392
gpc_glycerol	85.0	0.097	0.087	153	3.99829034924	0.00360180915481	35.5284690422
gpc_glycerol	85.0	0.097	0.087	154	4.00238408464	0.0144213681021	36.3457529205
gpc_glycerol	85.0	0.097	0.087	155	4.0065617582	0.00212941658256	43.6543676443
gpc_glycerol	85.0	0.097	0.087	156	4.00824283197	0.00143734354261	-15.7753212472
gpc_glycerol	85.0	0.097	0.087	157	4.0148140493	0.00115139606783	6.35774731963
gpc_glycerol	85.0	0.097	0.087	158	4.01782892618	0.00189321496338	39.2982354905
gpc_7-CH2_8-CH2	85.0	0.097	0.087	0	3.59557808424	0.00121017236537	181.644055787
gpc_7-CH2_8-CH2	85.0	0.097	0.087	1	3.64365054641	0.335652219185	119.23165246
gpc_7-CH2_8-CH2	85.0	0.097	0.087	2	3.64350840162	0.00833199945179	49.4099919431
gpc_7-CH2_8-CH2	85.0	0.097	0.087	3	3.6438348234	0.00824058081185	-15.7457727469
gpc_7-CH2_8-CH2	85.0	0.097	0.087	4	3.65425526795	0.213427185819	28.3503297147
gpc_7-CH2_8-CH2	85.0	0.097	0.087	5	3.65865879624	0.458916210662	-9.86920998498
gpc_7-CH2_8-CH2	85.0	0.097	0.087	6	3.65867993801	0.00798449818972	248.682773037
gpc_7-CH2_8-CH2	85.0	0.097	0.087	7	3.66367661319	0.21361311295	-48.7131127539
gpc_7-CH2_8-CH2	85.0	0.097	0.087	8	3.6636737941	0.00554759425708	33.6021030027
gpc_7-CH2_8-CH2	85.0	0.097	0.087	9	3.6636796249	0.00514416941819	218.302640025
gpc_7-CH2_8-CH2	85.0	0.097	0.087	10	3.67393759611	0.436881571494	219.678649996
gpc_7-CH2_8-CH2	85.0	0.097	0.087	11	3.67379101706	0.0192643905386	73.128214803
gpc_7-CH2_8-CH2	85.0	0.097	0.087	12	3.72172131336	0.00149852454418	-54.4366559917
gpc_7-CH2_8-CH2	85.0	0.097	0.087	13	4.25043423145	0.00200566487007	189.123098034
gpc_7-CH2_8-CH2	85.0	0.097	0.087	14	4.27794451225	0.0817757036642	120.536114505
gpc_7-CH2_8-CH2	85.0	0.097	0.087	15	4.28691603945	0.0832023060894	123.334016701
gpc_7-CH2_8-CH2	85.0	0.097	0.087	16	4.28818766407	0.0430147921524	33.6275214088
gpc_7-CH2_8-CH2	85.0	0.097	0.087	17	4.2932267754	0.0956245959501	-1.93151615429
gpc_7-CH2_8-CH2	85.0	0.097	0.087	18	4.29589832942	0.0847069324271	126.122816897
gpc_7-CH2_8-CH2	85.0	0.097	0.087	19	4.2971654871	0.0428728259394	34.4173457341
gpc_7-CH2_8-CH2	85.0	0.097	0.087	20	4.29760893564	0.0397930313631	-41.5990916748
gpc_7-CH2_8-CH2	85.0	0.097	0.087	21	4.29832375103	0.0439517291268	123.251350611
gpc_7-CH2_8-CH2	85.0	0.097	0.087	22	4.3021941437	0.0942478450875	-2.55029605289
gpc_7-CH2_8-CH2	85.0	0.097	0.087	23	4.30615438911	0.0427085730042	35.301701709
gpc_7-CH2_8-CH2	85.0	0.097	0.087	24	4.30658673879	0.0399417063109	-42.2685094859
gpc_7-CH2_8-CH2	85.0	0.097	0.087	25	4.30743114421	0.106568498765	130.14236457
gpc_7-CH2_8-CH2	85.0	0.097	0.087	26	4.30822620906	0.0629814909686	232.846512624
gpc_7-CH2_8-CH2	85.0	0.097	0.087	27	4.31117263519	0.0924343649265	-3.20262510412
gpc_7-CH2_8-CH2	85.0	0.097	0.087	28	4.31313171859	0.006110448539	209.360833249
gpc_7-CH2_8-CH2	85.0	0.097	0.087	29	4.31387413118	0.0178909474273	-65.3374650083
gpc_7-CH2_8-CH2	85.0	0.097	0.087	30	4.31557564822	0.0401142281223	-43.0652775914
gpc_7-CH2_8-CH2	85.0	0.097	0.087	31	4.31617155678	0.0877699485867	131.974981953
gpc_7-CH2_8-CH2	85.0	0.097	0.087	32	4.31725307175	0.0696417628538	233.517870427
gpc_7-CH2_8-CH2	85.0	0.097	0.087	33	4.31750747285	0.0483291335159	38.2994078063
gpc_7-CH2_8-CH2	85.0	0.097	0.087	34	4.3224587889	0.0895230372342	-4.0339258315
gpc_7-CH2_8-CH2	85.0	0.097	0.087	35	4.3261819405	0.0659216909127	228.40913864
gpc_7-CH2_8-CH2	85.0	0.097	0.087	36	4.32644270595	0.0422771724019	37.5276939386
gpc_7-CH2_8-CH2	85.0	0.097	0.087	37	4.32687501785	0.0403564786429	-44.2006177231
gpc_7-CH2_8-CH2	85.0	0.097	0.087	38	4.32831487917	0.00613254754246	215.954126515
gpc_7-CH2_8-CH2	85.0	0.097	0.087	39	4.32864716427	0.0157673434413	135.920215762
gpc_7-CH2_8-CH2	85.0	0.097	0.087	40	4.33143777713	0.0867227030756	-4.67259421439
gpc_7-CH2_8-CH2	85.0	0.097	0.087	41	4.33586397748	0.0405651137543	-45.1628500013
gpc_7-CH2_8-CH2	85.0	0.097	0.087	42	4.33747438212	0.068613722118	225.191355552
gpc_7-CH2_8-CH2	85.0	0.097	0.087	43	4.34645711818	0.0711375742167	222.674702875
gpc_7-CH2_8-CH2	85.0	0.097	0.087	44	4.37657161832	0.000842893431914	-70.8846341103
gpc_N(CH3)3_a	85.0	0.097	0.121	0	3.2100818801	1.32317897738	-6.67118688707
gpc_N(CH3)3_a	85.0	0.097	0.121	1	3.21199956054	0.114483772681	219.029378676
gpc_N(CH3)3_a	85.0	0.097	0.121	2	3.21199956098	0.0741486005025	-10.3408750278
gpc_N(CH3)3_a	85.0	0.097	0.121	3	3.21199956069	0.076367874589	231.669498922
gpc_N(CH3)3_a	85.0	0.097	0.121	4	3.2119995609	0.0986028673907	154.239282809
gpc_N(CH3)3_a	85.0	0.097	0.121	5	3.21199956072	0.0862475109241	85.4080544876
gpc_N(CH3)3_a	85.0	0.097	0.121	6	3.21199956096	0.019882295616	-67.0656015036
gpc_N(CH3)3_a	85.0	0.097	0.121	7	3.21391770254	0.0922230452062	-44.2939869649
gpc_N(CH3)3_a	85.0	0.097	0.121	8	3.2139175886	0.181510330509	70.2118569558
gpc_N(CH3)3_a	85.0	0.097	0.121	9	3.21391761993	0.0881868639747	245.841632332
gpc_N(CH3)3_a	85.0	0.097	0.121	10	3.21391770021	0.0968123092247	76.5499532246
gpc_N(CH3)3_a	85.0	0.097	0.121	11	3.2139179003	0.0579367449446	51.2533811531
gpc_N(CH3)3_a	85.0	0.097	0.121	12	3.2139179003	0.0172429833314	137.187104558
gpc_N(CH3)3_a	85.0	0.097	0.121	13	3.21391833955	0.00601286912559	189.045745601
gpc_N(CH3)3_b	85.0	0.097	0.121	0	3.21008187989	1.65401388658	-6.67118488013
gpc_N(CH3)3_b	85.0	0.097	0.121	1	3.21199956055	0.101769203313	59.3062770375
gpc_N(CH3)3_b	85.0	0.097	0.121	2	3.21199956083	0.358989285717	-12.6982320802
gpc_N(CH3)3_b	85.0	0.097	0.121	3	3.21199956085	0.0607884532113	151.564272496
gpc_N(CH3)3_b	85.0	0.097	0.121	4	3.21199956085	0.131302536937	231.591175261
gpc_N(CH3)3_b	85.0	0.097	0.121	5	3.21199956102	0.185521677159	-20.2051527496
gpc_N(CH3)3_b	85.0	0.097	0.121	6	3.21391767255	0.663729279112	-4.03928928941
gpc_N(CH3)3_b	85.0	0.097	0.121	7	3.21391740794	0.0917484907432	165.650792251
gpc_N(CH3)3_b	85.0	0.097	0.121	8	3.21391764164	0.0306933508458	189.955956137
gpc_N(CH3)3_b	85.0	0.097	0.121	9	3.21391782081	0.533533227752	-0.458506316173
gpc_N(CH3)3_b	85.0	0.097	0.121	10	3.21391802931	0.216538601467	-9.97613821807
gpc_N(CH3)3_b	85.0	0.097	0.121	11	3.2139181199	0.00445117670368	-78.2411881248
gpc_N(CH3)3_b	85.0	0.097	0.121	12	3.21391855924	0.018201098729	84.0016050423
myoinositol	85.0	0.578	0.087	0	3.14830362726	0.000937036839306	-34.6825180112
myoinositol	85.0	0.578	0.087	1	3.15736967482	0.000911145936548	-67.8175017537
myoinositol	85.0	0.578	0.087	2	3.17922427203	0.00182577917065	52.2764434021
myoinositol	85.0	0.578	0.087	3	3.18757502454	0.00359604371299	44.0289200227
myoinositol	85.0	0.578	0.087	4	3.18939356493	0.0015651521058	18.4591349352
myoinositol	85.0	0.578	0.087	5	3.23582793905	0.0668791928316	-70.5056382179
myoinositol	85.0	0.578	0.087	6	3.23667456355	0.00204456843196	137.377406322
myoinositol	85.0	0.578	0.087	7	3.23677107636	0.00746202068619	261.799125215
myoinositol	85.0	0.578	0.087	8	3.23759891649	0.019408397882	-61.4856153947
myoinositol	85.0	0.578	0.087	9	3.26501766356	0.042020532217	189.883244286
myoinositol	85.0	0.578	0.087	10	3.26759544477	0.0284437219118	193.366975716
myoinositol	85.0	0.578	0.087	11	3.26750090173	0.100036512338	-31.9330290583
myoinositol	85.0	0.578	0.087	12	3.26751997599	0.00183014612444	252.287645516
myoinositol	85.0	0.578	0.087	13	3.26786885792	0.0035046380633	96.8455538381
myoinositol	85.0	0.578	0.087	14	3.26981074605	0.016547481505	195.748767875
myoinositol	85.0	0.578	0.087	15	3.26999263665	0.0087342400483	249.961410871
myoinositol	85.0	0.578	0.087	16	3.29778868437	0.0690367655326	91.8409945539
myoinositol	85.0	0.578	0.087	17	3.29849927907	0.0130173194024	154.429097343
myoinositol	85.0	0.578	0.087	18	3.29944039869	0.088352703961	61.3289281537
myoinositol	85.0	0.578	0.087	19	3.34544819022	0.00105792453737	-9.10913428852
myoinositol	85.0	0.578	0.087	20	3.34727025946	0.00164781690045	-12.8764575271
myoinositol	85.0	0.578	0.087	21	3.35633799759	0.000914300656276	-52.1921637312
myoinositol	85.0	0.578	0.087	22	3.37837193252	0.0057103385738	59.1107605987
myoinositol	85.0	0.578	0.087	23	3.38692235571	0.00194652816602	28.4867294664
myoinositol	85.0	0.578	0.087	24	3.38843798204	0.00185637586488	22.0727727113
myoinositol	85.0	0.578	0.087	25	3.49658375196	0.249952437801	147.819862344
myoinositol	85.0	0.578	0.087	26	3.49751970931	0.159813290626	-8.07179244888
myoinositol	85.0	0.578	0.087	27	3.50608331863	0.19854753578	85.2118824876
myoinositol	85.0	0.578	0.087	28	3.50719579623	0.18155051395	-27.4406915834
myoinositol	85.0	0.578	0.087	29	3.53069617334	0.434739947888	234.569198703
myoinositol	85.0	0.578	0.087	30	3.54008733399	0.449370957344	153.036177737
myoinositol	85.0	0.578	0.087	31	3.54164266151	0.0261192164787	170.923885531
myoinositol	85.0	0.578	0.087	32	3.58597245039	0.549444775058	-56.6835854309
myoinositol	85.0	0.578	0.087	33	3.61681909559	0.435692903604	-16.3227814786
myoinositol	85.0	0.578	0.087	34	3.61946489889	0.492913494389	9.68565416297
myoinositol	85.0	0.578	0.087	35	3.65025277065	0.202168919801	252.05284402
myoinositol	85.0	0.578	0.087	36	3.6504874549	0.195332964101	189.699415414
myoinositol	85.0	0.578	0.087	37	4.04425232664	0.201081198617	58.6285878065
myoinositol	85.0	0.578	0.087	38	4.04441660481	0.025385705212	-12.5362372539
myoinositol	85.0	0.578	0.087	39	4.05389969822	0.437124678821	-5.82532568843
myoinositol	85.0	0.578	0.087	40	4.05415037915	0.238583427221	-22.6792779057
myoinositol	85.0	0.578	0.087	41	4.06353206893	0.211966642399	-71.7331016927
myoinositol	85.0	0.578	0.087	42	4.06365650698	0.148493452171	-62.4317163313
naa_aspartate	85.0	1.0	0.069	0	2.42994717206	0.22932931546	60.0521402187
naa_aspartate	85.0	1.0	0.069	1	2.46264918982	0.157618919594	144.423894577
naa_aspartate	85.0	1.0	0.069	2	2.4824074059	0.165326534882	-70.9162400618
naa_aspartate	85.0	1.0	0.069	3	2.51510946387	0.323148066203	-19.1718511762
naa_aspartate	85.0	1.0	0.069	4	2.6334073203	0.182751455326	-42.1058641646
naa_aspartate	85.0	1.0	0.069	5	2.64673836271	0.333465655529	201.124100437
naa_aspartate	85.0	1.0	0.069	6	2.68586757554	0.262094155202	180.780692225
naa_aspartate	85.0	1.0	0.069	7	2.6991986097	0.149999941495	43.1683308146
naa_aspartate	85.0	1.0	0.069	8	4.33805226897	0.123962362811	-64.0722602121
naa_aspartate	85.0	1.0	0.069	9	4.3513830937	0.111304408663	163.759483083
naa_aspartate	85.0	1.0	0.069	10	4.35958461114	0.115117933097	115.292267695
naa_aspartate	85.0	1.0	0.069	11	4.3707545707	0.102436074602	8.53216910752
naa_aspartate	85.0	1.0	0.069	12	4.37291590033	0.108490210422	-22.429249702
naa_aspartate	85.0	1.0	0.069	13	4.38408539298	0.0955650855414	243.860631728
naa_aspartate	85.0	1.0	0.069	14	4.39228650928	0.098845357404	180.775307583
naa_aspartate	85.0	1.0	0.069	15	4.40561779602	0.11507172536	56.8494240853
naa_acetyl	85.0	1.0	0.13	0	2.008	1.80616725975	37.4615486712
lactate	85.0	0.039	0.087	0	1.30248674568	1.31101488653	260.402632096
lactate	85.0	0.039	0.087	1	1.32581382316	0.848662370816	182.07958494
lactate	85.0	0.039	0.087	2	4.06255628652	0.0616068555713	-77.8516230898
lactate	85.0	0.039	0.087	3	4.08578501746	0.170954283465	94.0227789965
lactate	85.0	0.039	0.087	4	4.08607952236	0.0560718614671	243.811339214
lactate	85.0	0.039	0.087	5	4.10911274289	0.191409482923	261.536060686
lactate	85.0	0.039	0.087	6	4.1094047898	0.0378066158226	95.3321679957
lactate	85.0	0.039	0.087	7	4.13253700483	0.03678773357	80.9359434166
pcho_N(CH3)3_a	85.0	0.058	0.121	0	3.2060818805	1.32306609885	-6.56708880814
pcho_N(CH3)3_a	85.0	0.058	0.121	1	3.20799956063	0.0750850174063	246.048472605
pcho_N(CH3)3_a	85.0	0.058	0.121	2	3.20799956117	0.0516305560858	21.7031013142
pcho_N(CH3)3_a	85.0	0.058	0.121	3	3.20799956109	0.0175305505697	-36.2167949796
pcho_N(CH3)3_a	85.0	0.058	0.121	4	3.20799956108	0.0908077816037	175.76440782
pcho_N(CH3)3_a	85.0	0.058	0.121	5	3.207999561	0.120452506304	152.169819054
pcho_N(CH3)3_a	85.0	0.058	0.121	6	3.20799956117	0.00956064704949	89.2377637494
pcho_N(CH3)3_a	85.0	0.058	0.121	7	3.20991759626	0.094492344706	24.0121845963
pcho_N(CH3)3_a	85.0	0.058	0.121	8	3.20991765611	0.171369204354	85.6027341016
pcho_N(CH3)3_a	85.0	0.058	0.121	9	3.20991765638	0.0798115907613	247.869508057
pcho_N(CH3)3_a	85.0	0.058	0.121	10	3.20991782534	0.0822156731605	-64.1218414834
pcho_N(CH3)3_a	85.0	0.058	0.121	11	3.2099179003	0.00455633129674	168.5621633
naag_glutamate	85.0	0.16	0.087	0	1.871	0.460558831113	15.9381171227
naag_glutamate	85.0	0.16	0.087	1	2.039	0.629719349567	48.7477861921
naag_glutamate	85.0	0.16	0.087	2	2.17	0.710363257961	38.5413564841
naag_glutamate	85.0	0.16	0.087	3	2.18	0.727410795527	35.6546477658
naag_glutamate	85.0	0.16	0.087	4	4.118	0.994912476139	-6.21537785737
naag_aspartyl	85.0	0.16	0.087	0	2.46274169543	0.291605159287	57.3063864921
naag_aspartyl	85.0	0.16	0.087	1	2.49450147826	0.133001981557	150.376933903
naag_aspartyl	85.0	0.16	0.087	2	2.51627255614	0.118887013872	252.321258707
naag_aspartyl	85.0	0.16	0.087	3	2.54803233898	0.321791395965	-22.8220913957
naag_aspartyl	85.0	0.16	0.087	4	2.68014621287	0.127909502336	-12.3735684446
naag_aspartyl	85.0	0.16	0.087	5	2.69524501619	0.296222196591	201.742982473
naag_aspartyl	85.0	0.16	0.087	6	2.73367707359	0.269267910344	179.034168553
naag_aspartyl	85.0	0.16	0.087	7	2.7487758769	0.173633116102	33.4469864934
naag_aspartyl	85.0	0.16	0.087	8	4.57372264483	0.265119089562	207.924000072
naag_aspartyl	85.0	0.16	0.087	9	4.58882144815	0.1570732806	52.050807171
naag_aspartyl	85.0	0.16	0.087	10	4.60548242767	0.192440559489	-64.6568360904
naag_aspartyl	85.0	0.16	0.087	11	4.62058123099	0.27825849728	152.757790446
naag_acetyl	85.0	0.16	0.13	0	2.032	1.86935875759	46.5609771722
pcho_X	85.0	0.058	0.087	0	3.54205005565	0.0012418555232	201.190325765
pcho_X	85.0	0.058	0.087	1	3.6246753765	0.332663474492	123.828591659
pcho_X	85.0	0.058	0.087	2	3.62486445768	0.0165548205766	215.0367575
pcho_X	85.0	0.058	0.087	3	3.63118628846	0.080187826387	69.0972465585
pcho_X	85.0	0.058	0.087	4	3.63118171948	0.00659971116156	-68.5080304875
pcho_X	85.0	0.058	0.087	5	3.63354006138	0.113916210709	50.2332963854
pcho_X	85.0	0.058	0.087	6	3.63354360984	0.0231547151402	-47.1045739527
pcho_X	85.0	0.058	0.087	7	3.64060815303	0.478486465736	-11.741342561
pcho_X	85.0	0.058	0.087	8	3.63985464391	0.00574602069271	64.7240200192
pcho_X	85.0	0.058	0.087	9	3.64823681842	0.126956314641	-69.8179058204
pcho_X	85.0	0.058	0.087	10	3.64823331038	0.00190163132562	105.911211633
pcho_X	85.0	0.058	0.087	11	3.65058757685	0.0372515931244	268.471785313
pcho_X	85.0	0.058	0.087	12	3.65059303815	0.0563527787603	-86.9807601213
pcho_X	85.0	0.058	0.087	13	3.65059520074	0.00510393881637	214.952808721
pcho_X	85.0	0.058	0.087	14	3.65676130795	0.416919903467	216.487892479
pcho_X	85.0	0.058	0.087	15	3.65664517235	0.00889971222517	9.93717542208
pcho_X	85.0	0.058	0.087	16	3.65690731178	0.00570114097095	79.2302473813
pcho_X	85.0	0.058	0.087	17	3.7391474082	0.0023161353406	247.713154106
pcho_X	85.0	0.058	0.087	18	4.18372970344	0.00142644299263	-51.6372065166
pcho_X	85.0	0.058	0.087	19	4.24502025596	0.079674657737	123.290149161
pcho_X	85.0	0.058	0.087	20	4.25117623034	0.0187852538619	71.6708585731
pcho_X	85.0	0.058	0.087	21	4.25353002872	0.0256876771014	54.1202904589
pcho_X	85.0	0.058	0.087	22	4.25417967356	0.0809914202141	126.200995825
pcho_X	85.0	0.058	0.087	23	4.26034183364	0.0187397737641	73.0388236129
pcho_X	85.0	0.058	0.087	24	4.26042599344	0.0472561829414	18.4911646143
pcho_X	85.0	0.058	0.087	25	4.26193398259	0.0501911760256	-19.3286438342
pcho_X	85.0	0.058	0.087	26	4.26269565333	0.0255654747952	54.9150169646
pcho_X	85.0	0.058	0.087	27	4.26334986226	0.0825677390798	129.264508179
pcho_X	85.0	0.058	0.087	28	4.26596979985	0.0135451137341	242.182856322
pcho_X	85.0	0.058	0.087	29	4.26622459071	0.0113623972419	64.4613281391
pcho_X	85.0	0.058	0.087	30	4.2682295992	0.022611965863	-61.2302947492
pcho_X	85.0	0.058	0.087	31	4.26951916315	0.0186871297058	74.6449477789
pcho_X	85.0	0.058	0.087	32	4.27035067827	0.0966850909588	-1.50230186488
pcho_X	85.0	0.058	0.087	33	4.27058339758	0.0155942113453	-79.7572579413
pcho_X	85.0	0.058	0.087	34	4.27187302922	0.0254053444116	55.8690544977
pcho_X	85.0	0.058	0.087	35	4.27228196813	0.0124098621645	155.071019054
pcho_X	85.0	0.058	0.087	36	4.2746358202	0.00710515176015	248.714861688
pcho_X	85.0	0.058	0.087	37	4.27526935466	0.0848135195132	133.232819522
pcho_X	85.0	0.058	0.087	38	4.27709618481	0.0602823449991	227.656332103
pcho_X	85.0	0.058	0.087	39	4.27739365253	0.0226530336043	-62.0504311833
pcho_X	85.0	0.058	0.087	40	4.27950980373	0.0954846266822	-2.08528099342
pcho_X	85.0	0.058	0.087	41	4.27974747222	0.0157292483252	-80.5877903176
pcho_X	85.0	0.058	0.087	42	4.28144755342	0.0185988554694	77.0114109946
pcho_X	85.0	0.058	0.087	43	4.28204539681	0.0333859451827	216.003738183
pcho_X	85.0	0.058	0.087	44	4.28380142513	0.0251563834036	57.3217815482
pcho_X	85.0	0.058	0.087	45	4.28443927711	0.0865114582441	136.140303613
pcho_X	85.0	0.058	0.087	46	4.28625763823	0.0608901906163	226.196097971
pcho_X	85.0	0.058	0.087	47	4.28656905173	0.0227003684827	-63.1483147918
pcho_X	85.0	0.058	0.087	48	4.28892291781	0.0159055473113	-81.8116804538
pcho_X	85.0	0.058	0.087	49	4.28933355904	0.00306431105331	220.425600348
pcho_X	85.0	0.058	0.087	50	4.29062489313	0.0185364719249	78.975731357
pcho_X	85.0	0.058	0.087	51	4.29144656729	0.105354716218	-6.57979202544
pcho_X	85.0	0.058	0.087	52	4.29297881002	0.0249161247524	58.5535021922
pcho_X	85.0	0.058	0.087	53	4.29542965856	0.0619836385462	224.073666248
pcho_X	85.0	0.058	0.087	54	4.29830469558	0.0375119319505	-47.8341718831
pcho_X	85.0	0.058	0.087	55	4.29847515211	0.0262207607917	-67.6876652769
pcho_X	85.0	0.058	0.087	56	4.30057364488	0.0908824225603	-3.54853574079
pcho_X	85.0	0.058	0.087	57	4.300851686	0.0161791981851	-83.8969287067
pcho_X	85.0	0.058	0.087	58	4.30735204919	0.0641426466618	220.619015851
pcho_X	85.0	0.058	0.087	59	4.30767344445	0.0228462188223	-66.5166287214
pcho_X	85.0	0.058	0.087	60	4.31002736134	0.0164395838629	-85.7739577744
pcho_X	85.0	0.058	0.087	61	4.31652252521	0.066347262789	217.712335291
pcho_X	85.0	0.058	0.087	62	4.38082028267	0.00092826911782	32.4023236078
pcr_X	85.0	0.422	0.081	0	3.93	1.98994652771	-7.75355071268
pcho_N(CH3)3_b	85.0	0.058	0.121	0	3.20608188019	1.6537872285	-6.5670862491
pcho_N(CH3)3_b	85.0	0.058	0.121	1	3.20799956059	0.0678557989461	76.4824128442
pcho_N(CH3)3_b	85.0	0.058	0.121	2	3.20799956103	0.388323313477	-6.86941818894
pcho_N(CH3)3_b	85.0	0.058	0.121	3	3.20799956107	0.0894594509983	178.034610884
pcho_N(CH3)3_b	85.0	0.058	0.121	4	3.20799956107	0.11748298147	235.207970292
pcho_N(CH3)3_b	85.0	0.058	0.121	5	3.20799956118	0.244245346357	-12.0361295865
pcho_N(CH3)3_b	85.0	0.058	0.121	6	3.20799956174	0.0254754061275	-52.0703696801
pcho_N(CH3)3_b	85.0	0.058	0.121	7	3.20991767304	0.671150744764	-1.62712162352
pcho_N(CH3)3_b	85.0	0.058	0.121	8	3.20991747823	0.0985446930456	179.595077739
pcho_N(CH3)3_b	85.0	0.058	0.121	9	3.20991760484	0.0641952978501	198.808391875
pcho_N(CH3)3_b	85.0	0.058	0.121	10	3.20991805951	0.237705458206	12.6738060129
pcho_N(CH3)3_b	85.0	0.058	0.121	11	3.20991771007	0.0243572931733	259.251846979
pcho_N(CH3)3_b	85.0	0.058	0.121	12	3.20991801384	0.243465870429	-8.1187824164
pcho_N(CH3)3_b	85.0	0.058	0.121	13	3.20991811979	0.000668178341797	-81.2301583076
pcho_N(CH3)3_b	85.0	0.058	0.121	14	3.20991855893	0.0132730289632	87.3111055302
pcr_N(CH3)	85.0	0.422	0.09	0	3.029	2.98200964679	-2.18291721872
peth	85.0	0.126	0.087	0	3.11672856915	0.000870158739566	58.1435093674
peth	85.0	0.126	0.087	1	3.1989012718	0.47289246843	149.137035074
peth	85.0	0.126	0.087	2	3.19873012631	0.0124326108359	77.1666557481
peth	85.0	0.126	0.087	3	3.19907176336	0.00960961823223	227.299193523
peth	85.0	0.126	0.087	4	3.20942212779	0.217314805241	57.8841269248
peth	85.0	0.126	0.087	5	3.20947719529	0.0167078611149	166.704604414
peth	85.0	0.126	0.087	6	3.21570414173	0.298602729996	3.77771603189
peth	85.0	0.126	0.087	7	3.21518723131	0.0106081943032	125.975020384
peth	85.0	0.126	0.087	8	3.2160790825	0.0107629956676	-51.1610505748
peth	85.0	0.126	0.087	9	3.22245602555	0.203365407654	-72.1934025073
peth	85.0	0.126	0.087	10	3.22272311489	0.00931663005642	-17.332976962
peth	85.0	0.126	0.087	11	3.23269280585	0.419921814261	188.433930052
peth	85.0	0.126	0.087	12	3.2325290494	0.0275259933663	-61.9822217508
peth	85.0	0.126	0.087	13	3.31453774467	0.000589576367007	-77.549637882
peth	85.0	0.126	0.087	14	3.94594704888	0.0814903924403	157.275761367
peth	85.0	0.126	0.087	15	3.94771595649	0.0813203685604	157.382937059
peth	85.0	0.126	0.087	16	3.949485563	0.0811574489002	157.476993087
peth	85.0	0.126	0.087	17	3.95616898679	0.0390084364737	57.9317242375
peth	85.0	0.126	0.087	18	3.95793873614	0.0389717096669	58.0318210927
peth	85.0	0.126	0.087	19	3.95970944817	0.0389365019327	58.1207759763
peth	85.0	0.126	0.087	20	3.96345390293	0.0974008942383	-20.6177424059
peth	85.0	0.126	0.087	21	3.96611087684	0.0842693707315	-14.5654390579
peth	85.0	0.126	0.087	22	3.96921284577	0.0436076383549	-72.0243347416
peth	85.0	0.126	0.087	23	3.97000103599	0.022663725635	142.222051775
peth	85.0	0.126	0.087	24	3.97029284144	0.00968093851263	26.6948599388
peth	85.0	0.126	0.087	25	3.97098208683	0.0436373361699	-72.0423328262
peth	85.0	0.126	0.087	26	3.97189642756	0.0800031445245	157.52134037
peth	85.0	0.126	0.087	27	3.97275121149	0.0436611571111	-72.0507244102
peth	85.0	0.126	0.087	28	3.97366591687	0.0799808004619	157.435659113
peth	85.0	0.126	0.087	29	3.97973712048	0.0939074292909	196.410101241
peth	85.0	0.126	0.087	30	3.98170766818	0.0515833243373	68.2911856703
peth	85.0	0.126	0.087	31	3.98150590802	0.0941845887784	196.534920164
peth	85.0	0.126	0.087	32	3.9832750848	0.0944419992789	196.663823966
peth	85.0	0.126	0.087	33	3.98389212305	0.0388481680932	58.6189272799
peth	85.0	0.126	0.087	34	3.98866289857	0.0689391977682	-23.8990592913
peth	85.0	0.126	0.087	35	3.99066572321	0.0584525514594	-18.2108205618
peth	85.0	0.126	0.087	36	3.99314552716	0.0124392001532	157.076730373
peth	85.0	0.126	0.087	37	3.99486033315	0.0549423301201	-68.2326457428
peth	85.0	0.126	0.087	38	3.99693649267	0.0437320506228	-71.658060825
peth	85.0	0.126	0.087	39	4.00387059186	0.017535799761	194.353336398
peth	85.0	0.126	0.087	40	4.00568133294	0.0966283093261	198.486712684
peth	85.0	0.126	0.087	41	4.00745062278	0.0967105572908	198.634068576
peth	85.0	0.126	0.087	42	4.0861004598	0.000683091069522	-9.85203575227
scyllo-inositol	85.0	0.044	0.087	0	3.34	5.97168277185	-8.1333918888
taurine	85.0	0.117	0.085	0	3.2209127337	0.207327626707	217.328634956
taurine	85.0	0.117	0.085	1	3.22397870406	0.170702069939	189.488260687
taurine	85.0	0.117	0.085	2	3.24325476009	0.486790116567	-6.21254635992
taurine	85.0	0.117	0.085	3	3.24589851032	0.453235447264	-7.46180259757
taurine	85.0	0.117	0.085	4	3.24772584198	0.0218255401877	-25.1309438994
taurine	85.0	0.117	0.085	5	3.26532934784	0.286790003034	142.182188841
taurine	85.0	0.117	0.085	6	3.26768692835	0.322684244238	159.269012396
taurine	85.0	0.117	0.085	7	3.39881286344	0.324320034562	185.115075884
taurine	85.0	0.117	0.085	8	3.40117086037	0.286050761906	202.116366619
taurine	85.0	0.117	0.085	9	3.41877394265	0.0219334508249	9.39704866466
taurine	85.0	0.117	0.085	10	3.42060151189	0.455693200241	-8.24636892409
taurine	85.0	0.117	0.085	11	3.42324875813	0.48930976203	-9.48361665471
taurine	85.0	0.117	0.085	12	3.44252147965	0.170658688895	155.568353663
taurine	85.0	0.117	0.085	13	3.4455870826	0.207596789806	127.471513822
lm1	85.0	1.0	0.945781	L	50.72009	3.550126	-1.138201
lm2	85.0	1.0	1.475781	L	54.12614	2.855701	0.05457026
lm3	85.0	1.0	1.705781	L	68.32043	3.90728	-0.06015777
lm4	85.0	1.0	2.115781	L	96.4358	4.719139	-0.09620739
lm5	85.0	1.0	2.315781	L	69.70896	2.784562	-0.5775946
lm6	85.0	1.0	3.015781	L	42.72932	1.01768	-0.6582785
lm7	85.0	1.0	3.9854041	L	29.64625	1.209407	0.2889715
lm8	85.0	1.0	7.125781	L	274.476	4.046641	0.3027004
lm9	85.0	1.0	7.855781	L	37.37627	1.313574	0.02022181
lm10	85.0	1.0	2.655781	L	121.4557	2.349968	-0.5826102
lm11	85.0	1.0	1.235781	L	30.68139	0.7444791	-1.138201
lm12	85.0	1.0	-0.62824	L	1789.202	21.51878	-3.652967
lm13	85.0	1.0	3.295781	L	109.4958	1.665539	0.1635756
lm14	85.0	1.0	3.705781	L	169.6304	4.873533	-1.354319
