;PINTS for FITMAN Simulation Output
;Experiment Information
;---------------------------------------------------------------------------
;Name: semi-LASER
;Created: 2017_10_30
;Comment: Density-matrix simulations of metabolites using PyGAMMA and metabolite parameters from V. Govindaraju et. al, NMR Biomed. 2000;13:129-153
;PI: bartha-olemew
;b0: 297.2
;49 Metabolites: alanine, aspartate, choline_1-CH2_2-CH2, choline_N(CH3)3_a, choline_N(CH3)3_b, creatine_N(CH3), creatine_X, d-glucose-alpha, d-glucose-beta, gaba, glutamate, glutamine, glutathione_cysteine, glutathione_glutamate, glutathione_glycine, glycine, gpc_7-CH2_8-CH2, gpc_glycerol, gpc_N(CH3)3_a, gpc_N(CH3)3_b, lactate, myoinositol, naa_acetyl, naa_aspartate, naag_acetyl, naag_aspartyl, naag_glutamate, pcho_N(CH3)3_a, pcho_N(CH3)3_b, pcho_X, pcr_N(CH3), pcr_X, peth, scyllo-inositol, taurine, lm1, lm2, lm3, lm4, lm5, lm6, lm7, lm8, lm9, lm10, lm11, lm12, lm13, lm14
;Simulation Results
;---------------------------------------------------------------------------
alanine	75.0	0.078	0.087	0	1.45442088499	0.555885629604	263.504732585
alanine	75.0	0.078	0.087	1	1.45459591811	0.178037503387	-86.2987307595
alanine	75.0	0.078	0.087	2	1.47882102781	0.313332760871	242.219876323
alanine	75.0	0.078	0.087	3	3.7382838008	0.0892551548446	268.39932766
alanine	75.0	0.078	0.087	4	3.7625904312	0.309488332723	79.2429528086
alanine	75.0	0.078	0.087	5	3.78693034889	0.309415797634	257.316068896
alanine	75.0	0.078	0.087	6	3.81130127456	0.100557227162	72.8420011284
choline_N(CH3)3_a	75.0	0.165	0.121	0	3.18308188091	1.33077697626	-5.61581754643
choline_N(CH3)3_a	75.0	0.165	0.121	1	3.18499956206	0.0971889537709	-25.6931169435
choline_N(CH3)3_a	75.0	0.165	0.121	2	3.1849995621	0.108444833045	164.63558497
choline_N(CH3)3_a	75.0	0.165	0.121	3	3.18499956221	0.0867227776149	80.9615934901
choline_N(CH3)3_a	75.0	0.165	0.121	4	3.18499956237	0.125782161961	239.701975842
choline_N(CH3)3_a	75.0	0.165	0.121	5	3.18691747771	0.110234448174	11.0466441849
choline_N(CH3)3_a	75.0	0.165	0.121	6	3.18691797301	0.134473245612	96.3099646841
choline_N(CH3)3_a	75.0	0.165	0.121	7	3.18691746257	0.0270913666618	182.747825496
choline_N(CH3)3_a	75.0	0.165	0.121	8	3.18691790016	0.0363574482769	-70.3866958305
choline_N(CH3)3_a	75.0	0.165	0.121	9	3.1869179003	0.0154844041995	236.741033721
aspartate	75.0	0.117	0.087	0	2.60315461543	0.133029686673	-80.9320562579
aspartate	75.0	0.117	0.087	1	2.63321004478	0.16739426467	104.677112645
aspartate	75.0	0.117	0.087	2	2.66178300881	0.389266650034	242.834025735
aspartate	75.0	0.117	0.087	3	2.69183843816	0.227171514395	20.2008412955
aspartate	75.0	0.117	0.087	4	2.77093866344	0.339227771952	-58.4823555971
aspartate	75.0	0.117	0.087	5	2.78379157363	0.315284529952	194.188606612
aspartate	75.0	0.117	0.087	6	2.82956705682	0.141386129908	-86.5668868674
aspartate	75.0	0.117	0.087	7	2.84241996702	0.166777541071	103.203403993
aspartate	75.0	0.117	0.087	8	3.8701699882	0.19107652578	148.715172885
aspartate	75.0	0.117	0.087	9	3.8830228984	0.218581296395	35.0957607434
aspartate	75.0	0.117	0.087	10	3.90022541756	0.252157476172	-46.2572298256
aspartate	75.0	0.117	0.087	11	3.91307832775	0.248238338377	179.931251667
choline_1-CH2_2-CH2	75.0	0.165	0.087	0	3.48361244226	0.370589868227	131.759189779
choline_1-CH2_2-CH2	75.0	0.165	0.087	1	3.4838750549	0.00841711593013	66.3721657036
choline_1-CH2_2-CH2	75.0	0.165	0.087	2	3.49445839998	0.179736164663	45.5323617514
choline_1-CH2_2-CH2	75.0	0.165	0.087	3	3.49451015708	0.0194706249754	-75.2878882594
choline_1-CH2_2-CH2	75.0	0.165	0.087	4	3.50049319719	0.303914712869	-8.1773176146
choline_1-CH2_2-CH2	75.0	0.165	0.087	5	3.50001051972	0.00182558890666	232.195400667
choline_1-CH2_2-CH2	75.0	0.165	0.087	6	3.50095191714	0.0851898766235	-74.2405071501
choline_1-CH2_2-CH2	75.0	0.165	0.087	7	3.50738537302	0.166948438278	-63.9014277561
choline_1-CH2_2-CH2	75.0	0.165	0.087	8	3.50734198018	0.015988651407	26.1448766052
choline_1-CH2_2-CH2	75.0	0.165	0.087	9	3.50743404668	0.0373383926251	100.307172795
choline_1-CH2_2-CH2	75.0	0.165	0.087	10	3.51776425311	0.352226382321	209.318948797
choline_1-CH2_2-CH2	75.0	0.165	0.087	11	3.51755593319	0.0384066102849	92.006755577
choline_1-CH2_2-CH2	75.0	0.165	0.087	12	3.51797091101	0.0285232229309	-51.3813835831
choline_1-CH2_2-CH2	75.0	0.165	0.087	13	3.59567488242	0.00119938549648	114.861275044
choline_1-CH2_2-CH2	75.0	0.165	0.087	14	3.59567659002	0.0028124127168	-62.4601463759
choline_1-CH2_2-CH2	75.0	0.165	0.087	15	3.9504856488	0.00141261785021	47.0873460446
choline_1-CH2_2-CH2	75.0	0.165	0.087	16	3.95931453976	0.00139683194892	46.6721795312
choline_1-CH2_2-CH2	75.0	0.165	0.087	17	4.0283936048	0.176325908359	135.670465243
choline_1-CH2_2-CH2	75.0	0.165	0.087	18	4.03722524511	0.173767072057	134.067903867
choline_1-CH2_2-CH2	75.0	0.165	0.087	19	4.03877243839	0.0830802974319	48.2558453684
choline_1-CH2_2-CH2	75.0	0.165	0.087	20	4.04565784528	0.149440243101	-8.22238576889
choline_1-CH2_2-CH2	75.0	0.165	0.087	21	4.04585662236	0.00219028004024	113.137061736
choline_1-CH2_2-CH2	75.0	0.165	0.087	22	4.04715282611	0.126456866195	51.141579334
choline_1-CH2_2-CH2	75.0	0.165	0.087	23	4.05169568293	0.0826333409839	-61.8245967192
choline_1-CH2_2-CH2	75.0	0.165	0.087	24	4.05450107815	0.153892510899	-7.22102408485
choline_1-CH2_2-CH2	75.0	0.165	0.087	25	4.05639419526	0.012369820871	6.78047577074
choline_1-CH2_2-CH2	75.0	0.165	0.087	26	4.05649512241	0.0151227928975	266.024580045
choline_1-CH2_2-CH2	75.0	0.165	0.087	27	4.06052691558	0.082363834731	-61.1019037116
choline_1-CH2_2-CH2	75.0	0.165	0.087	28	4.06252300293	0.165114828282	212.769833637
choline_1-CH2_2-CH2	75.0	0.165	0.087	29	4.06340115557	0.0473969571433	9.60304151212
choline_1-CH2_2-CH2	75.0	0.165	0.087	30	4.06931808487	0.00742914898052	215.354583865
choline_1-CH2_2-CH2	75.0	0.165	0.087	31	4.06941901201	0.0128584837118	62.328030835
choline_1-CH2_2-CH2	75.0	0.165	0.087	32	4.07134914535	0.164828686783	213.681199746
choline_1-CH2_2-CH2	75.0	0.165	0.087	33	4.08012971776	0.0874569224548	9.93269889369
creatine_N(CH3)	75.0	0.296	0.09	0	3.027	2.95561133801	-2.71892343862
creatine_X	75.0	0.296	0.081	0	3.913	1.98867180409	-7.57813088511
d-glucose-alpha	75.0	0.049	0.087	0	3.31841721022	0.0037053193731	260.594401151
d-glucose-alpha	75.0	0.049	0.087	1	3.34960924892	0.00478085680544	14.6099792654
d-glucose-alpha	75.0	0.049	0.087	2	3.35205648907	0.00649580915384	-54.8083294297
d-glucose-alpha	75.0	0.049	0.087	3	3.3522671946	0.00174015912449	267.97335965
d-glucose-alpha	75.0	0.049	0.087	4	3.36153952056	0.12838145137	239.15451144
d-glucose-alpha	75.0	0.049	0.087	5	3.36382791614	0.0184191426888	121.685361959
d-glucose-alpha	75.0	0.049	0.087	6	3.38339645943	0.0112410503413	82.610786899
d-glucose-alpha	75.0	0.049	0.087	7	3.3927677862	0.13982836258	9.95544481082
d-glucose-alpha	75.0	0.049	0.087	8	3.39388487449	0.0134817470405	82.3043115022
d-glucose-alpha	75.0	0.049	0.087	9	3.394450612	0.075097442983	-13.6811544937
d-glucose-alpha	75.0	0.049	0.087	10	3.39492544199	0.00841124038281	-82.6813913926
d-glucose-alpha	75.0	0.049	0.087	11	3.39525519272	0.00490716993182	144.310857446
d-glucose-alpha	75.0	0.049	0.087	12	3.40386806602	0.0199672526184	-54.1541816208
d-glucose-alpha	75.0	0.049	0.087	13	3.42508943088	0.21012660579	81.6875632122
d-glucose-alpha	75.0	0.049	0.087	14	3.43530476987	0.0217663823802	52.1380318187
d-glucose-alpha	75.0	0.049	0.087	15	3.43727629375	0.00543289088143	-19.9340840923
d-glucose-alpha	75.0	0.049	0.087	16	3.46873633663	0.0039236701467	83.0564809008
d-glucose-alpha	75.0	0.049	0.087	17	3.49504874224	0.139933429698	170.79937957
d-glucose-alpha	75.0	0.049	0.087	18	3.50776800417	0.191198661888	67.9317832927
d-glucose-alpha	75.0	0.049	0.087	19	3.52713854133	0.142274903588	-88.0054685376
d-glucose-alpha	75.0	0.049	0.087	20	3.52745735546	0.171077792847	267.625579435
d-glucose-alpha	75.0	0.049	0.087	21	3.53998559898	0.291571677843	175.181355757
d-glucose-alpha	75.0	0.049	0.087	22	3.66849471926	0.292682523007	251.152224086
d-glucose-alpha	75.0	0.049	0.087	23	3.70013442003	0.476632719576	-11.9020067104
d-glucose-alpha	75.0	0.049	0.087	24	3.71005637465	0.0733391664421	85.9620390147
d-glucose-alpha	75.0	0.049	0.087	25	3.71259399122	0.0407629563682	96.9737981011
d-glucose-alpha	75.0	0.049	0.087	26	3.72175277214	0.0421511226248	50.6367314359
d-glucose-alpha	75.0	0.049	0.087	27	3.73208398268	0.161792964889	110.436862835
d-glucose-alpha	75.0	0.049	0.087	28	3.73240799266	0.231854601095	14.6932476634
d-glucose-alpha	75.0	0.049	0.087	29	3.75205244551	0.0747199888557	10.7734353807
d-glucose-alpha	75.0	0.049	0.087	30	3.75317391984	0.022505664409	246.563866898
d-glucose-alpha	75.0	0.049	0.087	31	3.75318243497	0.00473381628052	-81.3044871374
d-glucose-alpha	75.0	0.049	0.087	32	3.76248379704	0.0346681165453	-49.6706484647
d-glucose-alpha	75.0	0.049	0.087	33	3.77310126183	0.105994810619	-18.2771558489
d-glucose-alpha	75.0	0.049	0.087	34	3.77418055991	0.11127301785	73.4596160982
d-glucose-alpha	75.0	0.049	0.087	35	3.79605884206	0.135567627296	254.870690862
d-glucose-alpha	75.0	0.049	0.087	36	3.80031819401	0.137952476175	82.5674414834
d-glucose-alpha	75.0	0.049	0.087	37	3.80712635891	0.154035445108	-11.9998829985
d-glucose-alpha	75.0	0.049	0.087	38	3.81079310809	0.169805842242	82.5890209211
d-glucose-alpha	75.0	0.049	0.087	39	3.81305082052	0.0583921423082	-64.9793599551
d-glucose-alpha	75.0	0.049	0.087	40	3.81821964441	0.0899887757829	96.6932344735
d-glucose-alpha	75.0	0.049	0.087	41	3.82249258534	0.0342548768225	64.760121757
d-glucose-alpha	75.0	0.049	0.087	42	3.82805184647	0.0458815428894	-86.1205258893
d-glucose-alpha	75.0	0.049	0.087	43	3.82815820287	0.117166663582	262.407605597
d-glucose-alpha	75.0	0.049	0.087	44	3.83328628595	0.113448709757	265.27076008
d-glucose-alpha	75.0	0.049	0.087	45	3.83321853085	0.0386631281226	-89.0113063838
d-glucose-alpha	75.0	0.049	0.087	46	3.84805406137	0.066803541501	192.696128885
d-glucose-alpha	75.0	0.049	0.087	47	3.84848326053	0.22896590625	-40.6198811681
d-glucose-alpha	75.0	0.049	0.087	48	3.85319182651	0.0604112933498	19.7845245358
d-glucose-alpha	75.0	0.049	0.087	49	3.85274851399	0.074271208789	235.669795856
d-glucose-alpha	75.0	0.049	0.087	50	3.85362956892	0.0930384906135	-79.689501178
d-glucose-alpha	75.0	0.049	0.087	51	3.89685285183	0.00182548128602	-72.3014893867
d-glucose-alpha	75.0	0.049	0.087	52	3.92864974586	0.000811404720295	117.259203816
choline_N(CH3)3_b	75.0	0.165	0.121	0	3.18308188064	1.6623522022	-5.61582056098
choline_N(CH3)3_b	75.0	0.165	0.121	1	3.18499956197	0.186524046721	221.101096708
choline_N(CH3)3_b	75.0	0.165	0.121	2	3.18499956219	0.358077465741	-7.5009548454
choline_N(CH3)3_b	75.0	0.165	0.121	3	3.18499956235	0.0881207262228	174.231106744
choline_N(CH3)3_b	75.0	0.165	0.121	4	3.18499956213	0.0329512948777	84.3292938608
choline_N(CH3)3_b	75.0	0.165	0.121	5	3.1849995623	0.294495389983	-11.6263708631
choline_N(CH3)3_b	75.0	0.165	0.121	6	3.18499956248	0.0620617002647	-24.4709450162
choline_N(CH3)3_b	75.0	0.165	0.121	7	3.18499956257	0.0351098643821	-87.2058069988
choline_N(CH3)3_b	75.0	0.165	0.121	8	3.18691768995	0.597266885853	-6.317716202
choline_N(CH3)3_b	75.0	0.165	0.121	9	3.18691746553	0.0886219438127	131.999643707
choline_N(CH3)3_b	75.0	0.165	0.121	10	3.18691767991	0.0137751019708	200.632398582
choline_N(CH3)3_b	75.0	0.165	0.121	11	3.18691822603	0.0712672129732	35.5437325497
choline_N(CH3)3_b	75.0	0.165	0.121	12	3.18691810484	0.0381871788314	-69.1051665466
glutamate	75.0	0.898	0.088	0	1.96706804127	0.0166362591756	40.8790638939
glutamate	75.0	0.898	0.088	1	1.99095721283	0.0659317733669	221.256029496
glutamate	75.0	0.898	0.088	2	1.99400006985	0.0356640575766	211.255889421
glutamate	75.0	0.898	0.088	3	2.01485536067	0.0168036545709	69.0104390165
glutamate	75.0	0.898	0.088	4	2.01735613864	0.0510579251263	-12.1702220622
glutamate	75.0	0.898	0.088	5	2.01806205099	0.0316878290615	48.0124420509
glutamate	75.0	0.898	0.088	6	2.04018765675	0.00866774575628	91.3655824657
glutamate	75.0	0.898	0.088	7	2.04150922931	0.0690182577749	178.148696911
glutamate	75.0	0.898	0.088	8	2.04412977497	0.0138379391249	155.16734261
glutamate	75.0	0.898	0.088	9	2.06405000071	0.0607399511612	22.0056074084
glutamate	75.0	0.898	0.088	10	2.06745024183	0.0288223090174	235.537294474
glutamate	75.0	0.898	0.088	11	2.06757806156	0.0400628241136	75.4480716392
glutamate	75.0	0.898	0.088	12	2.06815184861	0.0206892710937	0.571791652989
glutamate	75.0	0.898	0.088	13	2.08373400035	0.0578019934873	131.796401607
glutamate	75.0	0.898	0.088	14	2.0916096957	0.0396839469403	-6.14839731628
glutamate	75.0	0.898	0.088	15	2.09240443802	0.0770946959147	125.165803088
glutamate	75.0	0.898	0.088	16	2.10826232309	0.0279392311668	100.840116161
glutamate	75.0	0.898	0.088	17	2.10938326002	0.026977199974	-80.9827336948
glutamate	75.0	0.898	0.088	18	2.11718319984	0.0335440828032	257.511215636
glutamate	75.0	0.898	0.088	19	2.11766375294	0.0425684715355	100.636978058
glutamate	75.0	0.898	0.088	20	2.13365533689	0.0855215581468	53.4700407009
glutamate	75.0	0.898	0.088	21	2.1414089918	0.0303735877551	-31.6734096047
glutamate	75.0	0.898	0.088	22	2.14323256942	0.0405893123929	20.7465513026
glutamate	75.0	0.898	0.088	23	2.15745696313	0.0438924727891	236.795596136
glutamate	75.0	0.898	0.088	24	2.15947305764	0.035938940794	227.988819198
glutamate	75.0	0.898	0.088	25	2.16730562707	0.0508174839668	203.809155457
glutamate	75.0	0.898	0.088	26	2.18329414391	0.0245909064932	4.86375505511
glutamate	75.0	0.898	0.088	27	2.24688989807	0.0020567049492	137.151651064
glutamate	75.0	0.898	0.088	28	2.2677995574	0.00242920744524	265.029038365
glutamate	75.0	0.898	0.088	29	2.29124784399	0.0024258667827	212.650997353
glutamate	75.0	0.898	0.088	30	2.29149237058	0.00227655863588	153.646623345
glutamate	75.0	0.898	0.088	31	2.32097462807	0.436842286497	226.759829067
glutamate	75.0	0.898	0.088	32	2.34489607928	0.277605673904	33.972978952
glutamate	75.0	0.898	0.088	33	2.34737262896	0.256562628509	24.7099286383
glutamate	75.0	0.898	0.088	34	2.36913883009	0.150517229146	196.114753992
glutamate	75.0	0.898	0.088	35	2.37369633668	0.172972843853	176.801661103
glutamate	75.0	0.898	0.088	36	3.72336322992	0.224778419402	146.359711959
glutamate	75.0	0.898	0.088	37	3.73950726328	0.211779501105	-11.3298802435
glutamate	75.0	0.898	0.088	38	3.74731134349	0.200281637113	-9.64239673821
glutamate	75.0	0.898	0.088	39	3.76351012052	0.206427005034	198.028012873
gaba	75.0	0.155	0.082	0	1.83609170247	0.0329144723502	75.6817654371
gaba	75.0	0.155	0.082	1	1.83815637494	0.0350276163073	-10.9743216413
gaba	75.0	0.155	0.082	2	1.85696880793	0.00729567498292	-85.6052874152
gaba	75.0	0.155	0.082	3	1.86144030308	0.179678353496	247.531591075
gaba	75.0	0.155	0.082	4	1.8630071922	0.0419813776558	-88.035684263
gaba	75.0	0.155	0.082	5	1.86531540028	0.0222303506567	226.699099688
gaba	75.0	0.155	0.082	6	1.86824473535	0.00520086728995	191.924598649
gaba	75.0	0.155	0.082	7	1.88233249604	0.0106079260454	49.6765922943
gaba	75.0	0.155	0.082	8	1.88602448326	0.102789314018	48.1519215335
gaba	75.0	0.155	0.082	9	1.8864312731	0.117016948699	3.09771834162
gaba	75.0	0.155	0.082	10	1.88870976015	0.0701562159622	-0.908467279205
gaba	75.0	0.155	0.082	11	1.88877855074	0.070074908484	-21.7806515365
gaba	75.0	0.155	0.082	12	1.89157806375	0.0103491051149	-22.6892818304
gaba	75.0	0.155	0.082	13	1.89335261366	0.0113888110244	-30.3687986511
gaba	75.0	0.155	0.082	14	1.90683793964	0.0209625434493	233.680615532
gaba	75.0	0.155	0.082	15	1.91118485162	0.235708797583	203.670881779
gaba	75.0	0.155	0.082	16	1.91183944751	0.150064429993	180.758108408
gaba	75.0	0.155	0.082	17	1.9136613237	0.0734253078226	184.243668203
gaba	75.0	0.155	0.082	18	1.91681234779	0.0312880023348	168.984317502
gaba	75.0	0.155	0.082	19	1.93570839362	0.0381575558531	-11.5239790411
gaba	75.0	0.155	0.082	20	1.93776531495	0.05943675963	39.3594364597
gaba	75.0	0.155	0.082	21	2.260162283	0.508010366714	225.678752163
gaba	75.0	0.155	0.082	22	2.27605880089	0.00138457549073	94.1445804199
gaba	75.0	0.155	0.082	23	2.28054561214	0.0103408473471	62.063128622
gaba	75.0	0.155	0.082	24	2.28467237777	0.622325441655	32.9399867279
gaba	75.0	0.155	0.082	25	2.2874302733	0.00950165831525	3.71784114141
gaba	75.0	0.155	0.082	26	2.29214535111	0.00096392990974	215.299280597
gaba	75.0	0.155	0.082	27	2.30856989226	0.15400315429	197.565999269
gaba	75.0	0.155	0.082	28	2.31017643225	0.166410739511	186.600154454
gaba	75.0	0.155	0.082	29	2.98809658518	0.442465699432	200.547257696
gaba	75.0	0.155	0.082	30	3.00446935579	0.000865538683198	53.3353981035
gaba	75.0	0.155	0.082	31	3.00796505668	0.0733778533379	37.5463181547
gaba	75.0	0.155	0.082	32	3.01092658275	0.170630585842	14.2472964861
gaba	75.0	0.155	0.082	33	3.01391985261	0.482791599994	-7.84847780426
gaba	75.0	0.155	0.082	34	3.01571772416	0.0464270782867	-24.7217448423
gaba	75.0	0.155	0.082	35	3.01767504913	0.054557837093	-38.642774973
gaba	75.0	0.155	0.082	36	3.01953102522	0.0175918672592	-52.4009833931
gaba	75.0	0.155	0.082	37	3.03849805484	0.456769897339	159.645115843
d-glucose-beta	75.0	0.049	0.087	0	3.13263315544	0.00267521275744	241.320395956
d-glucose-beta	75.0	0.049	0.087	1	3.15958057541	0.00132272250247	17.0197996435
d-glucose-beta	75.0	0.049	0.087	2	3.18004770579	0.0022352372708	190.346294254
d-glucose-beta	75.0	0.049	0.087	3	3.18503041038	0.0029621061755	179.321952487
d-glucose-beta	75.0	0.049	0.087	4	3.19557559403	0.00927855463671	170.32828986
d-glucose-beta	75.0	0.049	0.087	5	3.19817436453	0.00671925581595	144.468680692
d-glucose-beta	75.0	0.049	0.087	6	3.19858675256	0.00853371591394	206.657216472
d-glucose-beta	75.0	0.049	0.087	7	3.20041190345	0.0934220210949	226.459605864
d-glucose-beta	75.0	0.049	0.087	8	3.20251817899	0.0140632871762	217.442125689
d-glucose-beta	75.0	0.049	0.087	9	3.2045948496	0.00195774931032	-87.9616255887
d-glucose-beta	75.0	0.049	0.087	10	3.20559535773	0.00407042972947	259.884738482
d-glucose-beta	75.0	0.049	0.087	11	3.20675845717	0.00170565387622	-27.4694183876
d-glucose-beta	75.0	0.049	0.087	12	3.2115885965	0.00145855507905	-57.214309384
d-glucose-beta	75.0	0.049	0.087	13	3.21199939533	0.000689085066165	-1.50715695131
d-glucose-beta	75.0	0.049	0.087	14	3.22183773397	0.00282354580445	-77.2236023617
d-glucose-beta	75.0	0.049	0.087	15	3.22281796337	0.00291989990877	-1.48656933391
d-glucose-beta	75.0	0.049	0.087	16	3.22496277572	0.00323262191291	-77.2245357614
d-glucose-beta	75.0	0.049	0.087	17	3.22535769294	0.00682323776092	10.3233356735
d-glucose-beta	75.0	0.049	0.087	18	3.22563167541	0.00624464954662	184.079356022
d-glucose-beta	75.0	0.049	0.087	19	3.22665787111	0.00635202520015	-73.6535995453
d-glucose-beta	75.0	0.049	0.087	20	3.22708322431	0.0907274865459	20.8204453311
d-glucose-beta	75.0	0.049	0.087	21	3.22770182397	0.00338100002819	82.8551011045
d-glucose-beta	75.0	0.049	0.087	22	3.22924661962	0.0235411725087	168.264567215
d-glucose-beta	75.0	0.049	0.087	23	3.23025454432	0.0981454280119	-33.4014176754
d-glucose-beta	75.0	0.049	0.087	24	3.23031580935	0.0949215972241	-28.344781961
d-glucose-beta	75.0	0.049	0.087	25	3.23067866278	0.00556861978342	46.1424677486
d-glucose-beta	75.0	0.049	0.087	26	3.2319649208	0.00839114793671	79.8060513498
d-glucose-beta	75.0	0.049	0.087	27	3.23410062413	0.00673476944118	30.8187576449
d-glucose-beta	75.0	0.049	0.087	28	3.23715619294	0.00373117439786	45.3462122702
d-glucose-beta	75.0	0.049	0.087	29	3.24492635208	0.00125555911259	-23.7717497581
d-glucose-beta	75.0	0.049	0.087	30	3.24732303237	0.00212128897281	29.2812615836
d-glucose-beta	75.0	0.049	0.087	31	3.25013935444	0.000923599642762	-38.8839904466
d-glucose-beta	75.0	0.049	0.087	32	3.25212820118	0.00179369715896	16.370115606
d-glucose-beta	75.0	0.049	0.087	33	3.25252085919	0.00586173441535	-38.2954177908
d-glucose-beta	75.0	0.049	0.087	34	3.25353451008	0.0085389751895	103.310106271
d-glucose-beta	75.0	0.049	0.087	35	3.25533801598	0.00996218557855	-69.1869497914
d-glucose-beta	75.0	0.049	0.087	36	3.25710711427	0.132796699184	126.221913779
d-glucose-beta	75.0	0.049	0.087	37	3.25654770161	0.0238340074378	268.003288884
d-glucose-beta	75.0	0.049	0.087	38	3.25846159829	0.00694654077597	227.174772187
d-glucose-beta	75.0	0.049	0.087	39	3.26095138664	0.0137348895413	180.126460031
d-glucose-beta	75.0	0.049	0.087	40	3.26403259453	0.00653336566433	190.446546028
d-glucose-beta	75.0	0.049	0.087	41	3.27183568905	0.00135783208251	128.215435573
d-glucose-beta	75.0	0.049	0.087	42	3.27422061941	0.00291269604477	178.371844227
d-glucose-beta	75.0	0.049	0.087	43	3.27705057309	0.000968170559037	110.958293327
d-glucose-beta	75.0	0.049	0.087	44	3.27902799907	0.00232131527223	166.044856657
d-glucose-beta	75.0	0.049	0.087	45	3.29165931783	0.000494000071621	266.902773751
d-glucose-beta	75.0	0.049	0.087	46	3.29449292134	0.000799328899943	-80.4622202101
d-glucose-beta	75.0	0.049	0.087	47	3.29991871606	0.00233771713973	-49.6299919776
d-glucose-beta	75.0	0.049	0.087	48	3.30191391454	0.000530920242944	-28.0063109404
d-glucose-beta	75.0	0.049	0.087	49	3.31850375481	0.000404936399933	48.9869986032
d-glucose-beta	75.0	0.049	0.087	50	3.32136533538	0.000635903790576	74.8271181689
d-glucose-beta	75.0	0.049	0.087	51	3.32496462656	0.00299664105975	222.401840296
d-glucose-beta	75.0	0.049	0.087	52	3.32681063807	0.00298579232844	115.631024104
d-glucose-beta	75.0	0.049	0.087	53	3.32875786796	0.000763394240009	113.620000963
d-glucose-beta	75.0	0.049	0.087	54	3.33061989183	0.00118227278957	186.564430182
d-glucose-beta	75.0	0.049	0.087	55	3.33613253441	0.00108828178654	155.127536509
d-glucose-beta	75.0	0.049	0.087	56	3.35066750155	0.0675893603122	118.344308461
d-glucose-beta	75.0	0.049	0.087	57	3.3516785643	0.098982271799	27.2537184153
d-glucose-beta	75.0	0.049	0.087	58	3.35836355261	0.00206865548012	85.3601688091
d-glucose-beta	75.0	0.049	0.087	59	3.36360172575	0.00198530110593	47.0906002569
d-glucose-beta	75.0	0.049	0.087	60	3.37353843289	0.00301194965706	-26.1810180195
d-glucose-beta	75.0	0.049	0.087	61	3.37410100594	0.00686169337071	247.706900493
d-glucose-beta	75.0	0.049	0.087	62	3.37887639351	0.0490930409046	49.3608438675
d-glucose-beta	75.0	0.049	0.087	63	3.38018726855	0.0115065590519	192.282001988
d-glucose-beta	75.0	0.049	0.087	64	3.3803668744	0.00971017451418	160.471986592
d-glucose-beta	75.0	0.049	0.087	65	3.38134372449	0.215801043005	-19.6041878356
d-glucose-beta	75.0	0.049	0.087	66	3.38056390427	0.00805767326169	87.9630701099
d-glucose-beta	75.0	0.049	0.087	67	3.38197584182	0.0112907871051	232.638751859
d-glucose-beta	75.0	0.049	0.087	68	3.38756194883	0.0630989922381	-24.1184733521
d-glucose-beta	75.0	0.049	0.087	69	3.39629116693	0.0133292969457	-6.42151065256
d-glucose-beta	75.0	0.049	0.087	70	3.40083357329	0.00906448418362	-20.3015614863
d-glucose-beta	75.0	0.049	0.087	71	3.40956716954	0.237028071948	60.5907877081
d-glucose-beta	75.0	0.049	0.087	72	3.41136252604	0.0109668548582	-58.5638256423
d-glucose-beta	75.0	0.049	0.087	73	3.41166235842	0.0204506571612	257.882310595
d-glucose-beta	75.0	0.049	0.087	74	3.41467283492	0.00409504060067	8.40801982736
d-glucose-beta	75.0	0.049	0.087	75	3.42562041143	0.0213819857399	75.0700882287
d-glucose-beta	75.0	0.049	0.087	76	3.4257141022	0.00571659471338	-23.2101808248
d-glucose-beta	75.0	0.049	0.087	77	3.42594187355	0.0209739847212	208.366519485
d-glucose-beta	75.0	0.049	0.087	78	3.42861989321	0.0348210385116	-63.5784736904
d-glucose-beta	75.0	0.049	0.087	79	3.42870986764	0.0353219063326	128.845071913
d-glucose-beta	75.0	0.049	0.087	80	3.43048890489	0.00552531621984	-36.2949853216
d-glucose-beta	75.0	0.049	0.087	81	3.43084359328	0.023667903534	54.8380629552
d-glucose-beta	75.0	0.049	0.087	82	3.43126484221	0.0144452525258	189.313993865
d-glucose-beta	75.0	0.049	0.087	83	3.43362374161	0.0418156593731	-74.8837022445
d-glucose-beta	75.0	0.049	0.087	84	3.43364484754	0.0326210142662	98.5436183008
d-glucose-beta	75.0	0.049	0.087	85	3.44169057606	0.0090272795985	29.3999164969
d-glucose-beta	75.0	0.049	0.087	86	3.44402511598	0.0415511291707	43.4695493246
d-glucose-beta	75.0	0.049	0.087	87	3.44485217982	0.0512959962848	234.126989
d-glucose-beta	75.0	0.049	0.087	88	3.44660935358	0.129779115306	-18.7711547829
d-glucose-beta	75.0	0.049	0.087	89	3.44865236815	0.0203878591527	-59.63672878
d-glucose-beta	75.0	0.049	0.087	90	3.44904084506	0.0340013389336	90.112655949
d-glucose-beta	75.0	0.049	0.087	91	3.45031972775	0.039039283326	242.347711174
d-glucose-beta	75.0	0.049	0.087	92	3.45020391441	0.0725461748088	-40.9281417029
d-glucose-beta	75.0	0.049	0.087	93	3.45242188673	0.00889382064586	4.0230920164
d-glucose-beta	75.0	0.049	0.087	94	3.45393806274	0.0275151995865	59.8684123901
d-glucose-beta	75.0	0.049	0.087	95	3.45512313485	0.0256322772991	0.840106506466
d-glucose-beta	75.0	0.049	0.087	96	3.45757043292	0.0319572119627	-12.5439779887
d-glucose-beta	75.0	0.049	0.087	97	3.45908438221	0.0233226548297	39.7485655122
d-glucose-beta	75.0	0.049	0.087	98	3.46088737645	0.0378610725211	-41.0819576496
d-glucose-beta	75.0	0.049	0.087	99	3.4627910322	0.0245769620867	-43.8078804285
d-glucose-beta	75.0	0.049	0.087	100	3.46981972138	0.0298474999533	23.1227501189
d-glucose-beta	75.0	0.049	0.087	101	3.47217690704	0.00852447593147	225.219134013
d-glucose-beta	75.0	0.049	0.087	102	3.47242700656	0.0268576389113	-77.4809017092
d-glucose-beta	75.0	0.049	0.087	103	3.4731070365	0.0312042212718	-6.26792278756
d-glucose-beta	75.0	0.049	0.087	104	3.47429245956	0.0238984561322	260.687510947
d-glucose-beta	75.0	0.049	0.087	105	3.47613450757	0.035338349366	59.9676231558
d-glucose-beta	75.0	0.049	0.087	106	3.47571252268	0.17017922046	-60.5919711859
d-glucose-beta	75.0	0.049	0.087	107	3.47765406562	0.0620010114766	251.740445758
d-glucose-beta	75.0	0.049	0.087	108	3.4785014223	0.0922331520295	-9.05574265779
d-glucose-beta	75.0	0.049	0.087	109	3.47910645683	0.0427665520971	26.962658402
d-glucose-beta	75.0	0.049	0.087	110	3.47954386003	0.0305025721561	231.572665562
d-glucose-beta	75.0	0.049	0.087	111	3.48061538509	0.0173648773348	-15.2267676295
d-glucose-beta	75.0	0.049	0.087	112	3.48272477671	0.0139486445933	255.702992834
d-glucose-beta	75.0	0.049	0.087	113	3.50594443918	0.0880030172614	248.966438581
d-glucose-beta	75.0	0.049	0.087	114	3.50528922415	0.00862702903815	-85.0975711704
d-glucose-beta	75.0	0.049	0.087	115	3.50796464618	0.0861928631606	193.572611643
d-glucose-beta	75.0	0.049	0.087	116	3.52428259067	0.00350190793157	-14.3059152301
d-glucose-beta	75.0	0.049	0.087	117	3.52912460294	0.00263961804068	-27.9228652553
d-glucose-beta	75.0	0.049	0.087	118	3.54032274472	0.00158033738404	-39.8655873819
d-glucose-beta	75.0	0.049	0.087	119	3.54544274614	0.00123424620187	-28.4169828908
d-glucose-beta	75.0	0.049	0.087	120	3.62418875626	0.00159347557983	-86.5304877966
d-glucose-beta	75.0	0.049	0.087	121	3.62716522639	0.000874727203021	262.896652193
d-glucose-beta	75.0	0.049	0.087	122	3.64220521177	0.002215130613	67.0198871726
d-glucose-beta	75.0	0.049	0.087	123	3.67063000196	0.00388755009362	-38.9390073973
d-glucose-beta	75.0	0.049	0.087	124	3.67239613443	0.00926928841577	145.057381402
d-glucose-beta	75.0	0.049	0.087	125	3.67332573177	0.0108259245611	204.82983529
d-glucose-beta	75.0	0.049	0.087	126	3.67545357497	0.0998066447375	196.051552255
d-glucose-beta	75.0	0.049	0.087	127	3.67653488243	0.0177305884925	138.465753977
d-glucose-beta	75.0	0.049	0.087	128	3.67953152866	0.0215213387709	175.202170817
d-glucose-beta	75.0	0.049	0.087	129	3.68861459356	0.0084366267493	166.686195448
d-glucose-beta	75.0	0.049	0.087	130	3.68980362502	0.0135380204386	90.2186822377
d-glucose-beta	75.0	0.049	0.087	131	3.69283337234	0.11359769176	109.503312395
d-glucose-beta	75.0	0.049	0.087	132	3.69458793556	0.00831715003359	169.252119242
d-glucose-beta	75.0	0.049	0.087	133	3.69721039005	0.00688580083128	94.7882722567
d-glucose-beta	75.0	0.049	0.087	134	3.71098643217	0.00564161457684	185.946713219
d-glucose-beta	75.0	0.049	0.087	135	3.71221087438	0.00127965139288	-88.8957730574
d-glucose-beta	75.0	0.049	0.087	136	3.7122864772	0.00143342370501	269.316708114
d-glucose-beta	75.0	0.049	0.087	137	3.71705652608	0.20890651116	232.988378834
d-glucose-beta	75.0	0.049	0.087	138	3.71942804437	0.0203926562537	220.401798303
d-glucose-beta	75.0	0.049	0.087	139	3.73393429874	0.237165353864	138.354093236
d-glucose-beta	75.0	0.049	0.087	140	3.73396947085	0.241439308293	130.376499872
d-glucose-beta	75.0	0.049	0.087	141	3.73829022573	0.00339851764213	182.717849275
d-glucose-beta	75.0	0.049	0.087	142	3.74150988514	0.00525939662722	136.384001976
d-glucose-beta	75.0	0.049	0.087	143	3.78124585819	0.00394946205407	58.6961840736
d-glucose-beta	75.0	0.049	0.087	144	3.85598398458	0.00387120809041	182.608086637
d-glucose-beta	75.0	0.049	0.087	145	3.85788329204	0.00846782558403	197.659247256
d-glucose-beta	75.0	0.049	0.087	146	3.86109743466	0.236748350324	172.535605179
d-glucose-beta	75.0	0.049	0.087	147	3.86379798145	0.126316959895	155.598562633
d-glucose-beta	75.0	0.049	0.087	148	3.86640191365	0.216404069702	145.98716253
d-glucose-beta	75.0	0.049	0.087	149	3.86950477082	0.00747710419148	138.98994555
d-glucose-beta	75.0	0.049	0.087	150	3.87183246277	0.00403007756579	124.4869029
d-glucose-beta	75.0	0.049	0.087	151	3.90255763559	0.181457184436	206.531271978
d-glucose-beta	75.0	0.049	0.087	152	3.90766385922	0.174706738222	170.637837766
d-glucose-beta	75.0	0.049	0.087	153	4.61672313807	0.50209215221	104.286240038
d-glucose-beta	75.0	0.049	0.087	154	4.64353688627	0.450507933799	254.259982777
glutamine	75.0	0.427	0.087	0	2.02959843313	0.00278090789287	252.453117938
glutamine	75.0	0.427	0.087	1	2.05078450944	0.00436512289147	174.614285123
glutamine	75.0	0.427	0.087	2	2.05771963287	0.00913287115597	183.986155381
glutamine	75.0	0.427	0.087	3	2.05789178012	0.00164827153715	130.377944007
glutamine	75.0	0.427	0.087	4	2.07824700764	0.0733664661763	-31.4755286456
glutamine	75.0	0.427	0.087	5	2.07868983384	0.00409738714845	50.7437829001
glutamine	75.0	0.427	0.087	6	2.08348312725	0.00223418679572	-12.2537907822
glutamine	75.0	0.427	0.087	7	2.08467424299	0.0633491723654	251.286121448
glutamine	75.0	0.427	0.087	8	2.0994120015	0.0631510851096	138.620763386
glutamine	75.0	0.427	0.087	9	2.10110091148	0.0198971926497	165.397841495
glutamine	75.0	0.427	0.087	10	2.10307683112	0.0342574407096	95.9984507
glutamine	75.0	0.427	0.087	11	2.10493052563	0.101766947245	141.490118485
glutamine	75.0	0.427	0.087	12	2.10705943378	0.0450631930195	135.697435909
glutamine	75.0	0.427	0.087	13	2.10978222351	0.0503576522926	83.5084814019
glutamine	75.0	0.427	0.087	14	2.11007205827	0.0902182695691	134.827179307
glutamine	75.0	0.427	0.087	15	2.11574074582	0.0304870270395	75.2112085815
glutamine	75.0	0.427	0.087	16	2.12154007131	0.0228018659391	-11.0027959391
glutamine	75.0	0.427	0.087	17	2.12427844833	0.0898866294513	-22.9163372997
glutamine	75.0	0.427	0.087	18	2.12762581022	0.0567057681318	-24.0470097825
glutamine	75.0	0.427	0.087	19	2.13015833943	0.0313809167899	269.898062489
glutamine	75.0	0.427	0.087	20	2.13152377039	0.139616237563	-71.237256104
glutamine	75.0	0.427	0.087	21	2.1333228175	0.00630539636	-64.396993118
glutamine	75.0	0.427	0.087	22	2.13493755571	0.0547147759927	248.609620445
glutamine	75.0	0.427	0.087	23	2.1368241746	0.0206956162306	-85.6810114331
glutamine	75.0	0.427	0.087	24	2.15336547463	0.0770461362449	92.3767936589
glutamine	75.0	0.427	0.087	25	2.15502822922	0.104323465132	95.4783948722
glutamine	75.0	0.427	0.087	26	2.15542925651	0.00441502305846	-54.4777740247
glutamine	75.0	0.427	0.087	27	2.15894987717	0.00167096823469	65.8600170362
glutamine	75.0	0.427	0.087	28	2.17574695392	0.00681073957991	228.515253374
glutamine	75.0	0.427	0.087	29	2.17923162819	0.00167672570955	-71.3196654409
glutamine	75.0	0.427	0.087	30	2.18381171409	0.00929843429884	198.500570235
glutamine	75.0	0.427	0.087	31	2.20359517008	0.00669520863088	55.8641258759
glutamine	75.0	0.427	0.087	32	2.36519802799	0.0115074589463	-71.0545746932
glutamine	75.0	0.427	0.087	33	2.38775331305	0.00654837981393	150.605642571
glutamine	75.0	0.427	0.087	34	2.38966745144	0.00388267966905	28.2061417389
glutamine	75.0	0.427	0.087	35	2.39609645372	0.00227524410458	190.513525604
glutamine	75.0	0.427	0.087	36	2.39710305104	0.0038429363623	98.3695082583
glutamine	75.0	0.427	0.087	37	2.41664678277	0.219527673711	231.991697747
glutamine	75.0	0.427	0.087	38	2.41946318574	0.212634763722	222.193229946
glutamine	75.0	0.427	0.087	39	2.43873774205	0.216575102191	50.2425741648
glutamine	75.0	0.427	0.087	40	2.44153145281	0.167939534964	33.4980533855
glutamine	75.0	0.427	0.087	41	2.44798085998	0.35775677925	-0.503582387119
glutamine	75.0	0.427	0.087	42	2.46685522022	0.190514421818	195.887401378
glutamine	75.0	0.427	0.087	43	2.47096551616	0.00815932171045	184.163300567
glutamine	75.0	0.427	0.087	44	2.4733738122	0.196035947051	180.313875213
glutamine	75.0	0.427	0.087	45	2.49381314054	0.0042873986425	-38.9985399452
glutamine	75.0	0.427	0.087	46	2.49661363762	0.00500920560274	9.63881048396
glutamine	75.0	0.427	0.087	47	2.5022961936	0.00346880975463	268.855812893
glutamine	75.0	0.427	0.087	48	2.50249445258	0.00398967414398	-64.9894661357
glutamine	75.0	0.427	0.087	49	2.52487964337	0.00357602760958	232.188576162
glutamine	75.0	0.427	0.087	50	2.52498726484	0.00483223523266	142.72940051
glutamine	75.0	0.427	0.087	51	3.73243586238	0.249778218314	152.727872408
glutamine	75.0	0.427	0.087	52	3.75310046291	0.462405163532	-10.9605332811
glutamine	75.0	0.427	0.087	53	3.77384601529	0.205289618443	193.12246868
glutathione_cysteine	75.0	0.194	0.087	0	2.88158786835	0.13582009592	142.900394269
glutathione_cysteine	75.0	0.194	0.087	1	2.90438113802	0.109806038987	-8.42286013695
glutathione_cysteine	75.0	0.194	0.087	2	2.92889438817	0.330793939491	79.1175276893
glutathione_cysteine	75.0	0.194	0.087	3	2.95168765785	0.36413572759	-70.9302539757
glutathione_cysteine	75.0	0.194	0.087	4	2.95222786887	0.348817376968	77.3176684704
glutathione_cysteine	75.0	0.194	0.087	5	2.96913681216	0.344431024036	-83.8075756151
glutathione_cysteine	75.0	0.194	0.087	6	2.9995343887	0.129240891773	14.7871156754
glutathione_cysteine	75.0	0.194	0.087	7	3.01644333198	0.117213493747	211.621187323
glutathione_cysteine	75.0	0.194	0.087	8	4.54107552999	0.260272172581	156.387805121
glutathione_cysteine	75.0	0.194	0.087	9	4.55798447328	0.236228819783	-9.09855434111
glutathione_cysteine	75.0	0.194	0.087	10	4.56386879967	0.229819736067	2.56156176163
glutathione_cysteine	75.0	0.194	0.087	11	4.58077774296	0.264664234947	204.104011517
glutathione_glycine	75.0	0.194	0.087	0	3.769	1.99054721073	-8.78514571834
glutathione_glutamate	75.0	0.194	0.087	0	2.08827591874	0.00211182661132	183.115179636
glutathione_glutamate	75.0	0.194	0.087	1	2.10977037051	0.002457114671	59.8943302679
glutathione_glutamate	75.0	0.194	0.087	2	2.11536997153	0.0516871106005	-50.626285002
glutathione_glutamate	75.0	0.194	0.087	3	2.11861561635	0.0447537048873	-70.6928539028
glutathione_glutamate	75.0	0.194	0.087	4	2.13679450303	0.0770256848635	134.262939567
glutathione_glutamate	75.0	0.194	0.087	5	2.14024092386	0.294597378638	118.920067882
glutathione_glutamate	75.0	0.194	0.087	6	2.14268703687	0.0888091026365	110.076046501
glutathione_glutamate	75.0	0.194	0.087	7	2.16192498206	0.21072162851	-48.7299283067
glutathione_glutamate	75.0	0.194	0.087	8	2.16470784842	0.275091507279	-66.8577271425
glutathione_glutamate	75.0	0.194	0.087	9	2.18632634005	0.240146077659	110.604212268
glutathione_glutamate	75.0	0.194	0.087	10	2.21661279241	0.00409905292104	222.085276759
glutathione_glutamate	75.0	0.194	0.087	11	2.23832992615	0.00213076677741	85.6702269553
glutathione_glutamate	75.0	0.194	0.087	12	2.4489215683	0.0238117629126	-64.8188111791
glutathione_glutamate	75.0	0.194	0.087	13	2.44901335359	0.0227437197133	269.363338855
glutathione_glutamate	75.0	0.194	0.087	14	2.47132756341	0.0415040138931	100.825529315
glutathione_glutamate	75.0	0.194	0.087	15	2.47339497828	0.0251046614447	114.480221319
glutathione_glutamate	75.0	0.194	0.087	16	2.49587607292	0.0345754369376	256.963019992
glutathione_glutamate	75.0	0.194	0.087	17	2.50242414291	0.219592899959	201.41309657
glutathione_glutamate	75.0	0.194	0.087	18	2.52109140789	0.229767316524	213.790374373
glutathione_glutamate	75.0	0.194	0.087	19	2.52487857944	0.194096791936	14.3992228869
glutathione_glutamate	75.0	0.194	0.087	20	2.52676509795	0.18287656121	14.9757509538
glutathione_glutamate	75.0	0.194	0.087	21	2.54566372986	0.368993698874	18.4155801685
glutathione_glutamate	75.0	0.194	0.087	22	2.54935519985	0.159978475018	186.13059637
glutathione_glutamate	75.0	0.194	0.087	23	2.57019248102	0.161124812443	191.492269691
glutathione_glutamate	75.0	0.194	0.087	24	2.57454716012	0.0374384664378	125.804788078
glutathione_glutamate	75.0	0.194	0.087	25	2.59917395165	0.08895994983	-66.9949421775
glutathione_glutamate	75.0	0.194	0.087	26	2.6236748655	0.0292025984707	125.328868194
glutathione_glutamate	75.0	0.194	0.087	27	3.74782061456	0.247887908748	156.990201642
glutathione_glutamate	75.0	0.194	0.087	28	3.76913515678	0.484493147649	-8.63863398491
glutathione_glutamate	75.0	0.194	0.087	29	3.79046810939	0.220400945384	186.514763973
glycine	75.0	0.068	0.087	0	3.548	1.99092763762	-9.03755887878
gpc_N(CH3)3_b	75.0	0.097	0.121	0	3.21008187989	1.6634092789	-6.01430795995
gpc_N(CH3)3_b	75.0	0.097	0.121	1	3.21199956071	0.299765606742	-6.1711786707
gpc_N(CH3)3_b	75.0	0.097	0.121	2	3.21199956067	0.0513736724976	236.215974207
gpc_N(CH3)3_b	75.0	0.097	0.121	3	3.21199956115	0.049564977952	163.479551029
gpc_N(CH3)3_b	75.0	0.097	0.121	4	3.21199956089	0.220626277457	-52.3179411117
gpc_N(CH3)3_b	75.0	0.097	0.121	5	3.2119995611	0.0545863346065	155.613091169
gpc_N(CH3)3_b	75.0	0.097	0.121	6	3.21199956089	0.016739853697	45.5771845071
gpc_N(CH3)3_b	75.0	0.097	0.121	7	3.21391781085	0.562233367187	-7.44440357336
gpc_N(CH3)3_b	75.0	0.097	0.121	8	3.21391774803	0.0460602915899	162.566154199
gpc_N(CH3)3_b	75.0	0.097	0.121	9	3.21391774382	0.652839268301	-4.8574819878
gpc_N(CH3)3_b	75.0	0.097	0.121	10	3.21391790398	0.0182277574597	220.341332778
gpc_N(CH3)3_b	75.0	0.097	0.121	11	3.2139179975	0.219795471999	-40.1354239315
gpc_N(CH3)3_b	75.0	0.097	0.121	12	3.21391802616	0.332052772955	-3.47494160232
gpc_N(CH3)3_b	75.0	0.097	0.121	13	3.21391809238	0.0283913003936	124.501094225
gpc_7-CH2_8-CH2	75.0	0.097	0.087	0	3.59557808424	0.00160644757416	223.567310593
gpc_7-CH2_8-CH2	75.0	0.097	0.087	1	3.64364814087	0.363427968116	98.0408166653
gpc_7-CH2_8-CH2	75.0	0.097	0.087	2	3.6438348234	0.00665053063337	202.130034836
gpc_7-CH2_8-CH2	75.0	0.097	0.087	3	3.65425536588	0.199028140801	23.220692064
gpc_7-CH2_8-CH2	75.0	0.097	0.087	4	3.654252535	0.00940465833233	121.191495953
gpc_7-CH2_8-CH2	75.0	0.097	0.087	5	3.65425836579	0.00418792372988	-32.5233962987
gpc_7-CH2_8-CH2	75.0	0.097	0.087	6	3.65861741681	0.476829470677	-13.4592794033
gpc_7-CH2_8-CH2	75.0	0.097	0.087	7	3.65901798398	0.0138759280819	-85.6647409054
gpc_7-CH2_8-CH2	75.0	0.097	0.087	8	3.66367661928	0.215412504193	-41.5921181552
gpc_7-CH2_8-CH2	75.0	0.097	0.087	9	3.66367651471	0.0183261635106	91.5052213541
gpc_7-CH2_8-CH2	75.0	0.097	0.087	10	3.67391893713	0.401780805812	249.650141222
gpc_7-CH2_8-CH2	75.0	0.097	0.087	11	3.67395206831	0.0279192406168	9.8649855018
gpc_7-CH2_8-CH2	75.0	0.097	0.087	12	3.72172131336	0.000814096488455	-80.8891396511
gpc_7-CH2_8-CH2	75.0	0.097	0.087	13	4.27794776783	0.080376494141	99.5663511063
gpc_7-CH2_8-CH2	75.0	0.097	0.087	14	4.28692505922	0.0802617313529	97.9448102766
gpc_7-CH2_8-CH2	75.0	0.097	0.087	15	4.28818766407	0.0428592534557	29.0984025576
gpc_7-CH2_8-CH2	75.0	0.097	0.087	16	4.2932574753	0.0922793247048	0.2195129054
gpc_7-CH2_8-CH2	75.0	0.097	0.087	17	4.29591312665	0.080220196144	96.7587425722
gpc_7-CH2_8-CH2	75.0	0.097	0.087	18	4.29740039436	0.0582805392525	41.5178378839
gpc_7-CH2_8-CH2	75.0	0.097	0.087	19	4.29760893564	0.039990172071	-37.8370844617
gpc_7-CH2_8-CH2	75.0	0.097	0.087	20	4.29835870659	0.00687915796409	124.083321564
gpc_7-CH2_8-CH2	75.0	0.097	0.087	21	4.30222878606	0.0933205144287	0.449639277027
gpc_7-CH2_8-CH2	75.0	0.097	0.087	22	4.30615438911	0.0430525795446	28.2513723845
gpc_7-CH2_8-CH2	75.0	0.097	0.087	23	4.30658673879	0.0398850776124	-37.1448069711
gpc_7-CH2_8-CH2	75.0	0.097	0.087	24	4.30731814366	0.0877387185778	93.1187733858
gpc_7-CH2_8-CH2	75.0	0.097	0.087	25	4.30820415882	0.0704663740022	243.494662243
gpc_7-CH2_8-CH2	75.0	0.097	0.087	26	4.30847594366	0.0097274587508	-20.1449850024
gpc_7-CH2_8-CH2	75.0	0.097	0.087	27	4.31121083676	0.0942143339276	0.609155612328
gpc_7-CH2_8-CH2	75.0	0.097	0.087	28	4.31313171859	0.0118843868601	186.125235115
gpc_7-CH2_8-CH2	75.0	0.097	0.087	29	4.31387413118	0.00788960286328	80.7690054921
gpc_7-CH2_8-CH2	75.0	0.097	0.087	30	4.31557564822	0.0397962794411	-36.5246527214
gpc_7-CH2_8-CH2	75.0	0.097	0.087	31	4.31619726538	0.0802777934886	95.8506201496
gpc_7-CH2_8-CH2	75.0	0.097	0.087	32	4.31718205436	0.0688170273167	245.382496287
gpc_7-CH2_8-CH2	75.0	0.097	0.087	33	4.3174537663	0.0431369687378	27.9290549131
gpc_7-CH2_8-CH2	75.0	0.097	0.087	34	4.31789718603	0.0087047269059	162.772615669
gpc_7-CH2_8-CH2	75.0	0.097	0.087	35	4.31789720277	0.0026288659204	-77.515417629
gpc_7-CH2_8-CH2	75.0	0.097	0.087	36	4.32250180652	0.0951356709491	0.706374124316
gpc_7-CH2_8-CH2	75.0	0.097	0.087	37	4.32617102248	0.0673147331098	247.231495616
gpc_7-CH2_8-CH2	75.0	0.097	0.087	38	4.32644270595	0.0431809779105	27.8029193058
gpc_7-CH2_8-CH2	75.0	0.097	0.087	39	4.32687501785	0.0397108577199	-35.8704639648
gpc_7-CH2_8-CH2	75.0	0.097	0.087	40	4.32831487917	0.00335732114594	206.360085993
gpc_7-CH2_8-CH2	75.0	0.097	0.087	41	4.32864716427	0.00807457498474	-14.7001676205
gpc_7-CH2_8-CH2	75.0	0.097	0.087	42	4.3314835569	0.0956975211826	0.70047019166
gpc_7-CH2_8-CH2	75.0	0.097	0.087	43	4.33586397748	0.0396676343047	-35.4653044577
gpc_7-CH2_8-CH2	75.0	0.097	0.087	44	4.33747086858	0.0657051441694	249.383111477
gpc_7-CH2_8-CH2	75.0	0.097	0.087	45	4.34645952163	0.0646961765864	250.860690698
gpc_glycerol	75.0	0.097	0.087	0	3.53712165309	0.00237085805518	219.667423624
gpc_glycerol	75.0	0.097	0.087	1	3.54410022421	0.00230277678767	58.2448547116
gpc_glycerol	75.0	0.097	0.087	2	3.54638811193	0.00249286564795	73.3316656085
gpc_glycerol	75.0	0.097	0.087	3	3.54917396702	0.00359133290507	161.885529242
gpc_glycerol	75.0	0.097	0.087	4	3.56198516118	0.0486080089439	142.72483799
gpc_glycerol	75.0	0.097	0.087	5	3.56192788218	0.00336291681523	-17.6978720246
gpc_glycerol	75.0	0.097	0.087	6	3.56463347212	0.014372502717	109.162007499
gpc_glycerol	75.0	0.097	0.087	7	3.56574445655	0.00430219820971	-36.2740622152
gpc_glycerol	75.0	0.097	0.087	8	3.5698110646	0.00248223097298	219.2535543
gpc_glycerol	75.0	0.097	0.087	9	3.57049486335	0.0114350694425	87.530180125
gpc_glycerol	75.0	0.097	0.087	10	3.57288117716	0.0144695624212	36.7130415673
gpc_glycerol	75.0	0.097	0.087	11	3.57336044135	0.00214115771723	159.729744865
gpc_glycerol	75.0	0.097	0.087	12	3.57771069694	0.0113173029117	252.879231123
gpc_glycerol	75.0	0.097	0.087	13	3.57849802279	0.0164992739837	77.8109811487
gpc_glycerol	75.0	0.097	0.087	14	3.58107823257	0.0077049752831	-69.5087992721
gpc_glycerol	75.0	0.097	0.087	15	3.58122747633	0.0396408343212	17.509697343
gpc_glycerol	75.0	0.097	0.087	16	3.58128351126	0.00521643931353	251.60908297
gpc_glycerol	75.0	0.097	0.087	17	3.58297543498	0.00151559141606	230.14776137
gpc_glycerol	75.0	0.097	0.087	18	3.59442149516	0.0120050728762	-13.8515610835
gpc_glycerol	75.0	0.097	0.087	19	3.59512951544	0.0086122838838	100.9860768
gpc_glycerol	75.0	0.097	0.087	20	3.59678339401	0.00330836156196	210.683494978
gpc_glycerol	75.0	0.097	0.087	21	3.59935492928	0.00192194075201	138.239962342
gpc_glycerol	75.0	0.097	0.087	22	3.60600984182	0.00187473374495	-66.3548857349
gpc_glycerol	75.0	0.097	0.087	23	3.61164860094	0.0595720809105	61.32686995
gpc_glycerol	75.0	0.097	0.087	24	3.61161569591	0.0228820713391	265.051731509
gpc_glycerol	75.0	0.097	0.087	25	3.61168545599	0.0190258067439	181.230586806
gpc_glycerol	75.0	0.097	0.087	26	3.61351022951	0.0116746377341	39.8978199488
gpc_glycerol	75.0	0.097	0.087	27	3.61715995907	0.0425053165056	-5.69222755024
gpc_glycerol	75.0	0.097	0.087	28	3.61746620722	0.00920037687635	117.966197217
gpc_glycerol	75.0	0.097	0.087	29	3.61942412374	0.00310161995945	131.599720537
gpc_glycerol	75.0	0.097	0.087	30	3.62542447383	0.0506315090432	-5.89694368904
gpc_glycerol	75.0	0.097	0.087	31	3.62910816806	0.00157351416703	259.061160605
gpc_glycerol	75.0	0.097	0.087	32	3.6303594052	0.088115833563	-11.7040897149
gpc_glycerol	75.0	0.097	0.087	33	3.63098156124	0.0315539159574	-64.6532941766
gpc_glycerol	75.0	0.097	0.087	34	3.63098159004	0.00395060915672	120.81677037
gpc_glycerol	75.0	0.097	0.087	35	3.63312277017	0.0028938396664	79.3987699686
gpc_glycerol	75.0	0.097	0.087	36	3.6473672641	0.0192604602794	250.438126499
gpc_glycerol	75.0	0.097	0.087	37	3.64750187901	0.0592213650938	58.9853271878
gpc_glycerol	75.0	0.097	0.087	38	3.64751896874	0.019643776161	-66.0266386988
gpc_glycerol	75.0	0.097	0.087	39	3.64798114374	0.00194387661292	191.145064741
gpc_glycerol	75.0	0.097	0.087	40	3.64933404729	0.0170474698966	31.6627257989
gpc_glycerol	75.0	0.097	0.087	41	3.6507524004	0.0266481598234	244.324959034
gpc_glycerol	75.0	0.097	0.087	42	3.65345168098	0.0169507094614	13.4609548738
gpc_glycerol	75.0	0.097	0.087	43	3.6568299803	0.0221026238219	-73.5931713809
gpc_glycerol	75.0	0.097	0.087	44	3.65713142765	0.0189413672584	44.4326477259
gpc_glycerol	75.0	0.097	0.087	45	3.65979505991	0.0053948943634	226.904552244
gpc_glycerol	75.0	0.097	0.087	46	3.66080049344	0.0213778725029	4.45044586186
gpc_glycerol	75.0	0.097	0.087	47	3.66275072308	0.0817083449461	-69.186669803
gpc_glycerol	75.0	0.097	0.087	48	3.6758071991	0.000951092696782	148.929016539
gpc_glycerol	75.0	0.097	0.087	49	3.67721533164	0.0058127773778	231.870571458
gpc_glycerol	75.0	0.097	0.087	50	3.68029469481	0.0157131772042	32.8872027788
gpc_glycerol	75.0	0.097	0.087	51	3.69071041699	0.00265272389967	189.373985996
gpc_glycerol	75.0	0.097	0.087	52	3.69717787612	0.0358765495995	-33.5854040496
gpc_glycerol	75.0	0.097	0.087	53	3.6971821981	0.00794249688918	231.517875104
gpc_glycerol	75.0	0.097	0.087	54	3.69851817336	0.00796300478783	39.5629719856
gpc_glycerol	75.0	0.097	0.087	55	3.70064618949	0.017639635109	242.063447342
gpc_glycerol	75.0	0.097	0.087	56	3.70123719352	0.00261858962735	91.8476221704
gpc_glycerol	75.0	0.097	0.087	57	3.70245447363	0.0121738977095	-87.8234105384
gpc_glycerol	75.0	0.097	0.087	58	3.70709486346	0.0143962864185	-68.0712162105
gpc_glycerol	75.0	0.097	0.087	59	3.70913721753	0.0152898652008	231.187037751
gpc_glycerol	75.0	0.097	0.087	60	3.71228827298	0.0466678290252	221.065348845
gpc_glycerol	75.0	0.097	0.087	61	3.71249515818	0.00769977618215	158.387870036
gpc_glycerol	75.0	0.097	0.087	62	3.72492046007	0.00083056460486	-60.5406658356
gpc_glycerol	75.0	0.097	0.087	63	3.73015320779	0.00650119448022	157.315606447
gpc_glycerol	75.0	0.097	0.087	64	3.80401456621	0.0032115131426	-34.4374104407
gpc_glycerol	75.0	0.097	0.087	65	3.80650602466	0.00350699301724	-14.272467829
gpc_glycerol	75.0	0.097	0.087	66	3.80797506672	0.00157308742176	188.4638516
gpc_glycerol	75.0	0.097	0.087	67	3.81155354505	0.00147939244604	72.1236583834
gpc_glycerol	75.0	0.097	0.087	68	3.81246118215	0.00912755401909	230.769162564
gpc_glycerol	75.0	0.097	0.087	69	3.8219021502	0.0174300652376	73.7287918062
gpc_glycerol	75.0	0.097	0.087	70	3.8236775389	0.00345767405737	248.487712107
gpc_glycerol	75.0	0.097	0.087	71	3.82533546253	0.00824718121886	18.1424449869
gpc_glycerol	75.0	0.097	0.087	72	3.826891376	0.0093822557286	21.3310324266
gpc_glycerol	75.0	0.097	0.087	73	3.83735904612	0.125648988865	41.4050583414
gpc_glycerol	75.0	0.097	0.087	74	3.84026356605	0.00505134879407	19.7798839811
gpc_glycerol	75.0	0.097	0.087	75	3.84158553945	0.00700133641255	222.934964678
gpc_glycerol	75.0	0.097	0.087	76	3.84208833958	0.00663227963438	87.0071993316
gpc_glycerol	75.0	0.097	0.087	77	3.84532177124	0.0064869153338	-21.8631151218
gpc_glycerol	75.0	0.097	0.087	78	3.85718276851	0.00237616410586	-6.85653375197
gpc_glycerol	75.0	0.097	0.087	79	3.85753635327	0.0249717736594	109.086710207
gpc_glycerol	75.0	0.097	0.087	80	3.86310410043	0.0172265938912	12.6101644832
gpc_glycerol	75.0	0.097	0.087	81	3.86362325475	0.0069006222243	240.226989737
gpc_glycerol	75.0	0.097	0.087	82	3.86528117596	0.0115312444817	152.855212262
gpc_glycerol	75.0	0.097	0.087	83	3.86663394259	0.00666704128325	78.1549498334
gpc_glycerol	75.0	0.097	0.087	84	3.87387849767	0.053021423777	-15.9038102081
gpc_glycerol	75.0	0.097	0.087	85	3.88018912704	0.0464942286905	-11.320608691
gpc_glycerol	75.0	0.097	0.087	86	3.88267873654	0.00220473136094	34.6122282922
gpc_glycerol	75.0	0.097	0.087	87	3.8851307929	0.0655896213638	83.4433343534
gpc_glycerol	75.0	0.097	0.087	88	3.89026676281	0.0787394917285	-61.4326304007
gpc_glycerol	75.0	0.097	0.087	89	3.89069404916	0.0223507490588	119.163712798
gpc_glycerol	75.0	0.097	0.087	90	3.89253276981	0.0119277735294	249.636054073
gpc_glycerol	75.0	0.097	0.087	91	3.89332608754	0.0147919105235	-50.8841345733
gpc_glycerol	75.0	0.097	0.087	92	3.89413819128	0.0197629250602	200.720700561
gpc_glycerol	75.0	0.097	0.087	93	3.89517645552	0.0640751406404	-9.26188560177
gpc_glycerol	75.0	0.097	0.087	94	3.89504430475	0.0106284477053	112.249252304
gpc_glycerol	75.0	0.097	0.087	95	3.89821850678	0.0164905079843	-74.986978129
gpc_glycerol	75.0	0.097	0.087	96	3.89998870258	0.00670787586577	190.638287324
gpc_glycerol	75.0	0.097	0.087	97	3.90018808711	0.0618681976528	-2.86087704336
gpc_glycerol	75.0	0.097	0.087	98	3.90037086496	0.0572601380524	73.5005559047
gpc_glycerol	75.0	0.097	0.087	99	3.90214892106	0.00793791109089	-14.2570207049
gpc_glycerol	75.0	0.097	0.087	100	3.90234373639	0.0236303007038	189.299495058
gpc_glycerol	75.0	0.097	0.087	101	3.90240667232	0.053083021513	64.0931576806
gpc_glycerol	75.0	0.097	0.087	102	3.9040939934	0.0645184451165	-7.06464435271
gpc_glycerol	75.0	0.097	0.087	103	3.90438530917	0.0106524597597	253.972784819
gpc_glycerol	75.0	0.097	0.087	104	3.90665754566	0.0526764115689	266.898397056
gpc_glycerol	75.0	0.097	0.087	105	3.90801031229	0.0274291665404	12.4605860909
gpc_glycerol	75.0	0.097	0.087	106	3.90965106595	0.0146429784101	-11.8122348003
gpc_glycerol	75.0	0.097	0.087	107	3.91198075936	0.0425889872382	34.2680343543
gpc_glycerol	75.0	0.097	0.087	108	3.91411700182	0.00944417158	120.769553985
gpc_glycerol	75.0	0.097	0.087	109	3.91465503985	0.0370358966932	10.9658041939
gpc_glycerol	75.0	0.097	0.087	110	3.91621012424	0.0214492393943	171.088157361
gpc_glycerol	75.0	0.097	0.087	111	3.91632072121	0.00977992388628	243.078822483
gpc_glycerol	75.0	0.097	0.087	112	3.91928963402	0.0497490819087	255.143065484
gpc_glycerol	75.0	0.097	0.087	113	3.91981509692	0.010288630854	162.053266524
gpc_glycerol	75.0	0.097	0.087	114	3.92062205819	0.0302199370783	-12.4396291194
gpc_glycerol	75.0	0.097	0.087	115	3.92201663417	0.00113476704297	90.8616091928
gpc_glycerol	75.0	0.097	0.087	116	3.92391321896	0.0696056498163	-8.00823974234
gpc_glycerol	75.0	0.097	0.087	117	3.92430452189	0.0238029633271	70.6281132493
gpc_glycerol	75.0	0.097	0.087	118	3.92702354205	0.000965635319129	175.610566246
gpc_glycerol	75.0	0.097	0.087	119	3.93018278932	0.0147689072746	205.87423776
gpc_glycerol	75.0	0.097	0.087	120	3.93171752243	0.0091201759157	121.887987184
gpc_glycerol	75.0	0.097	0.087	121	3.93185977592	0.0173051826404	65.6846716879
gpc_glycerol	75.0	0.097	0.087	122	3.93402962599	0.0102288310383	259.30370294
gpc_glycerol	75.0	0.097	0.087	123	3.94366086651	0.0115598756432	109.383352592
gpc_glycerol	75.0	0.097	0.087	124	3.94432926832	0.00493344541807	50.3910197424
gpc_glycerol	75.0	0.097	0.087	125	3.94594586238	0.00207164954428	203.253173374
gpc_glycerol	75.0	0.097	0.087	126	3.94772747455	0.00926763556017	228.985346605
gpc_glycerol	75.0	0.097	0.087	127	3.94892530987	0.0141168126329	-77.0631244485
gpc_glycerol	75.0	0.097	0.087	128	3.95034989145	0.0137710200015	2.56276350549
gpc_glycerol	75.0	0.097	0.087	129	3.95350400826	0.00596209814745	224.969663119
gpc_glycerol	75.0	0.097	0.087	130	3.95753847857	0.00280260608295	208.012258867
gpc_glycerol	75.0	0.097	0.087	131	3.96070701455	0.104307461746	-52.9673831222
gpc_glycerol	75.0	0.097	0.087	132	3.9608303061	0.0251905297929	268.039969902
gpc_glycerol	75.0	0.097	0.087	133	3.96555307488	0.00144688899734	-41.9421146405
gpc_glycerol	75.0	0.097	0.087	134	3.97110674591	0.0154139681448	-26.2023248788
gpc_glycerol	75.0	0.097	0.087	135	3.97218450993	0.0074874111637	194.587850267
gpc_glycerol	75.0	0.097	0.087	136	3.9734376796	0.018550668749	-84.6037456896
gpc_glycerol	75.0	0.097	0.087	137	3.98093959729	0.021200297191	156.036049295
gpc_glycerol	75.0	0.097	0.087	138	3.98093748923	0.00684613436242	-35.387068047
gpc_glycerol	75.0	0.097	0.087	139	3.9810178318	0.00362079831258	62.4996248596
gpc_glycerol	75.0	0.097	0.087	140	3.98313880554	0.00850239422706	260.591161959
gpc_glycerol	75.0	0.097	0.087	141	3.98536453393	0.00215475069571	36.1781060926
gpc_glycerol	75.0	0.097	0.087	142	3.98842450408	0.00712918327025	103.124043628
gpc_glycerol	75.0	0.097	0.087	143	3.99085659676	0.00320041454277	168.388311145
gpc_glycerol	75.0	0.097	0.087	144	3.99829034924	0.00165188498874	49.943546829
gpc_glycerol	75.0	0.097	0.087	145	4.00146745403	0.00188894582146	45.2274718819
gpc_glycerol	75.0	0.097	0.087	146	4.00269944645	0.00474012211581	138.563317697
gpc_glycerol	75.0	0.097	0.087	147	4.0065617582	0.00933642862434	85.0007371665
gpc_glycerol	75.0	0.097	0.087	148	4.00824283197	0.00363216220211	54.1395323287
gpc_glycerol	75.0	0.097	0.087	149	4.01782892618	0.00298636668144	234.032430487
gpc_N(CH3)3_a	75.0	0.097	0.121	0	3.2100818801	1.33069537279	-6.01429685929
gpc_N(CH3)3_a	75.0	0.097	0.121	1	3.21199956059	0.137521830873	-3.07485466414
gpc_N(CH3)3_a	75.0	0.097	0.121	2	3.21199956077	0.0229185077811	164.99376825
gpc_N(CH3)3_a	75.0	0.097	0.121	3	3.21199956092	0.136695298368	87.015466972
gpc_N(CH3)3_a	75.0	0.097	0.121	4	3.21199956071	0.160173551441	-61.0317366133
gpc_N(CH3)3_a	75.0	0.097	0.121	5	3.21199956096	0.0328665433896	249.705502908
gpc_N(CH3)3_a	75.0	0.097	0.121	6	3.21391762457	0.130098214812	-13.3007988433
gpc_N(CH3)3_a	75.0	0.097	0.121	7	3.21391773299	0.17279425929	133.034654883
gpc_N(CH3)3_a	75.0	0.097	0.121	8	3.21391762358	0.0121982350338	46.1534092137
gpc_N(CH3)3_a	75.0	0.097	0.121	9	3.21391777625	0.0746796439758	200.946631385
gpc_N(CH3)3_a	75.0	0.097	0.121	10	3.21391788132	0.04358519108	242.29502888
lactate	75.0	0.039	0.087	0	1.30247848408	0.168994386474	102.354609446
lactate	75.0	0.039	0.087	1	1.32579723174	0.239302187891	227.456113575
lactate	75.0	0.039	0.087	2	4.06255628652	0.120943297748	254.298351158
lactate	75.0	0.039	0.087	3	4.0858847074	0.377921595877	81.1014075617
lactate	75.0	0.039	0.087	4	4.10920610855	0.358774203542	266.773987963
lactate	75.0	0.039	0.087	5	4.13253700483	0.120253926943	89.2033895412
myoinositol	75.0	0.578	0.087	0	3.15736967482	0.000842253565107	-73.0315995901
myoinositol	75.0	0.578	0.087	1	3.18772796561	0.00142498703723	12.6317262554
myoinositol	75.0	0.578	0.087	2	3.18939356493	0.00142414788319	21.7123375604
myoinositol	75.0	0.578	0.087	3	3.23597298277	0.0948784796231	229.725709113
myoinositol	75.0	0.578	0.087	4	3.2370330575	0.0423213346972	202.524624935
myoinositol	75.0	0.578	0.087	5	3.23687014763	0.00273013531534	137.044448048
myoinositol	75.0	0.578	0.087	6	3.23762574086	0.0317319782513	254.676700987
myoinositol	75.0	0.578	0.087	7	3.26500313727	0.0253840319292	139.386274587
myoinositol	75.0	0.578	0.087	8	3.26729904629	0.0498007593994	211.319142248
myoinositol	75.0	0.578	0.087	9	3.2677608419	0.028124338268	171.613808539
myoinositol	75.0	0.578	0.087	10	3.26751994487	0.112318039117	-13.008887942
myoinositol	75.0	0.578	0.087	11	3.26753007351	0.0303640730231	-22.4348734375
myoinositol	75.0	0.578	0.087	12	3.26797771095	0.0233023471228	140.728390105
myoinositol	75.0	0.578	0.087	13	3.26987604973	0.0204363412371	220.24107734
myoinositol	75.0	0.578	0.087	14	3.29736644022	0.0174140819675	53.8628360408
myoinositol	75.0	0.578	0.087	15	3.29831778928	0.0153726174294	190.258818183
myoinositol	75.0	0.578	0.087	16	3.29850361417	0.0263583186032	244.346505793
myoinositol	75.0	0.578	0.087	17	3.29944040636	0.0659918766005	98.8772632265
myoinositol	75.0	0.578	0.087	18	3.34544819022	0.0015033023396	-57.3836776503
myoinositol	75.0	0.578	0.087	19	3.34727025946	0.00202271627328	-49.4263215058
myoinositol	75.0	0.578	0.087	20	3.34749139027	0.00214561601214	229.304784382
myoinositol	75.0	0.578	0.087	21	3.3560026104	0.00318937905744	-84.5027453597
myoinositol	75.0	0.578	0.087	22	3.35657963099	0.00172229511851	182.38404278
myoinositol	75.0	0.578	0.087	23	3.37718666334	0.000846490621284	171.332561569
myoinositol	75.0	0.578	0.087	24	3.3784005318	0.00554427470882	71.0437990028
myoinositol	75.0	0.578	0.087	25	3.38666478452	0.000930812290608	165.438026809
myoinositol	75.0	0.578	0.087	26	3.38692235571	0.00177689185317	43.2868661856
myoinositol	75.0	0.578	0.087	27	3.38843798204	0.00177784551004	38.3299692214
myoinositol	75.0	0.578	0.087	28	3.49658192183	0.252113561358	119.502185201
myoinositol	75.0	0.578	0.087	29	3.49754696754	0.177097422813	-18.8006383227
myoinositol	75.0	0.578	0.087	30	3.50608341003	0.199025191795	63.9000757737
myoinositol	75.0	0.578	0.087	31	3.5072289649	0.217519490283	-42.9420659042
myoinositol	75.0	0.578	0.087	32	3.53048907682	0.214585686038	253.776457644
myoinositol	75.0	0.578	0.087	33	3.53109263782	0.215242764298	-81.5801950809
myoinositol	75.0	0.578	0.087	34	3.53977319081	0.295396459914	157.002655488
myoinositol	75.0	0.578	0.087	35	3.54070935092	0.301128129348	204.466005181
myoinositol	75.0	0.578	0.087	36	3.58603776043	0.362837065441	-78.8424555722
myoinositol	75.0	0.578	0.087	37	3.58564667855	0.0358049986853	269.197059351
myoinositol	75.0	0.578	0.087	38	3.61677857298	0.524182266029	-24.6017830939
myoinositol	75.0	0.578	0.087	39	3.6194801964	0.476203714731	15.4641268968
myoinositol	75.0	0.578	0.087	40	3.65030246772	0.136061985773	-76.10065651
myoinositol	75.0	0.578	0.087	41	3.65045950575	0.25232180968	225.527716771
myoinositol	75.0	0.578	0.087	42	4.04426208151	0.208089963458	54.0790488845
myoinositol	75.0	0.578	0.087	43	4.04460953064	0.0551254872817	17.5490383193
myoinositol	75.0	0.578	0.087	44	4.05388756401	0.421535500625	-3.36268793087
myoinositol	75.0	0.578	0.087	45	4.05414497781	0.221927859653	-21.4358339414
myoinositol	75.0	0.578	0.087	46	4.06339115027	0.163037116971	-47.8119494185
myoinositol	75.0	0.578	0.087	47	4.06381212867	0.0574431712015	267.846581119
naa_aspartate	75.0	1.0	0.069	0	2.42994712782	0.160515514405	2.06774709646
naa_aspartate	75.0	1.0	0.069	1	2.46264919607	0.169471652869	122.82435177
naa_aspartate	75.0	1.0	0.069	2	2.48240723729	0.291482148175	-69.581655873
naa_aspartate	75.0	1.0	0.069	3	2.51510958417	0.287824336287	43.2724028054
naa_aspartate	75.0	1.0	0.069	4	2.63340731849	0.296037566431	-83.6642658367
naa_aspartate	75.0	1.0	0.069	5	2.64673838176	0.305400679857	173.298439935
naa_aspartate	75.0	1.0	0.069	6	2.68586757468	0.180728644655	213.286640013
naa_aspartate	75.0	1.0	0.069	7	2.69919862729	0.171374881388	90.1551312617
naa_aspartate	75.0	1.0	0.069	8	4.33805226897	0.107347187936	246.530355864
naa_aspartate	75.0	1.0	0.069	9	4.3513830937	0.122391707832	147.664255937
naa_aspartate	75.0	1.0	0.069	10	4.35958461114	0.140001691916	89.6379604405
naa_aspartate	75.0	1.0	0.069	11	4.3707545707	0.135372739899	13.8904127405
naa_aspartate	75.0	1.0	0.069	12	4.37291590033	0.122038037471	-12.3256297333
naa_aspartate	75.0	1.0	0.069	13	4.38408539298	0.121297607755	254.284953586
naa_aspartate	75.0	1.0	0.069	14	4.39228650928	0.105861705075	213.433206129
naa_aspartate	75.0	1.0	0.069	15	4.40561779602	0.117718453684	93.6314057827
naa_acetyl	75.0	1.0	0.13	0	2.008	1.80582391432	37.8863365327
naag_acetyl	75.0	0.16	0.13	0	2.032	1.86506106379	38.8571897965
naag_glutamate	75.0	0.16	0.087	0	1.871	0.478638093753	5.20864805796
naag_glutamate	75.0	0.16	0.087	1	2.039	0.627306702834	38.756104392
naag_glutamate	75.0	0.16	0.087	2	2.17	0.760110505209	29.2747957369
naag_glutamate	75.0	0.16	0.087	3	2.18	0.766993322255	29.2864356915
naag_glutamate	75.0	0.16	0.087	4	4.118	0.994811318979	-6.18622657995
pcho_N(CH3)3_a	75.0	0.058	0.121	0	3.2060818805	1.33023154084	-5.95828645018
pcho_N(CH3)3_a	75.0	0.058	0.121	1	3.20799956077	0.144177917771	12.2040975885
pcho_N(CH3)3_a	75.0	0.058	0.121	2	3.20799956131	0.0748699833508	103.02449905
pcho_N(CH3)3_a	75.0	0.058	0.121	3	3.20799956099	0.191221448089	-47.5108083266
pcho_N(CH3)3_a	75.0	0.058	0.121	4	3.20799956117	0.0246922980797	213.821886542
pcho_N(CH3)3_a	75.0	0.058	0.121	5	3.20991760273	0.101298100112	-9.10974215076
pcho_N(CH3)3_a	75.0	0.058	0.121	6	3.20991776729	0.160732953899	144.344987128
pcho_N(CH3)3_a	75.0	0.058	0.121	7	3.20991756638	0.0685153613875	79.1970908548
pcho_N(CH3)3_a	75.0	0.058	0.121	8	3.20991778446	0.0786360616853	244.435737857
pcho_N(CH3)3_a	75.0	0.058	0.121	9	3.20991781728	0.0940985878263	-29.4438340335
naag_aspartyl	75.0	0.16	0.087	0	2.46274169543	0.223119676056	10.819871921
naag_aspartyl	75.0	0.16	0.087	1	2.49450147826	0.176607873995	135.302668798
naag_aspartyl	75.0	0.16	0.087	2	2.51627255614	0.205963861939	-60.6656010027
naag_aspartyl	75.0	0.16	0.087	3	2.54803233898	0.314921508034	22.0797062904
naag_aspartyl	75.0	0.16	0.087	4	2.68014621287	0.223693660288	-73.4481885434
naag_aspartyl	75.0	0.16	0.087	5	2.69524501619	0.30720740523	173.753669344
naag_aspartyl	75.0	0.16	0.087	6	2.73367707359	0.253345357351	204.050270924
naag_aspartyl	75.0	0.16	0.087	7	2.7487758769	0.152916202868	65.2532123512
naag_aspartyl	75.0	0.16	0.087	8	4.57372264483	0.248518098334	192.916751344
naag_aspartyl	75.0	0.16	0.087	9	4.58882144815	0.25318810667	56.5976680374
naag_aspartyl	75.0	0.16	0.087	10	4.60548242767	0.202857446416	-71.2535369783
naag_aspartyl	75.0	0.16	0.087	11	4.62058123099	0.23768554218	174.374616416
pcho_X	75.0	0.058	0.087	0	3.54205005565	0.000954487884184	-1.48423736547
pcho_X	75.0	0.058	0.087	1	3.62469254029	0.361384586432	109.766529093
pcho_X	75.0	0.058	0.087	2	3.62486445768	0.0118816203052	-85.3316255522
pcho_X	75.0	0.058	0.087	3	3.63118599206	0.0806993765479	60.2498024501
pcho_X	75.0	0.058	0.087	4	3.63118171948	0.00152204599719	154.235210976
pcho_X	75.0	0.058	0.087	5	3.63354046961	0.127069007944	40.3217010058
pcho_X	75.0	0.058	0.087	6	3.64052980469	0.466303334518	-13.8661467515
pcho_X	75.0	0.058	0.087	7	3.64029526097	0.0132483553756	64.9373399383
pcho_X	75.0	0.058	0.087	8	3.64823695608	0.126141453555	-61.6545830982
pcho_X	75.0	0.058	0.087	9	3.64823331038	0.00985652388551	118.333471953
pcho_X	75.0	0.058	0.087	10	3.65059128943	0.105184464897	-74.863323818
pcho_X	75.0	0.058	0.087	11	3.65675166765	0.404787545731	241.272259535
pcho_X	75.0	0.058	0.087	12	3.65690731178	0.00550048227282	78.7413289877
pcho_X	75.0	0.058	0.087	13	3.73913765699	0.00203837135337	-81.4357462359
pcho_X	75.0	0.058	0.087	14	3.7391474082	0.00126960460468	171.288262425
pcho_X	75.0	0.058	0.087	15	4.16263165485	0.000753917541121	67.9663939918
pcho_X	75.0	0.058	0.087	16	4.17179708887	0.000679774545602	67.8320273192
pcho_X	75.0	0.058	0.087	17	4.18097324255	0.000604865158079	67.1032904935
pcho_X	75.0	0.058	0.087	18	4.18372970344	0.000961482359121	195.406065039
pcho_X	75.0	0.058	0.087	19	4.24501694505	0.0797107500071	108.613983215
pcho_X	75.0	0.058	0.087	20	4.25117623034	0.0186827715287	65.3786597974
pcho_X	75.0	0.058	0.087	21	4.25353002872	0.0249106436478	49.7714767315
pcho_X	75.0	0.058	0.087	22	4.25418153852	0.0795629330734	106.219897115
pcho_X	75.0	0.058	0.087	23	4.26034183364	0.0187527773652	64.0187835301
pcho_X	75.0	0.058	0.087	24	4.26042599344	0.0408424510817	12.7396098419
pcho_X	75.0	0.058	0.087	25	4.26193398259	0.0498403444856	-11.2322108455
pcho_X	75.0	0.058	0.087	26	4.26319869923	0.104624660696	90.9499162107
pcho_X	75.0	0.058	0.087	27	4.26596979985	0.0189701156102	44.5104626087
pcho_X	75.0	0.058	0.087	28	4.26622459071	0.037526098154	110.953038772
pcho_X	75.0	0.058	0.087	29	4.2682295992	0.0227205124111	-58.0797656711
pcho_X	75.0	0.058	0.087	30	4.26956993339	0.0603232121796	29.489213585
pcho_X	75.0	0.058	0.087	31	4.27058339758	0.0164684662947	-76.9043323071
pcho_X	75.0	0.058	0.087	32	4.27120697264	0.0561110946145	-9.59380888342
pcho_X	75.0	0.058	0.087	33	4.27194726971	0.0308054570174	41.237588029
pcho_X	75.0	0.058	0.087	34	4.2746358202	0.00526112411335	201.649848301
pcho_X	75.0	0.058	0.087	35	4.27528332786	0.0796648781935	102.329298241
pcho_X	75.0	0.058	0.087	36	4.27706677304	0.0727914424952	233.302890687
pcho_X	75.0	0.058	0.087	37	4.27739365253	0.022650654861	-56.8928345026
pcho_X	75.0	0.058	0.087	38	4.2795824823	0.0931996472751	0.332169020626
pcho_X	75.0	0.058	0.087	39	4.27974747222	0.0162943565927	-75.3893879001
pcho_X	75.0	0.058	0.087	40	4.28144755342	0.0188765157858	61.6705732667
pcho_X	75.0	0.058	0.087	41	4.28152751838	0.024023802153	-15.3529386761
pcho_X	75.0	0.058	0.087	42	4.28411117227	0.123393704033	87.2702478731
pcho_X	75.0	0.058	0.087	43	4.28623201657	0.0707832861897	235.283644822
pcho_X	75.0	0.058	0.087	44	4.28656905173	0.0225861923596	-55.7815903784
pcho_X	75.0	0.058	0.087	45	4.28903844734	0.0224522293793	-61.3921362426
pcho_X	75.0	0.058	0.087	46	4.29067386868	0.0620807854177	30.365561497
pcho_X	75.0	0.058	0.087	47	4.29168741111	0.0167320483024	188.498943857
pcho_X	75.0	0.058	0.087	48	4.29217633492	0.0513407842913	-13.0086224159
pcho_X	75.0	0.058	0.087	49	4.29297881002	0.0254677382229	46.702383031
pcho_X	75.0	0.058	0.087	50	4.29540898028	0.0688278478889	237.343273736
pcho_X	75.0	0.058	0.087	51	4.29822674599	0.0245545759129	76.8414272323
pcho_X	75.0	0.058	0.087	52	4.29849781429	0.022528847181	-54.5049105014
pcho_X	75.0	0.058	0.087	53	4.30066657946	0.0953219913377	0.813878833886
pcho_X	75.0	0.058	0.087	54	4.300851686	0.0159511550789	-72.1800768802
pcho_X	75.0	0.058	0.087	55	4.30733865532	0.0664934859618	240.031818092
pcho_X	75.0	0.058	0.087	56	4.30767344445	0.0224886052761	-53.6794027458
pcho_X	75.0	0.058	0.087	57	4.31002736134	0.0158481468834	-70.9867355927
pcho_X	75.0	0.058	0.087	58	4.31651570106	0.0649457826647	242.005292887
pcho_X	75.0	0.058	0.087	59	4.38082028267	0.00123700816352	174.786680344
pcho_N(CH3)3_b	75.0	0.058	0.121	0	3.20608188019	1.66274341564	-5.95829623893
pcho_N(CH3)3_b	75.0	0.058	0.121	1	3.20799956093	0.361508157825	-12.0567051224
pcho_N(CH3)3_b	75.0	0.058	0.121	2	3.20799956131	0.0708248450022	164.872228423
pcho_N(CH3)3_b	75.0	0.058	0.121	3	3.20799956102	0.310271148224	-19.6362407202
pcho_N(CH3)3_b	75.0	0.058	0.121	4	3.20799956109	0.0703424734523	237.751046603
pcho_N(CH3)3_b	75.0	0.058	0.121	5	3.20799956121	0.138578590509	-4.5868381121
pcho_N(CH3)3_b	75.0	0.058	0.121	6	3.20799956137	0.0598675176445	-78.1600189146
pcho_N(CH3)3_b	75.0	0.058	0.121	7	3.20991773648	0.60403623051	-7.94434967933
pcho_N(CH3)3_b	75.0	0.058	0.121	8	3.20991766124	0.0483473174301	159.424473714
pcho_N(CH3)3_b	75.0	0.058	0.121	9	3.20991793153	0.0294046892907	172.654615819
pcho_N(CH3)3_b	75.0	0.058	0.121	10	3.20991785552	0.534091106865	-13.2471924841
pcho_N(CH3)3_b	75.0	0.058	0.121	11	3.20991793732	0.354324506182	6.59121375065
pcho_N(CH3)3_b	75.0	0.058	0.121	12	3.20991811969	0.0989357626284	-42.0540491179
pcho_N(CH3)3_b	75.0	0.058	0.121	13	3.20991811979	0.0255499896887	201.05785705
pcho_N(CH3)3_b	75.0	0.058	0.121	14	3.20991811979	0.0134339542855	68.8259953956
pcr_X	75.0	0.422	0.081	0	3.93	1.98861105854	-7.46936028689
pcr_N(CH3)	75.0	0.422	0.09	0	3.029	2.9557544651	-2.77591199267
scyllo-inositol	75.0	0.044	0.087	0	3.34	5.97882028826	-7.92950467558
taurine	75.0	0.117	0.085	0	3.2209127337	0.18690739635	169.004970441
taurine	75.0	0.117	0.085	1	3.22397870406	0.0828597180862	155.663578578
taurine	75.0	0.117	0.085	2	3.24330756416	0.529002379013	-9.19082774005
taurine	75.0	0.117	0.085	3	3.24589856045	0.456606638778	-6.47835439343
taurine	75.0	0.117	0.085	4	3.24772584198	0.0219657681203	-20.7545102809
taurine	75.0	0.117	0.085	5	3.26532934784	0.308698223167	175.447735321
taurine	75.0	0.117	0.085	6	3.26768692835	0.333571448634	181.340721074
taurine	75.0	0.117	0.085	7	3.39881286344	0.335699458188	162.958978466
taurine	75.0	0.117	0.085	8	3.40117086037	0.310686552539	169.094844833
taurine	75.0	0.117	0.085	9	3.41877394265	0.0218739040394	5.39767144831
taurine	75.0	0.117	0.085	10	3.42060144975	0.454533037177	-8.90855700213
taurine	75.0	0.117	0.085	11	3.42319004516	0.52389863803	-6.09772640259
taurine	75.0	0.117	0.085	12	3.44252147965	0.0813122855252	188.353258236
taurine	75.0	0.117	0.085	13	3.4455870826	0.187145216968	175.705716689
peth	75.0	0.126	0.087	0	3.11672856915	0.000798539687236	9.70098877838
peth	75.0	0.126	0.087	1	3.19888060456	0.323174812669	124.084861923
peth	75.0	0.126	0.087	2	3.19873012631	0.0262814979413	-88.8108365069
peth	75.0	0.126	0.087	3	3.19907176336	0.0148870010215	18.108555178
peth	75.0	0.126	0.087	4	3.20943537032	0.20506995377	43.2456609135
peth	75.0	0.126	0.087	5	3.2091589816	0.0156180715748	-28.2734068124
peth	75.0	0.126	0.087	6	3.21562328723	0.455829054404	-9.12992466398
peth	75.0	0.126	0.087	7	3.21545475961	0.00478892169151	157.182253505
peth	75.0	0.126	0.087	8	3.2224502265	0.23359472882	-53.660738391
peth	75.0	0.126	0.087	9	3.22272311489	0.0161788506623	-0.943749470103
peth	75.0	0.126	0.087	10	3.23265950283	0.459710088631	223.929385454
peth	75.0	0.126	0.087	11	3.88827853336	0.000745617596478	47.3597863507
peth	75.0	0.126	0.087	12	3.9459824729	0.0884036511075	119.457102787
peth	75.0	0.126	0.087	13	3.94775103666	0.0884478858514	119.923815785
peth	75.0	0.126	0.087	14	3.9495198444	0.0884860316644	120.390009278
peth	75.0	0.126	0.087	15	3.95616978363	0.0443240650462	40.8883021587
peth	75.0	0.126	0.087	16	3.95793955672	0.0442499045051	41.0349631008
peth	75.0	0.126	0.087	17	3.95971025034	0.0441714488194	41.1822494817
peth	75.0	0.126	0.087	18	3.96345711228	0.137582309046	1.59942185635
peth	75.0	0.126	0.087	19	3.96611080411	0.138717350091	-7.27276543689
peth	75.0	0.126	0.087	20	3.96920957937	0.0382776748842	-54.4859976422
peth	75.0	0.126	0.087	21	3.97000103599	0.0129330530879	171.458286383
peth	75.0	0.126	0.087	22	3.97029284144	0.0141979997733	74.2354161454
peth	75.0	0.126	0.087	23	3.97097884647	0.0383603622059	-54.6640358313
peth	75.0	0.126	0.087	24	3.97191981213	0.0885955238262	126.048900163
peth	75.0	0.126	0.087	25	3.97274802882	0.0384426658424	-54.843587705
peth	75.0	0.126	0.087	26	3.97368866268	0.088564245247	126.470394516
peth	75.0	0.126	0.087	27	3.97975909202	0.0600654510602	225.183981216
peth	75.0	0.126	0.087	28	3.98008497677	0.00447710843844	36.4534140669
peth	75.0	0.126	0.087	29	3.98060340712	0.0101138386646	-37.8917527372
peth	75.0	0.126	0.087	30	3.98152820915	0.0605204824787	224.795425882
peth	75.0	0.126	0.087	31	3.98212330368	0.0430349568054	43.2433008242
peth	75.0	0.126	0.087	32	3.98329792134	0.0609882633157	224.406512415
peth	75.0	0.126	0.087	33	3.98389318046	0.0429421723629	43.4136233138
peth	75.0	0.126	0.087	34	3.98674994644	0.0210170053349	41.9056947347
peth	75.0	0.126	0.087	35	3.98762904672	0.0196787867657	186.842613664
peth	75.0	0.126	0.087	36	3.98940254336	0.133279322718	-2.85518442162
peth	75.0	0.126	0.087	37	3.99116383508	0.0421480273859	-16.3053594319
peth	75.0	0.126	0.087	38	3.99314552716	0.00387789064772	149.622427122
peth	75.0	0.126	0.087	39	3.99366395751	0.00707477869155	235.341716912
peth	75.0	0.126	0.087	40	3.99516376143	0.0396758410715	-57.2342422503
peth	75.0	0.126	0.087	41	3.99693378278	0.0397760808663	-57.4334795429
peth	75.0	0.126	0.087	42	4.00375726558	0.0160765550927	-66.1323571641
peth	75.0	0.126	0.087	43	4.00407901361	0.00891313880954	19.188829075
peth	75.0	0.126	0.087	44	4.00570120076	0.0680505957539	219.848802996
peth	75.0	0.126	0.087	45	4.00747052164	0.0686716903739	219.536554624
peth	75.0	0.126	0.087	46	4.0861004598	0.000667913595679	255.249790047
lm1	75.0	1.0	0.945781	L	50.72009	3.550126	-1.138201
lm2	75.0	1.0	1.475781	L	54.12614	2.855701	0.05457026
lm3	75.0	1.0	1.705781	L	68.32043	3.90728	-0.06015777
lm4	75.0	1.0	2.115781	L	96.4358	4.719139	-0.09620739
lm5	75.0	1.0	2.315781	L	69.70896	2.784562	-0.5775946
lm6	75.0	1.0	3.015781	L	42.72932	1.01768	-0.6582785
lm7	75.0	1.0	3.9854041	L	29.64625	1.209407	0.2889715
lm8	75.0	1.0	7.125781	L	274.476	4.046641	0.3027004
lm9	75.0	1.0	7.855781	L	37.37627	1.313574	0.02022181
lm10	75.0	1.0	2.655781	L	121.4557	2.349968	-0.5826102
lm11	75.0	1.0	1.235781	L	30.68139	0.7444791	-1.138201
lm12	75.0	1.0	-0.62824	L	1789.202	21.51878	-3.652967
lm13	75.0	1.0	3.295781	L	109.4958	1.665539	0.1635756
lm14	75.0	1.0	3.705781	L	169.6304	4.873533	-1.354319
