;PINTS for FITMAN Simulation Output
;Experiment Information
;---------------------------------------------------------------------------
;Name: LASER
;Created: 2018_08_22
;Comment: Density-matrix simulations of metabolites using PyGAMMA and metabolite parameters from V. Govindaraju et. al, NMR Biomed. 2000;13:129-153
;PI: bartha-olemew
;b0: 400.2
;50 Metabolites: alanine, aspartate, choline_1-CH2_2-CH2, choline_N(CH3)3_a, choline_N(CH3)3_b, creatine_N(CH3), creatine_X, d-glucose-alpha, d-glucose-beta, eth, gaba, glutamate, glutamine, glutathione_cysteine, glutathione_glutamate, glutathione_glycine, glycine, gpc_7-CH2_8-CH2, gpc_glycerol, gpc_N(CH3)3_a, gpc_N(CH3)3_b, lactate, myoinositol, naa_acetyl, naa_aspartate, naag_acetyl, naag_aspartyl, naag_glutamate, pcho_N(CH3)3_a, pcho_N(CH3)3_b, pcho_X, pcr_N(CH3), pcr_X, peth, scyllo-inositol, taurine
;Simulation Results
;---------------------------------------------------------------------------
aspartate	18.9	0.117	0.087	0	2.61702904032	0.15562864282	86.8097181707
aspartate	18.9	0.117	0.087	1	2.63953262834	0.205142560565	25.2811302349
aspartate	18.9	0.117	0.087	2	2.6605700074	0.324132690186	79.9730229647
aspartate	18.9	0.117	0.087	3	2.68307359543	0.284544250989	22.4760980465
aspartate	18.9	0.117	0.087	4	2.77777297559	0.335674863168	77.0655422879
aspartate	18.9	0.117	0.087	5	2.78713619174	0.275526767513	39.4873122231
aspartate	18.9	0.117	0.087	6	2.82131394268	0.152050453808	70.8611458484
aspartate	18.9	0.117	0.087	7	2.83067715882	0.208641566395	37.3145485375
aspartate	18.9	0.117	0.087	8	3.87559021284	0.260919620362	100.686242446
aspartate	18.9	0.117	0.087	9	3.88495342898	0.23883279986	64.5754279566
aspartate	18.9	0.117	0.087	10	3.89809380086	0.232452431563	41.9044149157
aspartate	18.9	0.117	0.087	11	3.90745701701	0.251882738401	6.91529317914
alanine	18.9	0.078	0.087	0	1.45762622787	1.46626305131	70.5557819853
alanine	18.9	0.078	0.087	1	1.47570166745	1.4986455467	33.7490515523
alanine	18.9	0.078	0.087	2	3.74759307124	0.122538837719	109.440986719
alanine	18.9	0.078	0.087	3	3.76567102939	0.385937911569	71.9246165602
alanine	18.9	0.078	0.087	4	3.78374633192	0.375417863875	35.302802373
alanine	18.9	0.078	0.087	5	3.80181929416	0.112461705574	-2.80790811333
choline_N(CH3)3_a	18.9	0.165	0.121	0	3.18370688566	1.44849548343	55.6275445571
choline_N(CH3)3_a	18.9	0.165	0.121	1	3.18547590695	0.348239188865	215.188755026
choline_N(CH3)3_a	18.9	0.165	0.121	2	3.18600508931	0.174473733239	-37.1900431101
choline_N(CH3)3_a	18.9	0.165	0.121	3	3.18571871881	0.183881165421	232.388932503
choline_N(CH3)3_a	18.9	0.165	0.121	4	3.18603121703	0.154831593154	158.234873349
choline_N(CH3)3_a	18.9	0.165	0.121	5	3.18642427746	0.109365735663	137.772569594
choline_N(CH3)3_a	18.9	0.165	0.121	6	3.18642404639	0.0274158136579	-75.897549076
choline_N(CH3)3_a	18.9	0.165	0.121	7	3.18642428782	0.0477938005863	49.7983572533
choline_1-CH2_2-CH2	18.9	0.165	0.087	0	3.4300100533	0.0020452371764	241.451456199
choline_1-CH2_2-CH2	18.9	0.165	0.087	1	3.48813530933	0.377677175753	75.7629659948
choline_1-CH2_2-CH2	18.9	0.165	0.087	2	3.4882889608	0.0293757787673	-33.5408313731
choline_1-CH2_2-CH2	18.9	0.165	0.087	3	3.49615935414	0.163771429233	58.9966350937
choline_1-CH2_2-CH2	18.9	0.165	0.087	4	3.49612511738	0.0115742980396	-73.9035967839
choline_1-CH2_2-CH2	18.9	0.165	0.087	5	3.4961954797	0.0373352307302	-23.727840369
choline_1-CH2_2-CH2	18.9	0.165	0.087	6	3.50073757593	0.431189794098	54.6611405063
choline_1-CH2_2-CH2	18.9	0.165	0.087	7	3.50575657867	0.169432572746	47.121857505
choline_1-CH2_2-CH2	18.9	0.165	0.087	8	3.50575290096	0.0304694475512	171.441796685
choline_1-CH2_2-CH2	18.9	0.165	0.087	9	3.51350501667	0.341994927817	36.9680272807
choline_1-CH2_2-CH2	18.9	0.165	0.087	10	3.5133927211	0.0285814356484	-44.3218888281
choline_1-CH2_2-CH2	18.9	0.165	0.087	11	3.5136270922	0.0245178425958	166.217289771
choline_1-CH2_2-CH2	18.9	0.165	0.087	12	4.03493015956	0.171395239511	69.7564130712
choline_1-CH2_2-CH2	18.9	0.165	0.087	13	4.04188200514	0.256115185807	66.6339952248
choline_1-CH2_2-CH2	18.9	0.165	0.087	14	4.04822825085	0.255660414228	55.9373360393
choline_1-CH2_2-CH2	18.9	0.165	0.087	15	4.04793045485	0.025340186432	160.851970547
choline_1-CH2_2-CH2	18.9	0.165	0.087	16	4.04816995265	0.0113211813317	-25.8247990987
choline_1-CH2_2-CH2	18.9	0.165	0.087	17	4.05227486492	0.0817580863397	47.9269519079
choline_1-CH2_2-CH2	18.9	0.165	0.087	18	4.0542843066	0.170900673317	53.9956109701
choline_1-CH2_2-CH2	18.9	0.165	0.087	19	4.05580017923	0.0385411121035	226.965700186
choline_1-CH2_2-CH2	18.9	0.165	0.087	20	4.05978338915	0.238284171404	42.1279082087
choline_1-CH2_2-CH2	18.9	0.165	0.087	21	4.0605106297	0.0334558499694	-25.9751460285
choline_1-CH2_2-CH2	18.9	0.165	0.087	22	4.06118395693	0.0277919713858	195.800533638
choline_1-CH2_2-CH2	18.9	0.165	0.087	23	4.06536261227	0.00583353117803	210.786173031
choline_1-CH2_2-CH2	18.9	0.165	0.087	24	4.06543757199	0.0162006276872	-73.3713699632
choline_1-CH2_2-CH2	18.9	0.165	0.087	25	4.06683732321	0.156575414123	38.8347414252
choline_1-CH2_2-CH2	18.9	0.165	0.087	26	4.07340711102	0.0485809299752	-25.0358796012
choline_1-CH2_2-CH2	18.9	0.165	0.087	27	4.13155205992	0.00172868823613	127.548068336
creatine_N(CH3)	18.9	0.296	0.09	0	3.027	2.93482426816	55.3829750487
creatine_X	18.9	0.296	0.081	0	3.913	1.99693878807	53.6794773088
choline_N(CH3)3_b	18.9	0.165	0.121	0	3.18387343995	2.07635360335	53.8630473523
choline_N(CH3)3_b	18.9	0.165	0.121	1	3.18536559282	0.160488985143	184.014422057
choline_N(CH3)3_b	18.9	0.165	0.121	2	3.18557429102	0.105054465261	165.200492044
choline_N(CH3)3_b	18.9	0.165	0.121	3	3.18517515672	0.064983841699	225.03843807
choline_N(CH3)3_b	18.9	0.165	0.121	4	3.18613500197	1.22988444997	52.5516062183
choline_N(CH3)3_b	18.9	0.165	0.121	5	3.18620883571	0.517898747948	44.7778142973
choline_N(CH3)3_b	18.9	0.165	0.121	6	3.18539596572	0.0444964510919	-31.6837153781
choline_N(CH3)3_b	18.9	0.165	0.121	7	3.186401643	0.769628944385	62.7435656482
d-glucose-alpha	18.9	0.049	0.087	0	3.36395827313	0.00728715222295	67.5343655251
d-glucose-alpha	18.9	0.049	0.087	1	3.37062227224	0.208921431147	64.1658866065
d-glucose-alpha	18.9	0.049	0.087	2	3.3872841935	0.00907048186277	62.2976368661
d-glucose-alpha	18.9	0.049	0.087	3	3.39417820854	0.496249655943	52.4094189801
d-glucose-alpha	18.9	0.049	0.087	4	3.40119386577	0.00956207549968	41.3115184911
d-glucose-alpha	18.9	0.049	0.087	5	3.41774796304	0.255347952575	38.3841435453
d-glucose-alpha	18.9	0.049	0.087	6	3.42460247966	0.00924291677584	31.4334261568
d-glucose-alpha	18.9	0.049	0.087	7	3.50148583414	0.207828266482	66.3473534328
d-glucose-alpha	18.9	0.049	0.087	8	3.51093860928	0.231183887264	42.5446102717
d-glucose-alpha	18.9	0.049	0.087	9	3.52543672624	0.288714812227	61.9150709794
d-glucose-alpha	18.9	0.049	0.087	10	3.53488964845	0.270427001101	40.1532040175
d-glucose-alpha	18.9	0.049	0.087	11	3.67559535768	0.292300831717	60.8050665515
d-glucose-alpha	18.9	0.049	0.087	12	3.69923721366	0.501839553466	53.9451445648
d-glucose-alpha	18.9	0.049	0.087	13	3.72126807001	0.049570543267	52.7961256376
d-glucose-alpha	18.9	0.049	0.087	14	3.72290228006	0.268437889318	50.0288767984
d-glucose-alpha	18.9	0.049	0.087	15	3.72908524547	0.0186481484242	52.2230719373
d-glucose-alpha	18.9	0.049	0.087	16	3.73777586135	0.183920021888	53.5005978411
d-glucose-alpha	18.9	0.049	0.087	17	3.75292612682	0.259738460617	52.5477590088
d-glucose-alpha	18.9	0.049	0.087	18	3.76131961731	0.0362412609348	54.2276241383
d-glucose-alpha	18.9	0.049	0.087	19	3.76859610494	0.380052723948	52.9925678405
d-glucose-alpha	18.9	0.049	0.087	20	3.80187788101	0.168994555121	62.3559334788
d-glucose-alpha	18.9	0.049	0.087	21	3.80537046864	0.147610510521	63.3509297
d-glucose-alpha	18.9	0.049	0.087	22	3.81137528672	0.184065480698	53.051206209
d-glucose-alpha	18.9	0.049	0.087	23	3.81460353829	0.479551015255	55.6406387519
d-glucose-alpha	18.9	0.049	0.087	24	3.81831073528	0.20760831712	60.5941933048
d-glucose-alpha	18.9	0.049	0.087	25	3.82180272829	0.0104508268845	79.8197249305
d-glucose-alpha	18.9	0.049	0.087	26	3.82615159589	0.144171422238	45.5615943422
d-glucose-alpha	18.9	0.049	0.087	27	3.82992252238	0.139094560309	45.8119498573
d-glucose-alpha	18.9	0.049	0.087	28	3.84161696706	0.292012528184	50.4698016619
d-glucose-alpha	18.9	0.049	0.087	29	3.84534389855	0.220361541464	50.6109364233
glutamate	18.9	0.898	0.088	0	1.9866392062	0.027230829393	78.8375666923
glutamate	18.9	0.898	0.088	1	2.00441792156	0.073114620856	54.1348563636
glutamate	18.9	0.898	0.088	2	2.00653207093	0.0354673505979	73.7911192689
glutamate	18.9	0.898	0.088	3	2.02364045379	0.194051639081	53.9370394613
glutamate	18.9	0.898	0.088	4	2.041438902	0.214285573031	48.0232476287
glutamate	18.9	0.898	0.088	5	2.0437955242	0.0882861899309	70.9537347937
glutamate	18.9	0.898	0.088	6	2.05889627584	0.0876279583604	32.5627084525
glutamate	18.9	0.898	0.088	7	2.061431182	0.188465937768	47.7276959067
glutamate	18.9	0.898	0.088	8	2.07946013311	0.15028599347	47.8627463825
glutamate	18.9	0.898	0.088	9	2.09175989908	0.0816306378887	39.0635665379
glutamate	18.9	0.898	0.088	10	2.09874786189	0.177277630806	68.3112345281
glutamate	18.9	0.898	0.088	11	2.11060860874	0.172548078551	34.8493068861
glutamate	18.9	0.898	0.088	12	2.11744732922	0.132113819253	60.2653402345
glutamate	18.9	0.898	0.088	13	2.12922055064	0.122368508608	34.8920810986
glutamate	18.9	0.898	0.088	14	2.13573446019	0.0699328525518	66.7814561732
glutamate	18.9	0.898	0.088	15	2.14758242351	0.0773275336315	37.9090184214
glutamate	18.9	0.898	0.088	16	2.15455954413	0.0482799331547	62.2764363917
glutamate	18.9	0.898	0.088	17	2.1663574048	0.043941766835	33.2546330965
glutamate	18.9	0.898	0.088	18	2.28660655407	0.00895224911479	56.5026092088
glutamate	18.9	0.898	0.088	19	2.30405834755	0.0142718305489	52.6241424865
glutamate	18.9	0.898	0.088	20	2.32273934322	0.00580476782327	50.8424080258
glutamate	18.9	0.898	0.088	21	2.32681033121	0.536250464691	60.0902451063
glutamate	18.9	0.898	0.088	22	2.34417397887	0.486388557384	53.8848563168
glutamate	18.9	0.898	0.088	23	2.34701718205	0.483085548222	52.7161912923
glutamate	18.9	0.898	0.088	24	2.36241107418	0.206995194877	47.6732845355
glutamate	18.9	0.898	0.088	25	2.36640286941	0.218861431611	48.159787205
glutamate	18.9	0.898	0.088	26	2.38690049577	0.0154546785481	53.3943517134
glutamate	18.9	0.898	0.088	27	2.4060510753	0.00628151647958	46.2031978523
glutamate	18.9	0.898	0.088	28	3.72844183756	0.252843365739	88.5533382634
glutamate	18.9	0.898	0.088	29	3.74028685984	0.247120613893	58.0328069785
glutamate	18.9	0.898	0.088	30	3.74644650162	0.241186575884	49.0875913768
glutamate	18.9	0.898	0.088	31	3.75830487153	0.241691387208	17.4659259109
gaba	18.9	0.155	0.082	0	1.85039979878	0.0848756778725	117.029987683
gaba	18.9	0.155	0.082	1	1.86567464957	0.0187935167399	86.6686851927
gaba	18.9	0.155	0.082	2	1.86860412798	0.381413202046	87.2056844126
gaba	18.9	0.155	0.082	3	1.87117058189	0.0509566036377	64.5716359866
gaba	18.9	0.155	0.082	4	1.87339827293	0.0143932982848	50.1523694127
gaba	18.9	0.155	0.082	5	1.8820750089	0.00330499545047	62.7181201516
gaba	18.9	0.155	0.082	6	1.8848455497	0.0936592534851	57.8974513808
gaba	18.9	0.155	0.082	7	1.8872601892	0.549574232455	52.1688342174
gaba	18.9	0.155	0.082	8	1.88894935158	0.091842302525	46.5067916288
gaba	18.9	0.155	0.082	9	1.89123662582	0.052356023777	42.7206658074
gaba	18.9	0.155	0.082	10	1.90209743358	0.0246476159685	46.3499087866
gaba	18.9	0.155	0.082	11	1.90576438867	0.429229342338	15.481758248
gaba	18.9	0.155	0.082	12	1.90732702952	0.042415900872	31.6018808649
gaba	18.9	0.155	0.082	13	1.9095763661	0.027319804009	23.3898198847
gaba	18.9	0.155	0.082	14	1.92445272051	0.111892003242	-18.0415225689
gaba	18.9	0.155	0.082	15	2.26613726746	0.519956469475	68.331131288
gaba	18.9	0.155	0.082	16	2.28439964091	0.997184355292	53.0070878999
gaba	18.9	0.155	0.082	17	2.28659457503	0.0124244125457	50.0610702063
gaba	18.9	0.155	0.082	18	2.30272709973	0.446214961251	39.6865216511
gaba	18.9	0.155	0.082	19	2.99442134151	0.518064022318	107.109476494
gaba	18.9	0.155	0.082	20	3.00921586886	0.0761854437849	65.975423228
gaba	18.9	0.155	0.082	21	3.01145567432	0.17267442614	59.7820735058
gaba	18.9	0.155	0.082	22	3.01366928146	0.608881797288	53.8251178558
gaba	18.9	0.155	0.082	23	3.01679793992	0.0730946012724	44.8327863616
gaba	18.9	0.155	0.082	24	3.03188979237	0.477824681181	3.21885146473
d-glucose-beta	18.9	0.049	0.087	0	3.20387034051	0.00224102597884	88.3787586017
d-glucose-beta	18.9	0.049	0.087	1	3.2083946609	0.198459479567	85.9153734403
d-glucose-beta	18.9	0.049	0.087	2	3.21968119288	0.000457967292165	32.8495089324
d-glucose-beta	18.9	0.049	0.087	3	3.223773575	0.00302732262785	31.0111570897
d-glucose-beta	18.9	0.049	0.087	4	3.22833498526	0.244594020921	28.7935652858
d-glucose-beta	18.9	0.049	0.087	5	3.23045099061	0.281378662128	77.096427716
d-glucose-beta	18.9	0.049	0.087	6	3.23421739105	0.00202192903786	74.9832852256
d-glucose-beta	18.9	0.049	0.087	7	3.23597239098	0.00185311559933	73.6897407202
d-glucose-beta	18.9	0.049	0.087	8	3.23791998053	0.00050274402046	72.4336795473
d-glucose-beta	18.9	0.049	0.087	9	3.23959890813	0.00064291037094	71.4705992629
d-glucose-beta	18.9	0.049	0.087	10	3.25039665961	0.240834927191	22.9176845261
d-glucose-beta	18.9	0.049	0.087	11	3.25419992283	0.00156298433261	21.9899077055
d-glucose-beta	18.9	0.049	0.087	12	3.25595452676	0.00139609850592	20.915498646
d-glucose-beta	18.9	0.049	0.087	13	3.25958444116	0.000449104026813	19.7633330333
d-glucose-beta	18.9	0.049	0.087	14	3.36119046262	0.13274952444	53.1303468575
d-glucose-beta	18.9	0.049	0.087	15	3.37495584867	0.00336489512899	52.2765524338
d-glucose-beta	18.9	0.049	0.087	16	3.3784407033	0.0103727612272	52.4315707838
d-glucose-beta	18.9	0.049	0.087	17	3.38344541302	0.392729197943	53.1992265463
d-glucose-beta	18.9	0.049	0.087	18	3.38859665211	0.0153560860864	53.4334474923
d-glucose-beta	18.9	0.049	0.087	19	3.39188499847	0.0065753324431	53.6571760742
d-glucose-beta	18.9	0.049	0.087	20	3.40031113904	0.00267166831312	54.4993362265
d-glucose-beta	18.9	0.049	0.087	21	3.40576856826	0.428978365497	52.8152174175
d-glucose-beta	18.9	0.049	0.087	22	3.41017899481	0.000938916809671	54.2855650208
d-glucose-beta	18.9	0.049	0.087	23	3.41402647962	0.000880261528799	54.2718402181
d-glucose-beta	18.9	0.049	0.087	24	3.42277880056	0.000890391995987	53.8045752735
d-glucose-beta	18.9	0.049	0.087	25	3.42653801626	0.000949392619825	53.5830955499
d-glucose-beta	18.9	0.049	0.087	26	3.43239105874	0.162870761027	55.7909712412
d-glucose-beta	18.9	0.049	0.087	27	3.43629155885	0.165467320754	53.7728914258
d-glucose-beta	18.9	0.049	0.087	28	3.44530889278	0.172879555131	53.3866313415
d-glucose-beta	18.9	0.049	0.087	29	3.44919116175	0.173356139516	50.8375831102
d-glucose-beta	18.9	0.049	0.087	30	3.45277351543	0.382534737588	57.897115729
d-glucose-beta	18.9	0.049	0.087	31	3.45466937588	0.0252186996726	58.3230452157
d-glucose-beta	18.9	0.049	0.087	32	3.4577603957	0.0781934560581	53.6208845998
d-glucose-beta	18.9	0.049	0.087	33	3.46671638064	0.0938080857871	52.6757128679
d-glucose-beta	18.9	0.049	0.087	34	3.47047834149	0.0953733116825	49.4685389444
d-glucose-beta	18.9	0.049	0.087	35	3.47533052623	0.471003236312	53.2172401122
d-glucose-beta	18.9	0.049	0.087	36	3.49778485132	0.170597562434	49.8048275994
d-glucose-beta	18.9	0.049	0.087	37	3.67947216199	0.00392608144109	57.5207643435
d-glucose-beta	18.9	0.049	0.087	38	3.68407511309	0.216346148923	56.5703079914
d-glucose-beta	18.9	0.049	0.087	39	3.6968793272	0.194410953105	53.0364560635
d-glucose-beta	18.9	0.049	0.087	40	3.70078624673	0.001865573118	52.5815856284
d-glucose-beta	18.9	0.049	0.087	41	3.70253537684	0.00141698199126	51.7110289691
d-glucose-beta	18.9	0.049	0.087	42	3.71475650541	0.303209679358	52.5756361963
d-glucose-beta	18.9	0.049	0.087	43	3.72763221151	0.274422868414	48.865176733
d-glucose-beta	18.9	0.049	0.087	44	3.86193743567	0.0011586244031	60.9132426179
d-glucose-beta	18.9	0.049	0.087	45	3.86608217779	0.290136277159	57.8875151516
d-glucose-beta	18.9	0.049	0.087	46	3.86990185621	0.286982228117	55.1851470896
d-glucose-beta	18.9	0.049	0.087	47	3.87397625374	0.00112556617531	53.0113808884
d-glucose-beta	18.9	0.049	0.087	48	3.89675929491	0.211082893723	54.2472067749
d-glucose-beta	18.9	0.049	0.087	49	3.90065856043	0.206678535822	50.9424401105
d-glucose-beta	18.9	0.049	0.087	50	4.62009840562	0.499277961807	81.7625057814
d-glucose-beta	18.9	0.049	0.087	51	4.64004432732	0.481996341983	26.1851763314
eth	18.9	0.32	0.087	0	3.13336066927	0.212626194758	73.5745702993
eth	18.9	0.32	0.087	1	3.13320662096	0.0283427265036	249.700810887
eth	18.9	0.32	0.087	2	3.1332070127	0.0157237787358	-56.6817192336
eth	18.9	0.32	0.087	3	3.1429528227	0.347265046923	58.1118410094
eth	18.9	0.32	0.087	4	3.14300199947	0.264969945859	54.528228049
eth	18.9	0.32	0.087	5	3.14436739818	0.0032209544545	131.158940841
eth	18.9	0.32	0.087	6	3.1498692222	0.0227252556245	185.807277711
eth	18.9	0.32	0.087	7	3.15021216606	0.353051464083	56.7099509181
eth	18.9	0.32	0.087	8	3.15004897862	0.0162457860405	250.900874848
eth	18.9	0.32	0.087	9	3.15977924817	0.274081519593	46.1694887003
eth	18.9	0.32	0.087	10	3.15980032147	0.0744623949588	156.83909439
eth	18.9	0.32	0.087	11	3.80353729466	0.0853886862048	77.031319356
eth	18.9	0.32	0.087	12	3.80508586378	0.0857363674338	76.6643513793
eth	18.9	0.32	0.087	13	3.80542560566	0.0475564157558	-12.5453701123
eth	18.9	0.32	0.087	14	3.80551254793	0.0858673410142	163.82971086
eth	18.9	0.32	0.087	15	3.8068411805	0.013498292867	241.944471757
eth	18.9	0.32	0.087	16	3.8142615659	0.244677024384	57.3645812187
eth	18.9	0.32	0.087	17	3.81480457723	0.00511180542543	194.563054621
eth	18.9	0.32	0.087	18	3.81503435825	0.0161830584755	-79.306131621
eth	18.9	0.32	0.087	19	3.81504481555	0.0375762226449	134.116487927
eth	18.9	0.32	0.087	20	3.81566444578	0.0466695471991	18.7437562576
eth	18.9	0.32	0.087	21	3.81644206877	0.00833913087059	256.518632875
eth	18.9	0.32	0.087	22	3.8166828372	0.0263293989661	-37.157650623
eth	18.9	0.32	0.087	23	3.81668633204	0.0147477863017	128.480979319
eth	18.9	0.32	0.087	24	3.82133646874	0.203456229675	46.6499492056
eth	18.9	0.32	0.087	25	3.8227081176	0.0249531711332	239.731123048
eth	18.9	0.32	0.087	26	3.82239859513	0.0547271315276	129.23902673
eth	18.9	0.32	0.087	27	3.82239384488	0.0313268354806	-41.3126298192
eth	18.9	0.32	0.087	28	3.82392053419	0.0197178149875	181.003348147
eth	18.9	0.32	0.087	29	3.82392649438	0.00937122025136	-78.0046267898
eth	18.9	0.32	0.087	30	3.83084312858	0.167241984062	33.4662438444
eth	18.9	0.32	0.087	31	3.83182510437	0.0734656735559	177.400167483
eth	18.9	0.32	0.087	32	3.83199147157	0.00767379575151	96.4929073199
eth	18.9	0.32	0.087	33	3.83354544782	0.0258294108915	17.519812291
eth	18.9	0.32	0.087	34	3.83355005348	0.020273907837	151.052754377
glutathione_glycine	18.9	0.194	0.087	0	3.769	1.99729785972	53.4865294284
glutamine	18.9	0.427	0.087	0	2.05181731484	0.0058908706653	81.5411099999
glutamine	18.9	0.427	0.087	1	2.06611304501	0.00192634181174	81.5951954939
glutamine	18.9	0.427	0.087	2	2.06764626481	0.00701129368101	39.4409062483
glutamine	18.9	0.427	0.087	3	2.07237281264	0.0145163762095	69.7981875077
glutamine	18.9	0.427	0.087	4	2.08800409412	0.107760273529	70.8617761229
glutamine	18.9	0.427	0.087	5	2.09149686778	0.00998073223673	58.7257444015
glutamine	18.9	0.427	0.087	6	2.0946175241	0.0903896310639	78.9054274697
glutamine	18.9	0.427	0.087	7	2.10408967801	0.152021213588	49.2675713715
glutamine	18.9	0.427	0.087	8	2.10620266661	0.114215883583	71.2037874919
glutamine	18.9	0.427	0.087	9	2.10738420171	0.00793248340027	16.7825738744
glutamine	18.9	0.427	0.087	10	2.11051637492	0.276835489408	58.6145475352
glutamine	18.9	0.427	0.087	11	2.11413845352	0.117605506588	67.7858132609
glutamine	18.9	0.427	0.087	12	2.11726540385	0.0376932809919	68.1542422552
glutamine	18.9	0.427	0.087	13	2.12017348187	0.0300774973759	34.686631572
glutamine	18.9	0.427	0.087	14	2.12207131057	0.118892384913	34.439894875
glutamine	18.9	0.427	0.087	15	2.12704156999	0.313888086831	44.429364118
glutamine	18.9	0.427	0.087	16	2.12901870804	0.118728901369	31.0290005404
glutamine	18.9	0.427	0.087	17	2.13079299508	0.00580954282818	71.0569525356
glutamine	18.9	0.427	0.087	18	2.13248499105	0.167038387645	52.6521635577
glutamine	18.9	0.427	0.087	19	2.14353513044	0.112874259574	23.686499639
glutamine	18.9	0.427	0.087	20	2.14576519855	0.00687921171831	43.3044962242
glutamine	18.9	0.427	0.087	21	2.14735204425	0.124075285936	25.9187693809
glutamine	18.9	0.427	0.087	22	2.14951142412	0.00551952922461	72.3082430881
glutamine	18.9	0.427	0.087	23	2.15422807512	0.00254518327433	71.773932403
glutamine	18.9	0.427	0.087	24	2.16384312319	0.0137403642711	36.4186145759
glutamine	18.9	0.427	0.087	25	2.16873618779	0.0122115318401	57.4377131018
glutamine	18.9	0.427	0.087	26	2.18343613968	0.00824003063202	27.8704609765
glutamine	18.9	0.427	0.087	27	2.38347126483	0.0194980169219	60.3072632094
glutamine	18.9	0.427	0.087	28	2.40028813867	0.0141087363331	52.6141351271
glutamine	18.9	0.427	0.087	29	2.40244219242	0.0124176691571	50.6874768614
glutamine	18.9	0.427	0.087	30	2.40641331898	0.00723040614997	55.2888451089
glutamine	18.9	0.427	0.087	31	2.4217616028	0.264774840478	64.002332609
glutamine	18.9	0.427	0.087	32	2.42670246137	0.245011106416	62.7446186951
glutamine	18.9	0.427	0.087	33	2.43987584762	0.471623267944	55.4882656698
glutamine	18.9	0.427	0.087	34	2.44649773148	0.231308437781	51.9877544514
glutamine	18.9	0.427	0.087	35	2.44816235824	0.231270697159	52.3915781532
glutamine	18.9	0.427	0.087	36	2.45950104056	0.201832895295	45.7121546154
glutamine	18.9	0.427	0.087	37	2.46630326851	0.228597619653	46.9254162504
glutamine	18.9	0.427	0.087	38	2.48175753811	0.00840903322305	58.7435621088
glutamine	18.9	0.427	0.087	39	2.4837639455	0.013340538697	56.7151913651
glutamine	18.9	0.427	0.087	40	2.48790023699	0.0124564546936	51.7598394321
glutamine	18.9	0.427	0.087	41	2.50475603874	0.0138434135811	44.6972911799
glutamine	18.9	0.427	0.087	42	3.73767774383	0.253385706332	90.7413904032
glutamine	18.9	0.427	0.087	43	3.75306324993	0.487791609505	53.6156460651
glutamine	18.9	0.427	0.087	44	3.76847223842	0.242030327462	15.2711315612
glutathione_glutamate	18.9	0.194	0.087	0	2.08611682093	0.00252383855177	83.1194014335
glutathione_glutamate	18.9	0.194	0.087	1	2.10203385983	0.00303279490778	41.9223194321
glutathione_glutamate	18.9	0.194	0.087	2	2.10431430011	0.00666453306872	70.8800087881
glutathione_glutamate	18.9	0.194	0.087	3	2.12024491235	0.00669131146521	30.5727064532
glutathione_glutamate	18.9	0.194	0.087	4	2.12258466529	0.00393151724195	55.2006170071
glutathione_glutamate	18.9	0.194	0.087	5	2.12476137501	0.099821007918	81.2599177611
glutathione_glutamate	18.9	0.194	0.087	6	2.12777619138	0.0963770456638	82.900046639
glutathione_glutamate	18.9	0.194	0.087	7	2.13853294438	0.00337002677738	16.8335141535
glutathione_glutamate	18.9	0.194	0.087	8	2.14067500766	0.123600765348	43.8624808911
glutathione_glutamate	18.9	0.194	0.087	9	2.1431616809	0.360164991582	62.2050258462
glutathione_glutamate	18.9	0.194	0.087	10	2.1452533661	0.246201562682	70.9423404415
glutathione_glutamate	18.9	0.194	0.087	11	2.15889375397	0.249752420158	32.479804854
glutathione_glutamate	18.9	0.194	0.087	12	2.16109459024	0.382901758011	41.0071819858
glutathione_glutamate	18.9	0.194	0.087	13	2.16269934123	0.139920789075	57.1104363395
glutathione_glutamate	18.9	0.194	0.087	14	2.16642074546	0.002502036246	80.4906756702
glutathione_glutamate	18.9	0.194	0.087	15	2.17781841298	0.234841487563	19.1506840628
glutathione_glutamate	18.9	0.194	0.087	16	2.18271367059	0.00565261567473	57.6748755443
glutathione_glutamate	18.9	0.194	0.087	17	2.18447322093	0.00409259181831	70.7874286354
glutathione_glutamate	18.9	0.194	0.087	18	2.19979544111	0.00674463886324	32.4875851341
glutathione_glutamate	18.9	0.194	0.087	19	2.20133837174	0.00392606259451	61.7827238945
glutathione_glutamate	18.9	0.194	0.087	20	2.21708443765	0.00333402698897	21.5401587943
glutathione_glutamate	18.9	0.194	0.087	21	2.46603563316	0.0526642970834	63.3196780258
glutathione_glutamate	18.9	0.194	0.087	22	2.48359823206	0.0957410435402	52.5872392855
glutathione_glutamate	18.9	0.194	0.087	23	2.50121095605	0.0406796162512	45.2372064207
glutathione_glutamate	18.9	0.194	0.087	24	2.50577239112	0.212749430933	67.0743931595
glutathione_glutamate	18.9	0.194	0.087	25	2.5233526542	0.406261150716	54.6553807238
glutathione_glutamate	18.9	0.194	0.087	26	2.52937775922	0.202798210354	66.5770113032
glutathione_glutamate	18.9	0.194	0.087	27	2.54095314481	0.176530982995	43.5918414974
glutathione_glutamate	18.9	0.194	0.087	28	2.54750264308	0.404881128134	53.8438447269
glutathione_glutamate	18.9	0.194	0.087	29	2.56558211385	0.186945807731	42.9213297262
glutathione_glutamate	18.9	0.194	0.087	30	2.56911441243	0.0521256006884	70.7764587351
glutathione_glutamate	18.9	0.194	0.087	31	2.58724024481	0.0961639730088	55.6300391974
glutathione_glutamate	18.9	0.194	0.087	32	2.60532435161	0.04058429688	42.7621870599
glutathione_glutamate	18.9	0.194	0.087	33	3.75322967431	0.254595722419	93.1376482702
glutathione_glutamate	18.9	0.194	0.087	34	3.76907523294	0.488389840688	53.6262611457
glutathione_glutamate	18.9	0.194	0.087	35	3.78492799894	0.242949259575	12.9303397029
glutathione_cysteine	18.9	0.194	0.087	0	2.89447119171	0.0993703773113	79.8577611844
glutathione_cysteine	18.9	0.194	0.087	1	2.91165593864	0.102280762739	30.0979160053
glutathione_cysteine	18.9	0.194	0.087	2	2.92960293327	0.386936165146	75.973572314
glutathione_cysteine	18.9	0.194	0.087	3	2.9467876802	0.383560641867	34.2816533336
glutathione_cysteine	18.9	0.194	0.087	4	2.95668494394	0.392357861519	74.1400852613
glutathione_cysteine	18.9	0.194	0.087	5	2.96898476216	0.379468886803	37.2811899627
glutathione_cysteine	18.9	0.194	0.087	6	2.9918166855	0.0988418430032	70.7638859406
glutathione_cysteine	18.9	0.194	0.087	7	3.00411650371	0.103531448826	40.6650232632
glutathione_cysteine	18.9	0.194	0.087	8	4.54612755765	0.255590857779	92.7098191772
glutathione_cysteine	18.9	0.194	0.087	9	4.55842737586	0.247073717229	58.052508667
glutathione_cysteine	18.9	0.194	0.087	10	4.56331230458	0.241082968956	50.2033347926
glutathione_cysteine	18.9	0.194	0.087	11	4.57561212279	0.244349734116	14.6227204168
glycine	18.9	0.068	0.087	0	3.548	1.99995802498	53.1763510906
gpc_7-CH2_8-CH2	18.9	0.097	0.087	0	3.64765394158	0.413652779593	69.6515115246
gpc_7-CH2_8-CH2	18.9	0.097	0.087	1	3.64756231047	0.00608586755152	184.329082524
gpc_7-CH2_8-CH2	18.9	0.097	0.087	2	3.6554830028	0.205998790341	58.9224636847
gpc_7-CH2_8-CH2	18.9	0.097	0.087	3	3.65548142808	0.0120267849184	129.644306217
gpc_7-CH2_8-CH2	18.9	0.097	0.087	4	3.65548464124	0.0113459684806	-54.8639432951
gpc_7-CH2_8-CH2	18.9	0.097	0.087	5	3.65880753628	0.424988381851	53.1528548822
gpc_7-CH2_8-CH2	18.9	0.097	0.087	6	3.6585386576	0.0367022106378	260.095964961
gpc_7-CH2_8-CH2	18.9	0.097	0.087	7	3.66247949737	0.210461291636	47.5308263749
gpc_7-CH2_8-CH2	18.9	0.097	0.087	8	3.66247792735	0.0069750090685	225.882939914
gpc_7-CH2_8-CH2	18.9	0.097	0.087	9	3.66248114052	0.00754384744739	-21.8065321246
gpc_7-CH2_8-CH2	18.9	0.097	0.087	10	3.67013501915	0.425656078268	34.5183457419
gpc_7-CH2_8-CH2	18.9	0.097	0.087	11	3.67016394909	0.0333010129635	-60.0821764337
gpc_7-CH2_8-CH2	18.9	0.097	0.087	12	3.70564594077	0.0018268434268	-81.2593093436
gpc_7-CH2_8-CH2	18.9	0.097	0.087	13	4.26621321231	0.000777890475207	197.330886338
gpc_7-CH2_8-CH2	18.9	0.097	0.087	14	4.28665748593	0.0851087237028	71.7751238519
gpc_7-CH2_8-CH2	18.9	0.097	0.087	15	4.2936512273	0.127167970524	67.7983911777
gpc_7-CH2_8-CH2	18.9	0.097	0.087	16	4.2979876657	0.084678137152	53.7077593341
gpc_7-CH2_8-CH2	18.9	0.097	0.087	17	4.30056391715	0.168315304843	63.1614533383
gpc_7-CH2_8-CH2	18.9	0.097	0.087	18	4.30163800835	0.00797540434611	123.063877201
gpc_7-CH2_8-CH2	18.9	0.097	0.087	19	4.30180488673	0.011889144722	-11.9530350208
gpc_7-CH2_8-CH2	18.9	0.097	0.087	20	4.30465422745	0.0846458619074	53.6983204525
gpc_7-CH2_8-CH2	18.9	0.097	0.087	21	4.30852141635	0.272074436256	55.2809517127
gpc_7-CH2_8-CH2	18.9	0.097	0.087	22	4.31132694152	0.0846114723541	53.6891972107
gpc_7-CH2_8-CH2	18.9	0.097	0.087	23	4.31278123385	0.00785367492625	146.680563845
gpc_7-CH2_8-CH2	18.9	0.097	0.087	24	4.31532213934	0.266312612419	57.2858283276
gpc_7-CH2_8-CH2	18.9	0.097	0.087	25	4.31637452128	0.00403355344228	154.304153985
gpc_7-CH2_8-CH2	18.9	0.097	0.087	26	4.31971721283	0.0845647422398	53.6785607625
gpc_7-CH2_8-CH2	18.9	0.097	0.087	27	4.32268612254	0.162769844389	45.064299456
gpc_7-CH2_8-CH2	18.9	0.097	0.087	28	4.3241148503	0.00438511018298	-88.8225073521
gpc_7-CH2_8-CH2	18.9	0.097	0.087	29	4.32429685124	0.0158623643094	247.10051237
gpc_7-CH2_8-CH2	18.9	0.097	0.087	30	4.32639002175	0.0845253467205	53.6704138789
gpc_7-CH2_8-CH2	18.9	0.097	0.087	31	4.33047992644	0.120766798276	39.7406359597
gpc_7-CH2_8-CH2	18.9	0.097	0.087	32	4.33754807503	0.0796199047049	35.280357727
gpc_glycerol	18.9	0.097	0.087	0	3.55458824119	0.00146378756583	149.939549448
gpc_glycerol	18.9	0.097	0.087	1	3.56112029741	0.00251407096521	7.67801732638
gpc_glycerol	18.9	0.097	0.087	2	3.56418851677	0.00199484721362	58.4862031199
gpc_glycerol	18.9	0.097	0.087	3	3.5749324547	0.0630565243462	52.9091350069
gpc_glycerol	18.9	0.097	0.087	4	3.57447026275	0.00352318222885	231.524077541
gpc_glycerol	18.9	0.097	0.087	5	3.57797755333	0.0155478381994	-55.0379666101
gpc_glycerol	18.9	0.097	0.087	6	3.57850135086	0.0139657468587	53.72356495
gpc_glycerol	18.9	0.097	0.087	7	3.58488562403	0.0171664355733	55.1446821964
gpc_glycerol	18.9	0.097	0.087	8	3.5883502802	0.0508164477178	49.7714718266
gpc_glycerol	18.9	0.097	0.087	9	3.58847796211	0.0184525411807	154.171672379
gpc_glycerol	18.9	0.097	0.087	10	3.58866274493	0.00203413263683	-42.4871676116
gpc_glycerol	18.9	0.097	0.087	11	3.59440840591	0.00135113354011	59.7037416443
gpc_glycerol	18.9	0.097	0.087	12	3.59609011208	0.00255254502216	60.0808603975
gpc_glycerol	18.9	0.097	0.087	13	3.59913732262	0.0024452431987	44.2427407912
gpc_glycerol	18.9	0.097	0.087	14	3.60046030242	0.00434346248036	153.387627918
gpc_glycerol	18.9	0.097	0.087	15	3.60206591942	0.00188929869964	-10.8021769033
gpc_glycerol	18.9	0.097	0.087	16	3.60878713882	0.00131803415315	8.84837458389
gpc_glycerol	18.9	0.097	0.087	17	3.61135856124	0.1166734113	48.5806787488
gpc_glycerol	18.9	0.097	0.087	18	3.61214101271	0.0139993600495	-89.4763601696
gpc_glycerol	18.9	0.097	0.087	19	3.61350497364	0.0853447334402	53.8280496287
gpc_glycerol	18.9	0.097	0.087	20	3.61812621712	0.0084765105954	128.367778127
gpc_glycerol	18.9	0.097	0.087	21	3.61890119615	0.0125651749107	-69.7408345707
gpc_glycerol	18.9	0.097	0.087	22	3.62360368408	0.0899301156599	50.9892211783
gpc_glycerol	18.9	0.097	0.087	23	3.62559211532	0.109331562925	51.0057331088
gpc_glycerol	18.9	0.097	0.087	24	3.62550719838	0.00404567747138	203.8850395
gpc_glycerol	18.9	0.097	0.087	25	3.62572009653	0.010941249953	-78.89029956
gpc_glycerol	18.9	0.097	0.087	26	3.63243583639	0.00174012973119	114.415641274
gpc_glycerol	18.9	0.097	0.087	27	3.63656711085	0.00486845825736	-26.6395426079
gpc_glycerol	18.9	0.097	0.087	28	3.63725631363	0.00487509604273	177.791771358
gpc_glycerol	18.9	0.097	0.087	29	3.6416482897	0.00896522700388	51.0533669807
gpc_glycerol	18.9	0.097	0.087	30	3.65288098857	0.150008227673	61.2554616239
gpc_glycerol	18.9	0.097	0.087	31	3.65247568811	0.0186176176925	206.028119767
gpc_glycerol	18.9	0.097	0.087	32	3.65251187633	0.00980059623924	4.76861606637
gpc_glycerol	18.9	0.097	0.087	33	3.65583595917	0.0502175411081	54.6591817593
gpc_glycerol	18.9	0.097	0.087	34	3.66033050192	0.0421894725226	53.0937837397
gpc_glycerol	18.9	0.097	0.087	35	3.66134467973	0.0244814178275	-38.6948332845
gpc_glycerol	18.9	0.097	0.087	36	3.66349537713	0.0177388468558	183.783626287
gpc_glycerol	18.9	0.097	0.087	37	3.66350949931	0.144172974468	51.7676925973
gpc_glycerol	18.9	0.097	0.087	38	3.66373072863	0.00104973038437	-68.6717758149
gpc_glycerol	18.9	0.097	0.087	39	3.67464333601	0.00531813803706	47.5025865564
gpc_glycerol	18.9	0.097	0.087	40	3.67740497743	0.000936388902644	64.6605589712
gpc_glycerol	18.9	0.097	0.087	41	3.67901059443	0.00464975031878	-54.6697939467
gpc_glycerol	18.9	0.097	0.087	42	3.68398005374	0.00151436844027	13.9460453034
gpc_glycerol	18.9	0.097	0.087	43	3.68980273093	0.0501055040544	54.9645397854
gpc_glycerol	18.9	0.097	0.087	44	3.68941284786	0.00759895400888	229.213931427
gpc_glycerol	18.9	0.097	0.087	45	3.69170997021	0.0151562736567	54.0032430785
gpc_glycerol	18.9	0.097	0.087	46	3.69426223335	0.00687723500598	209.425505908
gpc_glycerol	18.9	0.097	0.087	47	3.69584587116	0.00688844957259	-3.11521429119
gpc_glycerol	18.9	0.097	0.087	48	3.69997758117	0.0815668296638	52.6864818998
gpc_glycerol	18.9	0.097	0.087	49	3.70068332179	0.0208459105992	226.481297731
gpc_glycerol	18.9	0.097	0.087	50	3.71270312708	0.00272880869906	-47.6892821157
gpc_glycerol	18.9	0.097	0.087	51	3.71631660021	0.000941651682311	48.4825433109
gpc_glycerol	18.9	0.097	0.087	52	3.81575324851	0.0020897198969	32.4855262839
gpc_glycerol	18.9	0.097	0.087	53	3.81762566931	0.00143838648784	52.7715311052
gpc_glycerol	18.9	0.097	0.087	54	3.81924218444	0.00162236430591	-73.3995268885
gpc_glycerol	18.9	0.097	0.087	55	3.8254245765	0.0051491783998	53.806890057
gpc_glycerol	18.9	0.097	0.087	56	3.83551850172	0.0395199053903	52.9800823406
gpc_glycerol	18.9	0.097	0.087	57	3.83973741058	0.0100781348013	53.7773180562
gpc_glycerol	18.9	0.097	0.087	58	3.84733037978	0.0872479538669	53.6080483729
gpc_glycerol	18.9	0.097	0.087	59	3.84924510174	0.00695826941835	179.039219714
gpc_glycerol	18.9	0.097	0.087	60	3.84964060906	0.00691136270783	-7.17438088247
gpc_glycerol	18.9	0.097	0.087	61	3.85071036185	0.00504749409241	116.780678414
gpc_glycerol	18.9	0.097	0.087	62	3.86207711826	0.0133135962973	-45.3414227233
gpc_glycerol	18.9	0.097	0.087	63	3.86233083624	0.0109368997707	81.2559489026
gpc_glycerol	18.9	0.097	0.087	64	3.86229001641	0.00587728633867	254.625480349
gpc_glycerol	18.9	0.097	0.087	65	3.86498657256	0.00633399138609	46.5664670571
gpc_glycerol	18.9	0.097	0.087	66	3.86792825939	0.0672752882845	52.999861384
gpc_glycerol	18.9	0.097	0.087	67	3.87228122709	0.0019735235953	-33.3398914747
gpc_glycerol	18.9	0.097	0.087	68	3.87719952157	0.0832646300767	54.1665940936
gpc_glycerol	18.9	0.097	0.087	69	3.87873683732	0.00145510941777	-31.2990985789
gpc_glycerol	18.9	0.097	0.087	70	3.87889251746	0.0962269990925	54.3960351754
gpc_glycerol	18.9	0.097	0.087	71	3.88229407798	0.0122152639421	250.35630364
gpc_glycerol	18.9	0.097	0.087	72	3.8829159253	0.0691106434281	56.013818135
gpc_glycerol	18.9	0.097	0.087	73	3.88548100392	0.0150179385457	267.158519393
gpc_glycerol	18.9	0.097	0.087	74	3.89004289339	0.0869643433616	55.8730895238
gpc_glycerol	18.9	0.097	0.087	75	3.88969965259	0.00820752301309	-48.1511382096
gpc_glycerol	18.9	0.097	0.087	76	3.89155177169	0.0187536123261	-16.4877437587
gpc_glycerol	18.9	0.097	0.087	77	3.89197892786	0.0607190625191	55.1569715668
gpc_glycerol	18.9	0.097	0.087	78	3.89398445428	0.0185678829096	156.541835063
gpc_glycerol	18.9	0.097	0.087	79	3.89457447322	0.0522491864854	53.1782962458
gpc_glycerol	18.9	0.097	0.087	80	3.89559409324	0.0152321658658	131.239199833
gpc_glycerol	18.9	0.097	0.087	81	3.89746291888	0.0575181459571	66.3241598235
gpc_glycerol	18.9	0.097	0.087	82	3.90024924262	0.0603720949489	54.4275742918
gpc_glycerol	18.9	0.097	0.087	83	3.90085708864	0.0143292943875	147.19635251
gpc_glycerol	18.9	0.097	0.087	84	3.90282766664	0.102701388679	52.7828646551
gpc_glycerol	18.9	0.097	0.087	85	3.90383071852	0.0132285936216	214.310576642
gpc_glycerol	18.9	0.097	0.087	86	3.90500785528	0.0409972985452	50.258211805
gpc_glycerol	18.9	0.097	0.087	87	3.90638244408	0.0171729440686	181.187028787
gpc_glycerol	18.9	0.097	0.087	88	3.9074605891	0.0296268553745	55.6485100252
gpc_glycerol	18.9	0.097	0.087	89	3.91016078769	0.000850692700992	99.4120980013
gpc_glycerol	18.9	0.097	0.087	90	3.91230514209	0.0572878093767	55.1671966862
gpc_glycerol	18.9	0.097	0.087	91	3.91367293465	0.0153251068658	-4.82207130852
gpc_glycerol	18.9	0.097	0.087	92	3.91484798567	0.1027305244	54.8858347755
gpc_glycerol	18.9	0.097	0.087	93	3.91513024701	0.00288075735418	241.162965006
gpc_glycerol	18.9	0.097	0.087	94	3.91648012586	0.0187428074049	-13.0770182306
gpc_glycerol	18.9	0.097	0.087	95	3.92257910651	0.0677257401611	52.6795709269
gpc_glycerol	18.9	0.097	0.087	96	3.92289329762	0.0168821109427	202.970234558
gpc_glycerol	18.9	0.097	0.087	97	3.92451099712	0.136340718605	54.594789613
gpc_glycerol	18.9	0.097	0.087	98	3.92460487659	0.0106809109873	-49.7130115394
gpc_glycerol	18.9	0.097	0.087	99	3.92696432806	0.0624964290627	53.8743288354
gpc_glycerol	18.9	0.097	0.087	100	3.92887850203	0.00786572654555	-82.6203774778
gpc_glycerol	18.9	0.097	0.087	101	3.93255774303	0.0588037617079	54.4380624447
gpc_glycerol	18.9	0.097	0.087	102	3.9368919406	0.00195692587492	60.9332484656
gpc_glycerol	18.9	0.097	0.087	103	3.9392186131	0.00832549276991	243.093850168
gpc_glycerol	18.9	0.097	0.087	104	3.94055921232	0.00873860302874	112.378697568
gpc_glycerol	18.9	0.097	0.087	105	3.94146213251	0.0103060895365	204.343059839
gpc_glycerol	18.9	0.097	0.087	106	3.94629854016	0.00658574314876	102.772543134
gpc_glycerol	18.9	0.097	0.087	107	3.94693625449	0.0243600278606	11.1542838
gpc_glycerol	18.9	0.097	0.087	108	3.94687855049	0.0149186653268	269.329223659
gpc_glycerol	18.9	0.097	0.087	109	3.94788711097	0.00610240849093	-70.3650912348
gpc_glycerol	18.9	0.097	0.087	110	3.95574286806	0.0845452608041	53.8603105944
gpc_glycerol	18.9	0.097	0.087	111	3.96222783288	0.0129487338903	53.8727931315
gpc_glycerol	18.9	0.097	0.087	112	3.96500107752	0.043120564244	54.0435307514
gpc_glycerol	18.9	0.097	0.087	113	3.97065269	0.0270801664898	110.28985561
gpc_glycerol	18.9	0.097	0.087	114	3.97072489404	0.0145568447006	31.1031120142
gpc_glycerol	18.9	0.097	0.087	115	3.97601537455	0.00908670735591	39.0846593304
gpc_glycerol	18.9	0.097	0.087	116	3.97708340707	0.00509389103378	160.252462503
gpc_glycerol	18.9	0.097	0.087	117	3.97946945598	0.0125003760738	164.771508553
gpc_glycerol	18.9	0.097	0.087	118	3.98015718562	0.00259224753272	54.3829022953
gpc_glycerol	18.9	0.097	0.087	119	3.98814331955	0.00357729553192	195.194676957
gpc_glycerol	18.9	0.097	0.087	120	3.98909628608	0.000811013652198	54.5377701471
gpc_glycerol	18.9	0.097	0.087	121	3.99287263047	0.0046792696253	2.09290864266
gpc_glycerol	18.9	0.097	0.087	122	3.99474932178	0.00341527887796	252.582276606
gpc_glycerol	18.9	0.097	0.087	123	4.00355782207	0.00202189356102	-8.43556185402
gpc_N(CH3)3_a	18.9	0.097	0.121	0	3.21072433385	1.47012084173	53.9908449328
gpc_N(CH3)3_a	18.9	0.097	0.121	1	3.21266953214	0.29871786144	224.739068637
gpc_N(CH3)3_a	18.9	0.097	0.121	2	3.21289241891	0.173485639868	172.890922284
gpc_N(CH3)3_a	18.9	0.097	0.121	3	3.21275456171	0.232137385072	-62.6750364423
gpc_N(CH3)3_a	18.9	0.097	0.121	4	3.21342423719	0.0879346811514	136.641759483
gpc_N(CH3)3_a	18.9	0.097	0.121	5	3.21342445093	0.0608876618937	36.1878014062
gpc_N(CH3)3_b	18.9	0.097	0.121	0	3.21083492005	2.01217525752	54.3359897613
gpc_N(CH3)3_b	18.9	0.097	0.121	1	3.21218420617	0.122912288987	184.150035554
gpc_N(CH3)3_b	18.9	0.097	0.121	2	3.21211408919	0.100883031619	-26.9018585522
gpc_N(CH3)3_b	18.9	0.097	0.121	3	3.2130424902	1.3281056595	60.928719487
gpc_N(CH3)3_b	18.9	0.097	0.121	4	3.21228540236	0.0875511736414	242.895818761
gpc_N(CH3)3_b	18.9	0.097	0.121	5	3.21317619399	1.17716441142	61.4696220962
gpc_N(CH3)3_b	18.9	0.097	0.121	6	3.21209721956	0.0231188101415	-71.8694499919
gpc_N(CH3)3_b	18.9	0.097	0.121	7	3.21338171904	0.998582275234	62.6171710788
gpc_N(CH3)3_b	18.9	0.097	0.121	8	3.21342440893	0.0218193606401	114.170835876
naa_acetyl	18.9	1.0	0.13	0	2.008	2.99960242743	51.8134717405
myoinositol	18.9	0.578	0.087	0	3.24492931194	0.214235091177	62.7551295171
myoinositol	18.9	0.578	0.087	1	3.26817538352	0.508113154519	52.8282407177
myoinositol	18.9	0.578	0.087	2	3.29144481571	0.264711675638	41.0781131583
myoinositol	18.9	0.578	0.087	3	3.50392081936	0.365470717036	57.1618231647
myoinositol	18.9	0.578	0.087	4	3.51115586485	0.381185026805	48.8365893189
myoinositol	18.9	0.578	0.087	5	3.52885794932	0.62330612653	56.5290499171
myoinositol	18.9	0.578	0.087	6	3.53609009465	0.628726381744	49.1000520632
myoinositol	18.9	0.578	0.087	7	3.59237175107	0.658160501567	59.8548400671
myoinositol	18.9	0.578	0.087	8	3.61623095414	0.928540796764	52.7574145846
myoinositol	18.9	0.578	0.087	9	3.61774971673	0.0501010578762	61.0364418264
myoinositol	18.9	0.578	0.087	10	3.64059032255	0.353171943589	48.3968801708
myoinositol	18.9	0.578	0.087	11	4.04661733565	0.254232655757	61.6895036752
myoinositol	18.9	0.578	0.087	12	4.05385084635	0.497841253567	53.7657582157
myoinositol	18.9	0.578	0.087	13	4.0610841507	0.242816559242	46.1414849655
lactate	18.9	0.039	0.087	0	1.30551139151	1.46877728024	74.967639677
lactate	18.9	0.039	0.087	1	1.32283489772	1.47278228352	31.7146562672
lactate	18.9	0.039	0.087	2	4.07149562031	0.128313665378	118.936257331
lactate	18.9	0.039	0.087	3	4.08881859101	0.374605875507	75.1508159122
lactate	18.9	0.039	0.087	4	4.10614236199	0.37246552095	31.7601325253
lactate	18.9	0.039	0.087	5	4.12346612782	0.12437157997	-10.637567662
naag_glutamate	18.9	0.16	0.087	0	1.871	0.99973371751	51.497881125
naag_glutamate	18.9	0.16	0.087	1	2.039	0.999837234826	51.8871236749
naag_glutamate	18.9	0.16	0.087	2	2.17	0.999269441859	52.1861509868
naag_glutamate	18.9	0.16	0.087	3	2.18	0.99917820957	52.2091719244
naag_glutamate	18.9	0.16	0.087	4	4.118	0.999870317356	53.6357672091
naa_aspartate	18.9	1.0	0.069	0	2.44252660976	0.179929171529	81.3842306006
naa_aspartate	18.9	1.0	0.069	1	2.46692275125	0.224088295855	29.3715491629
naa_aspartate	18.9	1.0	0.069	2	2.48148601013	0.307703121729	73.4941665756
naa_aspartate	18.9	1.0	0.069	3	2.50588215261	0.272657040121	24.0873877079
naa_aspartate	18.9	1.0	0.069	4	2.64032763479	0.308956952273	74.3928284385
naa_aspartate	18.9	1.0	0.069	5	2.6501180984	0.269438805753	42.7314345586
naa_aspartate	18.9	1.0	0.069	6	2.67928703489	0.180924964683	67.2605394799
naa_aspartate	18.9	1.0	0.069	7	2.68907749936	0.219290462011	38.2747593596
naa_aspartate	18.9	1.0	0.069	8	4.3466855594	0.126330999647	114.529214998
naa_aspartate	18.9	1.0	0.069	9	4.35647595269	0.122445958813	84.9278148401
naa_aspartate	18.9	1.0	0.069	10	4.36267675648	0.127186644855	72.8458092742
naa_aspartate	18.9	1.0	0.069	11	4.37178412917	0.247198338631	53.8211144728
naa_aspartate	18.9	1.0	0.069	12	4.380872152	0.120293156572	34.0889915857
naa_aspartate	18.9	1.0	0.069	13	4.38707283233	0.122360702987	22.8959617928
naa_aspartate	18.9	1.0	0.069	14	4.3968633676	0.123894056329	-7.78764752379
naag_aspartyl	18.9	0.16	0.087	0	2.47528234113	0.186789349967	78.7299476775
naag_aspartyl	18.9	0.16	0.087	1	2.49895078736	0.223892160984	32.9650768985
naag_aspartyl	18.9	0.16	0.087	2	2.5150365979	0.30210095829	70.5146576455
naag_aspartyl	18.9	0.16	0.087	3	2.53870504413	0.270452787829	25.9134005548
naag_aspartyl	18.9	0.16	0.087	4	2.6874799919	0.298839730361	74.8009600158
naag_aspartyl	18.9	0.16	0.087	5	2.69861077995	0.272173297236	44.2752315449
naag_aspartyl	18.9	0.16	0.087	6	2.72723424867	0.188768533715	66.7815867051
naag_aspartyl	18.9	0.16	0.087	7	2.73836503673	0.217494379484	38.5618859631
naag_aspartyl	18.9	0.16	0.087	8	4.57968417591	0.251045051959	90.9479620582
naag_aspartyl	18.9	0.16	0.087	9	4.59081496397	0.249398997591	62.2131814149
naag_aspartyl	18.9	0.16	0.087	10	4.60335262215	0.249146888381	46.4506381125
naag_aspartyl	18.9	0.16	0.087	11	4.6144834102	0.237835977752	16.4468174499
naag_acetyl	18.9	0.16	0.13	0	2.032	2.99953857781	51.8706046611
pcr_N(CH3)	18.9	0.422	0.09	0	3.029	2.93507398076	55.3765402368
pcho_N(CH3)3_a	18.9	0.058	0.121	0	3.20671775187	1.4634474051	53.8635999946
pcho_N(CH3)3_a	18.9	0.058	0.121	1	3.20862230595	0.330492648803	220.155780994
pcho_N(CH3)3_a	18.9	0.058	0.121	2	3.20869763175	0.233055420301	193.627984355
pcho_N(CH3)3_a	18.9	0.058	0.121	3	3.20880849504	0.214479811196	-60.3888500332
pcho_N(CH3)3_a	18.9	0.058	0.121	4	3.20874170903	0.128509985709	38.1822016641
pcho_N(CH3)3_a	18.9	0.058	0.121	5	3.20942420094	0.124489394588	148.588100876
pcho_X	18.9	0.058	0.087	0	3.56758494629	0.000655293315579	212.245595629
pcho_X	18.9	0.058	0.087	1	3.62894752156	0.407554544281	70.9474337149
pcho_X	18.9	0.058	0.087	2	3.62886159639	0.010930268933	191.980317796
pcho_X	18.9	0.058	0.087	3	3.63373268387	0.100068629037	70.4090335597
pcho_X	18.9	0.058	0.087	4	3.63548161173	0.11672099374	61.7240794132
pcho_X	18.9	0.058	0.087	5	3.63548355364	0.0125158601095	-44.0740754616
pcho_X	18.9	0.058	0.087	6	3.64077884131	0.424079501932	53.1518387197
pcho_X	18.9	0.058	0.087	7	3.64023290755	0.0316305125627	250.88900829
pcho_X	18.9	0.058	0.087	8	3.64132425072	0.00382227925605	126.692614423
pcho_X	18.9	0.058	0.087	9	3.64639543967	0.120722848654	44.4937837749
pcho_X	18.9	0.058	0.087	10	3.64639322669	0.00624105102018	205.574883539
pcho_X	18.9	0.058	0.087	11	3.64814426383	0.100969557442	39.6777404371
pcho_X	18.9	0.058	0.087	12	3.65276838966	0.426267256674	34.0449635059
pcho_X	18.9	0.058	0.087	13	3.65280223366	0.0336650609361	-49.1742723825
pcho_X	18.9	0.058	0.087	14	3.71397221198	0.00276902587173	263.729973263
pcho_X	18.9	0.058	0.087	15	4.20855157063	0.00127668250095	197.118594067
pcho_X	18.9	0.058	0.087	16	4.25408080104	0.0852699185711	72.1388673628
pcho_X	18.9	0.058	0.087	17	4.25870254849	0.0182897361335	64.7910404924
pcho_X	18.9	0.058	0.087	18	4.26079110852	0.109408713295	70.1554156044
pcho_X	18.9	0.058	0.087	19	4.26681178206	0.212465699991	63.2993178003
pcho_X	18.9	0.058	0.087	20	4.26967977058	0.0179921584557	118.681065535
pcho_X	18.9	0.058	0.087	21	4.26982430173	0.00665883573286	-86.4930304331
pcho_X	18.9	0.058	0.087	22	4.27280402877	0.168029497186	53.9302791681
pcho_X	18.9	0.058	0.087	23	4.27437741655	0.00748767355739	99.5495171605
pcho_X	18.9	0.058	0.087	24	4.2772508521	0.20052490703	53.7432845456
pcho_X	18.9	0.058	0.087	25	4.27995079681	0.120526416098	53.8899145643
pcho_X	18.9	0.058	0.087	26	4.28119561289	0.00358133458358	130.011261273
pcho_X	18.9	0.058	0.087	27	4.28386586434	0.230059923305	56.8888693575
pcho_X	18.9	0.058	0.087	28	4.28820180372	0.120500676069	53.8781486485
pcho_X	18.9	0.058	0.087	29	4.28704025753	0.00618874670559	146.570258624
pcho_X	18.9	0.058	0.087	30	4.28878857682	0.00190888584214	172.585184361
pcho_X	18.9	0.058	0.087	31	4.28974846876	0.024104638572	62.6627341646
pcho_X	18.9	0.058	0.087	32	4.29152384718	0.0792813399474	35.6626743248
pcho_X	18.9	0.058	0.087	33	4.2950886373	0.127361980536	50.1654924442
pcho_X	18.9	0.058	0.087	34	4.29366174995	0.0173149389083	245.557839346
pcho_X	18.9	0.058	0.087	35	4.30044633396	0.102651575378	37.4212002413
pcho_X	18.9	0.058	0.087	36	4.3024096743	0.017519868918	42.0690834127
pcho_X	18.9	0.058	0.087	37	4.307196458	0.0793591050846	34.9236124508
pcho_N(CH3)3_b	18.9	0.058	0.121	0	3.20684813591	2.03380157987	54.1357507471
pcho_N(CH3)3_b	18.9	0.058	0.121	1	3.20823544409	0.177324501302	188.204067848
pcho_N(CH3)3_b	18.9	0.058	0.121	2	3.20804839837	0.108436499596	-34.2689627007
pcho_N(CH3)3_b	18.9	0.058	0.121	3	3.20827735848	0.0977670001977	231.396036396
pcho_N(CH3)3_b	18.9	0.058	0.121	4	3.20938527503	0.998792163407	63.0005150075
pcho_N(CH3)3_b	18.9	0.058	0.121	5	3.20942426773	0.701162332523	62.703013043
scyllo-inositol	18.9	0.044	0.087	0	3.34	5.97135969756	53.693650864
pcr_X	18.9	0.422	0.081	0	3.93	1.99709778894	53.6886984264
taurine	18.9	0.117	0.085	0	3.22786413981	0.203454225622	55.2101391187
taurine	18.9	0.117	0.085	1	3.22953240332	0.205342211364	55.6239340904
taurine	18.9	0.117	0.085	2	3.24508796405	0.96122426304	53.7999869293
taurine	18.9	0.117	0.085	3	3.24725628213	0.0216702026279	54.0196793961
taurine	18.9	0.117	0.085	4	3.26154346656	0.589884234663	51.3216542802
taurine	18.9	0.117	0.085	5	3.40495638349	0.59372389322	56.4972506782
taurine	18.9	0.117	0.085	6	3.42136377822	0.99010265126	53.7524076006
taurine	18.9	0.117	0.085	7	3.43696773629	0.206771751201	51.685329173
taurine	18.9	0.117	0.085	8	3.43863572058	0.204576620776	52.0394601978
peth	18.9	0.126	0.087	0	3.20333975855	0.404955274061	79.808153694
peth	18.9	0.126	0.087	1	3.20324494165	0.0094888501073	-33.6296502346
peth	18.9	0.126	0.087	2	3.21112713128	0.203584305814	64.1194817983
peth	18.9	0.126	0.087	3	3.21105422929	0.0166231364184	-35.9666366203
peth	18.9	0.126	0.087	4	3.21578319393	0.429759047449	55.9048877294
peth	18.9	0.126	0.087	5	3.21612334552	0.0129007133394	147.408002903
peth	18.9	0.126	0.087	6	3.22080077729	0.222275031087	45.1878774371
peth	18.9	0.126	0.087	7	3.22100249815	0.0120317983685	129.578377649
peth	18.9	0.126	0.087	8	3.22842002257	0.438574325193	30.4494723659
peth	18.9	0.126	0.087	9	3.95443964242	0.170833499042	79.1587292098
peth	18.9	0.126	0.087	10	3.95641086494	0.0854162245219	79.2424993603
peth	18.9	0.126	0.087	11	3.96204895192	0.0843693109152	63.4302779688
peth	18.9	0.126	0.087	12	3.96402103044	0.0421843379807	63.4636240057
peth	18.9	0.126	0.087	13	3.96706915969	0.168848406747	53.5536407885
peth	18.9	0.126	0.087	14	3.96904021638	0.0844008032256	53.548463288
peth	18.9	0.126	0.087	15	3.97263390125	0.214693988587	57.8735890979
peth	18.9	0.126	0.087	16	3.97182036418	0.0220725852404	208.681840723
peth	18.9	0.126	0.087	17	3.97436885727	0.0854336750048	79.9922098551
peth	18.9	0.126	0.087	18	3.97976323782	0.201209075246	36.3452965115
peth	18.9	0.126	0.087	19	3.97915265948	0.000633134681992	-50.9683051412
peth	18.9	0.126	0.087	20	3.97953764324	0.0136902636698	191.486999062
peth	18.9	0.126	0.087	21	3.98166331705	0.12170286927	41.0374323733
peth	18.9	0.126	0.087	22	3.98619526789	0.179779033194	52.9851981639
peth	18.9	0.126	0.087	23	3.98469069252	0.00765953885124	-79.2341756609
peth	18.9	0.126	0.087	24	3.98885165446	0.0092860722252	130.078893977
peth	18.9	0.126	0.087	25	3.99082270983	0.0917477400811	41.9298774727
peth	18.9	0.126	0.087	26	3.99673582473	0.0104660373415	257.724719412
peth	18.9	0.126	0.087	27	3.99863965155	0.173886937257	29.873368486
peth	18.9	0.126	0.087	28	4.05782772066	0.000597756439777	56.4693308626
