;PINTS for FITMAN Simulation Output
;Experiment Information
;---------------------------------------------------------------------------
;Name: semi-LASER
;Created: 2017_10_30
;Comment: Density-matrix simulations of metabolites using PyGAMMA and metabolite parameters from V. Govindaraju et. al, NMR Biomed. 2000;13:129-153
;PI: bartha-olemew
;b0: 297.2
;49 Metabolites: alanine, aspartate, choline_1-CH2_2-CH2, choline_N(CH3)3_a, choline_N(CH3)3_b, creatine_N(CH3), creatine_X, d-glucose-alpha, d-glucose-beta, gaba, glutamate, glutamine, glutathione_cysteine, glutathione_glutamate, glutathione_glycine, glycine, gpc_7-CH2_8-CH2, gpc_glycerol, gpc_N(CH3)3_a, gpc_N(CH3)3_b, lactate, myoinositol, naa_acetyl, naa_aspartate, naag_acetyl, naag_aspartyl, naag_glutamate, pcho_N(CH3)3_a, pcho_N(CH3)3_b, pcho_X, pcr_N(CH3), pcr_X, peth, scyllo-inositol, taurine, lm1, lm2, lm3, lm4, lm5, lm6, lm7, lm8, lm9, lm10, lm11, lm12, lm13, lm14
;Simulation Results
;---------------------------------------------------------------------------
aspartate	195.0	0.117	0.087	0	2.60315461543	0.069393631276	253.995097638
aspartate	195.0	0.117	0.087	1	2.63321004478	0.171624101305	79.758013687
aspartate	195.0	0.117	0.087	2	2.66178300881	0.338455182958	70.5033040568
aspartate	195.0	0.117	0.087	3	2.69183843816	0.359496216159	199.601651426
aspartate	195.0	0.117	0.087	4	2.77093866344	0.384046271845	27.8516270053
aspartate	195.0	0.117	0.087	5	2.78379157363	0.317099282335	97.5227255055
aspartate	195.0	0.117	0.087	6	2.82956705682	0.102754899124	196.855184093
aspartate	195.0	0.117	0.087	7	2.84241996702	0.162519929556	213.404086715
aspartate	195.0	0.117	0.087	8	3.8701699882	0.285992941178	75.8178138884
aspartate	195.0	0.117	0.087	9	3.8830228984	0.237016427077	131.157843909
aspartate	195.0	0.117	0.087	10	3.90022541756	0.170833343035	209.101029666
aspartate	195.0	0.117	0.087	11	3.91307832775	0.243279470701	-86.0253385654
choline_1-CH2_2-CH2	195.0	0.165	0.087	0	3.40528755443	0.00425880889466	41.4926008682
choline_1-CH2_2-CH2	195.0	0.165	0.087	1	3.48361919778	0.322566548197	-4.15356451033
choline_1-CH2_2-CH2	195.0	0.165	0.087	2	3.48340724382	0.0068241152737	225.971606346
choline_1-CH2_2-CH2	195.0	0.165	0.087	3	3.4838750549	0.0155586064427	113.118571056
choline_1-CH2_2-CH2	195.0	0.165	0.087	4	3.49446190072	0.168277795207	132.092580214
choline_1-CH2_2-CH2	195.0	0.165	0.087	5	3.49441809057	0.0162646101222	247.06623668
choline_1-CH2_2-CH2	195.0	0.165	0.087	6	3.49451015708	0.0357640020678	-52.2588436343
choline_1-CH2_2-CH2	195.0	0.165	0.087	7	3.50048623234	0.375651580062	-11.8098984497
choline_1-CH2_2-CH2	195.0	0.165	0.087	8	3.50738547049	0.162609798189	209.662728022
choline_1-CH2_2-CH2	195.0	0.165	0.087	9	3.507371712	0.0299871011107	71.7804794192
choline_1-CH2_2-CH2	195.0	0.165	0.087	10	3.51774784656	0.353032901818	-14.5375877711
choline_1-CH2_2-CH2	195.0	0.165	0.087	11	3.51797091101	0.0275355492444	41.3644449324
choline_1-CH2_2-CH2	195.0	0.165	0.087	12	3.59567488242	0.00234121208684	51.9904533303
choline_1-CH2_2-CH2	195.0	0.165	0.087	13	3.96815265095	0.00155555503363	-9.49425735597
choline_1-CH2_2-CH2	195.0	0.165	0.087	14	4.0283966815	0.161288132903	-2.37013116696
choline_1-CH2_2-CH2	195.0	0.165	0.087	15	4.03722550829	0.166544885386	-3.85628854996
choline_1-CH2_2-CH2	195.0	0.165	0.087	16	4.03877234548	0.0809507418052	135.737075179
choline_1-CH2_2-CH2	195.0	0.165	0.087	17	4.04565074863	0.160528293305	-2.79758099853
choline_1-CH2_2-CH2	195.0	0.165	0.087	18	4.04585662236	0.0193145642271	225.327169435
choline_1-CH2_2-CH2	195.0	0.165	0.087	19	4.04628113774	0.0222234791409	74.7827215591
choline_1-CH2_2-CH2	195.0	0.165	0.087	20	4.04760325583	0.0820694674229	133.684011535
choline_1-CH2_2-CH2	195.0	0.165	0.087	21	4.05169578037	0.0846916976557	211.024912975
choline_1-CH2_2-CH2	195.0	0.165	0.087	22	4.05447818249	0.165083712333	-5.81812371953
choline_1-CH2_2-CH2	195.0	0.165	0.087	23	4.05639419526	0.0279267963324	124.643686394
choline_1-CH2_2-CH2	195.0	0.165	0.087	24	4.05649512241	0.00219126562398	-21.3918605531
choline_1-CH2_2-CH2	195.0	0.165	0.087	25	4.06052699958	0.0836964745725	213.283895202
choline_1-CH2_2-CH2	195.0	0.165	0.087	26	4.06258321975	0.184340619426	-7.90292516374
choline_1-CH2_2-CH2	195.0	0.165	0.087	27	4.06381701365	0.0229510818033	216.628771427
choline_1-CH2_2-CH2	195.0	0.165	0.087	28	4.06936660414	0.0293696046144	-29.0593746474
choline_1-CH2_2-CH2	195.0	0.165	0.087	29	4.07136647198	0.159352557906	-9.04886821342
choline_1-CH2_2-CH2	195.0	0.165	0.087	30	4.07996127587	0.0302262381346	42.7878324705
choline_1-CH2_2-CH2	195.0	0.165	0.087	31	4.08042102971	0.0347154708088	189.704605431
choline_1-CH2_2-CH2	195.0	0.165	0.087	32	4.15854877634	0.0022800161297	-65.0038668721
choline_N(CH3)3_a	195.0	0.165	0.121	0	3.18308188091	1.32287689514	-6.15933088112
choline_N(CH3)3_a	195.0	0.165	0.121	1	3.18499956201	0.0845929663251	50.6298699667
choline_N(CH3)3_a	195.0	0.165	0.121	2	3.18499956222	0.0774337602638	166.792518798
choline_N(CH3)3_a	195.0	0.165	0.121	3	3.18499956231	0.137213410905	-48.6431983777
choline_N(CH3)3_a	195.0	0.165	0.121	4	3.18499956202	0.0734576064639	53.4162807746
choline_N(CH3)3_a	195.0	0.165	0.121	5	3.18499956213	0.0152753987359	238.028115346
choline_N(CH3)3_a	195.0	0.165	0.121	6	3.18499956237	0.0431961378167	134.382252055
choline_N(CH3)3_a	195.0	0.165	0.121	7	3.18691769164	0.151275744069	143.830835425
choline_N(CH3)3_a	195.0	0.165	0.121	8	3.18691770159	0.140722923828	-45.5179163419
choline_N(CH3)3_a	195.0	0.165	0.121	9	3.18691777644	0.06916779625	53.0352614116
choline_N(CH3)3_a	195.0	0.165	0.121	10	3.18691813678	0.0208539016561	256.197951414
alanine	195.0	0.078	0.087	0	1.45446595931	0.489812109443	-22.3715165465
alanine	195.0	0.078	0.087	1	1.47880379899	0.203515978029	185.069647386
alanine	195.0	0.078	0.087	2	3.7382838008	0.121712451613	22.8397870515
alanine	195.0	0.078	0.087	3	3.7626264057	0.376474279638	243.292132192
alanine	195.0	0.078	0.087	4	3.78695421486	0.35192472889	101.99507053
alanine	195.0	0.078	0.087	5	3.81130127456	0.119539773699	-39.1844471153
creatine_N(CH3)	195.0	0.296	0.09	0	3.027	2.99905135901	-1.59888950343
choline_N(CH3)3_b	195.0	0.165	0.121	0	3.18308188064	1.65248409531	-6.15932237881
choline_N(CH3)3_b	195.0	0.165	0.121	1	3.18499956192	0.106805626885	150.521584305
choline_N(CH3)3_b	195.0	0.165	0.121	2	3.18499956223	0.414373604462	0.18924573295
choline_N(CH3)3_b	195.0	0.165	0.121	3	3.18499956241	0.103664347557	61.9567170212
choline_N(CH3)3_b	195.0	0.165	0.121	4	3.18499956242	0.293477611863	-2.01072155493
choline_N(CH3)3_b	195.0	0.165	0.121	5	3.18499956236	0.108696471772	193.678554167
choline_N(CH3)3_b	195.0	0.165	0.121	6	3.18499956245	0.26424785481	-3.0245955555
choline_N(CH3)3_b	195.0	0.165	0.121	7	3.1849995625	0.0698467897556	214.751330657
choline_N(CH3)3_b	195.0	0.165	0.121	8	3.18499956266	0.14608176127	-2.56122688275
choline_N(CH3)3_b	195.0	0.165	0.121	9	3.18499956257	0.0441756578553	-28.4531854327
choline_N(CH3)3_b	195.0	0.165	0.121	10	3.18691773762	0.739840885301	-10.5910328155
choline_N(CH3)3_b	195.0	0.165	0.121	11	3.18691802499	0.0307248547643	109.484635129
choline_N(CH3)3_b	195.0	0.165	0.121	12	3.18691756535	0.0200251209764	220.256180153
choline_N(CH3)3_b	195.0	0.165	0.121	13	3.1869178658	0.604479565167	-9.89970875928
choline_N(CH3)3_b	195.0	0.165	0.121	14	3.18691768131	0.0111768287643	-85.9133528804
creatine_X	195.0	0.296	0.081	0	3.913	1.99060551673	-7.99857893349
d-glucose-alpha	195.0	0.049	0.087	0	3.31835867024	0.00148287563177	29.9131989509
d-glucose-alpha	195.0	0.049	0.087	1	3.3496321699	0.0038739223038	91.1637181237
d-glucose-alpha	195.0	0.049	0.087	2	3.35196171338	0.00453977271454	-84.6131056028
d-glucose-alpha	195.0	0.049	0.087	3	3.35228868416	0.00444940045496	244.813532249
d-glucose-alpha	195.0	0.049	0.087	4	3.36160512377	0.140149320613	-26.435564352
d-glucose-alpha	195.0	0.049	0.087	5	3.3636241251	0.0238037021047	-73.0352018933
d-glucose-alpha	195.0	0.049	0.087	6	3.36395425626	0.0148739149181	246.902205912
d-glucose-alpha	195.0	0.049	0.087	7	3.38340401035	0.00740733062515	-27.7763831291
d-glucose-alpha	195.0	0.049	0.087	8	3.39400194111	0.201847293721	-18.4387845118
d-glucose-alpha	195.0	0.049	0.087	9	3.39409552946	0.175642558293	-10.1302847533
d-glucose-alpha	195.0	0.049	0.087	10	3.39295150518	0.00315567973592	169.662907914
d-glucose-alpha	195.0	0.049	0.087	11	3.39312928902	0.0142309408452	239.401985151
d-glucose-alpha	195.0	0.049	0.087	12	3.40385363361	0.00965098088107	-36.2174992002
d-glucose-alpha	195.0	0.049	0.087	13	3.42373822746	0.026424336365	76.9103274594
d-glucose-alpha	195.0	0.049	0.087	14	3.42374642556	0.0160570983711	17.16406649
d-glucose-alpha	195.0	0.049	0.087	15	3.42557188416	0.0424789571748	-11.5092748738
d-glucose-alpha	195.0	0.049	0.087	16	3.42554400428	0.0791528389686	68.0665480161
d-glucose-alpha	195.0	0.049	0.087	17	3.43532442652	0.0133629449048	2.17328550248
d-glucose-alpha	195.0	0.049	0.087	18	3.43724832067	0.00334615949131	-79.0672594529
d-glucose-alpha	195.0	0.049	0.087	19	3.43744199413	0.00050763463191	267.156593967
d-glucose-alpha	195.0	0.049	0.087	20	3.46873880498	0.00426676879832	-20.7489448613
d-glucose-alpha	195.0	0.049	0.087	21	3.49518550118	0.158947553946	105.545233802
d-glucose-alpha	195.0	0.049	0.087	22	3.50772988946	0.168500751678	191.148501997
d-glucose-alpha	195.0	0.049	0.087	23	3.52721578482	0.203651644542	142.405377314
d-glucose-alpha	195.0	0.049	0.087	24	3.5274571841	0.0547416055988	108.097352116
d-glucose-alpha	195.0	0.049	0.087	25	3.54001848893	0.285759170583	240.394916894
d-glucose-alpha	195.0	0.049	0.087	26	3.59908753984	0.00105096637285	238.123942561
d-glucose-alpha	195.0	0.049	0.087	27	3.66849473347	0.32770360166	-58.3464535441
d-glucose-alpha	195.0	0.049	0.087	28	3.70026245243	0.315464745992	5.32615029259
d-glucose-alpha	195.0	0.049	0.087	29	3.70043708869	0.233077359494	10.6269469657
d-glucose-alpha	195.0	0.049	0.087	30	3.71005615378	0.088071498483	-64.1944745362
d-glucose-alpha	195.0	0.049	0.087	31	3.71259346792	0.0871135720082	249.213890213
d-glucose-alpha	195.0	0.049	0.087	32	3.72174866654	0.0196898647082	8.78282245359
d-glucose-alpha	195.0	0.049	0.087	33	3.73203274199	0.211903683516	25.0791333688
d-glucose-alpha	195.0	0.049	0.087	34	3.73249782495	0.0754460779212	136.278562419
d-glucose-alpha	195.0	0.049	0.087	35	3.73222537625	0.00518216149994	204.354647148
d-glucose-alpha	195.0	0.049	0.087	36	3.75201127829	0.114003029685	115.334367475
d-glucose-alpha	195.0	0.049	0.087	37	3.75300684108	0.0464238153398	-13.6796722162
d-glucose-alpha	195.0	0.049	0.087	38	3.76247972065	0.0235866835723	207.179469236
d-glucose-alpha	195.0	0.049	0.087	39	3.77360618712	0.385441636485	66.82537924
d-glucose-alpha	195.0	0.049	0.087	40	3.79605251413	0.151396693738	229.870947664
d-glucose-alpha	195.0	0.049	0.087	41	3.80032467201	0.0613591588263	214.9687441
d-glucose-alpha	195.0	0.049	0.087	42	3.80652253368	0.041270936659	75.0793507839
d-glucose-alpha	195.0	0.049	0.087	43	3.80790493586	0.0683287598661	-36.250953947
d-glucose-alpha	195.0	0.049	0.087	44	3.81079406808	0.249757395023	22.6720859808
d-glucose-alpha	195.0	0.049	0.087	45	3.81304828433	0.224835379084	-13.8974815706
d-glucose-alpha	195.0	0.049	0.087	46	3.81822037345	0.12585777255	190.003683755
d-glucose-alpha	195.0	0.049	0.087	47	3.82248934455	0.0234115482403	105.133352347
d-glucose-alpha	195.0	0.049	0.087	48	3.82813281786	0.120571281497	-52.5382468482
d-glucose-alpha	195.0	0.049	0.087	49	3.83327624337	0.0388891369721	-80.5281539266
d-glucose-alpha	195.0	0.049	0.087	50	3.83321853809	0.021216250747	266.92084611
d-glucose-alpha	195.0	0.049	0.087	51	3.84803735286	0.0125897056677	210.977864118
d-glucose-alpha	195.0	0.049	0.087	52	3.84848160712	0.202563516843	-47.3685513106
d-glucose-alpha	195.0	0.049	0.087	53	3.85314161969	0.104493048862	224.681451628
d-glucose-alpha	195.0	0.049	0.087	54	3.85320443302	0.074311591879	119.527944494
d-glucose-alpha	195.0	0.049	0.087	55	3.89677920203	0.0048330549008	-42.8515330696
d-glucose-alpha	195.0	0.049	0.087	56	3.92859145246	0.00411784611113	5.08611002056
glutamate	195.0	0.898	0.088	0	1.96706804127	0.0220497809204	-51.0720885408
glutamate	195.0	0.898	0.088	1	1.99094252965	0.0356518559839	84.7390197154
glutamate	195.0	0.898	0.088	2	1.9909810453	0.0184195307311	137.760115603
glutamate	195.0	0.898	0.088	3	1.99400006985	0.0398653159241	124.705593737
glutamate	195.0	0.898	0.088	4	2.01485536067	0.0153465787931	166.283174316
glutamate	195.0	0.898	0.088	5	2.01680099928	0.0435105040651	211.349836684
glutamate	195.0	0.898	0.088	6	2.01796572699	0.0518275381052	-5.22627601407
glutamate	195.0	0.898	0.088	7	2.04018765675	0.0182804075418	-42.05181265
glutamate	195.0	0.898	0.088	8	2.04127766317	0.0822597518849	174.84003198
glutamate	195.0	0.898	0.088	9	2.04412977497	0.0398321250906	6.37263286243
glutamate	195.0	0.898	0.088	10	2.06405000071	0.0649267313265	-53.8544275507
glutamate	195.0	0.898	0.088	11	2.06798701346	0.091717982091	-40.8515044577
glutamate	195.0	0.898	0.088	12	2.06757806156	0.0884253943811	193.225825268
glutamate	195.0	0.898	0.088	13	2.08373400035	0.0372582877456	242.237089706
glutamate	195.0	0.898	0.088	14	2.0920039908	0.153096323971	146.247038318
glutamate	195.0	0.898	0.088	15	2.10881456259	0.118401609048	53.705774181
glutamate	195.0	0.898	0.088	16	2.11718319984	0.0245157234271	237.035886539
glutamate	195.0	0.898	0.088	17	2.11766375294	0.045990955025	-81.5012191985
glutamate	195.0	0.898	0.088	18	2.13367487447	0.0975996022551	250.877141837
glutamate	195.0	0.898	0.088	19	2.1414089918	0.0265436427021	-11.8340577044
glutamate	195.0	0.898	0.088	20	2.14323256942	0.0358700145972	7.38278682087
glutamate	195.0	0.898	0.088	21	2.15745696313	0.0204839015571	13.5397672833
glutamate	195.0	0.898	0.088	22	2.15947305764	0.0149111808419	17.3858261418
glutamate	195.0	0.898	0.088	23	2.16730562707	0.0451475128779	201.749885137
glutamate	195.0	0.898	0.088	24	2.18329414391	0.00915155593519	195.746446344
glutamate	195.0	0.898	0.088	25	2.29149237058	0.00340527212245	91.195381835
glutamate	195.0	0.898	0.088	26	2.3158139834	0.00429181846466	205.63425709
glutamate	195.0	0.898	0.088	27	2.32074889373	0.255647534494	157.807903983
glutamate	195.0	0.898	0.088	28	2.3211470631	0.230396605939	245.116672401
glutamate	195.0	0.898	0.088	29	2.3448616877	0.358073754655	64.5926945602
glutamate	195.0	0.898	0.088	30	2.34744876455	0.303329595001	-17.7230497997
glutamate	195.0	0.898	0.088	31	2.36914256108	0.123649763036	238.178889177
glutamate	195.0	0.898	0.088	32	2.37369546515	0.119602886445	184.736805537
glutamate	195.0	0.898	0.088	33	2.40145045611	0.00317940588475	-47.9459846918
glutamate	195.0	0.898	0.088	34	2.42695389312	0.00179651094289	173.255324022
glutamate	195.0	0.898	0.088	35	3.7233669918	0.242698255707	44.9566803412
glutamate	195.0	0.898	0.088	36	3.7395067142	0.127920203036	11.5059426097
glutamate	195.0	0.898	0.088	37	3.74734473366	0.164566244877	-27.7987114649
glutamate	195.0	0.898	0.088	38	3.76350591469	0.215130509065	-65.2172637239
gaba	195.0	0.155	0.082	0	1.83609170247	0.0314081678139	-42.2082268423
gaba	195.0	0.155	0.082	1	1.83815637494	0.0233271945432	11.533983504
gaba	195.0	0.155	0.082	2	1.85696880793	0.0086369835306	-69.874659715
gaba	195.0	0.155	0.082	3	1.8611144421	0.175570782884	181.658477908
gaba	195.0	0.155	0.082	4	1.86280461256	0.0922505600158	174.78037406
gaba	195.0	0.155	0.082	5	1.86523573672	0.0432980033502	155.954136256
gaba	195.0	0.155	0.082	6	1.86824473535	0.0104670033911	98.7766330487
gaba	195.0	0.155	0.082	7	1.87964134091	0.000875814947155	213.360895201
gaba	195.0	0.155	0.082	8	1.88231438003	0.0186335428712	157.982787003
gaba	195.0	0.155	0.082	9	1.88608209676	0.313082541157	80.2051773725
gaba	195.0	0.155	0.082	10	1.88843558651	0.109451503631	68.9883868441
gaba	195.0	0.155	0.082	11	1.88934664225	0.0314363688015	34.7701849709
gaba	195.0	0.155	0.082	12	1.89147315849	0.0112689926003	-2.05046768087
gaba	195.0	0.155	0.082	13	1.89335261366	0.00679054694814	-17.8802725743
gaba	195.0	0.155	0.082	14	1.90683793964	0.0160570651972	-19.111365691
gaba	195.0	0.155	0.082	15	1.91116834027	0.155319913949	-69.7060504744
gaba	195.0	0.155	0.082	16	1.91136668509	0.019245193913	248.769487752
gaba	195.0	0.155	0.082	17	1.9136658385	0.0541676535391	215.47443133
gaba	195.0	0.155	0.082	18	1.91681492993	0.0135936786242	145.707651407
gaba	195.0	0.155	0.082	19	1.93570839362	0.0404232599436	39.4261057427
gaba	195.0	0.155	0.082	20	1.93776531495	0.0560586899761	46.3465500369
gaba	195.0	0.155	0.082	21	2.26015194726	0.416857068939	175.812884441
gaba	195.0	0.155	0.082	22	2.28051316606	0.0102608618606	93.7218012729
gaba	195.0	0.155	0.082	23	2.28468590727	0.700000733022	27.074649492
gaba	195.0	0.155	0.082	24	2.28746892482	0.0103161502604	-40.6302709941
gaba	195.0	0.155	0.082	25	2.29214535111	0.00137618721331	26.6847282967
gaba	195.0	0.155	0.082	26	2.30856989381	0.193410971559	241.048921385
gaba	195.0	0.155	0.082	27	2.31017989906	0.192874656258	242.135635834
gaba	195.0	0.155	0.082	28	2.98809307148	0.451166419544	158.806357476
gaba	195.0	0.155	0.082	29	3.00781934847	0.0703096878146	100.276064451
gaba	195.0	0.155	0.082	30	3.01090393286	0.173316812455	41.0414553181
gaba	195.0	0.155	0.082	31	3.01388094865	0.530388292565	-10.7154365739
gaba	195.0	0.155	0.082	32	3.01565418197	0.0491014341981	-46.8855351706
gaba	195.0	0.155	0.082	33	3.01771367618	0.0475705355753	259.632678015
gaba	195.0	0.155	0.082	34	3.01951795341	0.0198972132247	246.334099665
gaba	195.0	0.155	0.082	35	3.03851670859	0.40597956924	197.790534742
glutamine	195.0	0.427	0.087	0	2.02959843313	0.0025479731273	8.90110677872
glutamine	195.0	0.427	0.087	1	2.04903832083	0.00232079383133	125.544187096
glutamine	195.0	0.427	0.087	2	2.05078450944	0.00196433284029	184.267289491
glutamine	195.0	0.427	0.087	3	2.05780764618	0.00706155648182	176.81382969
glutamine	195.0	0.427	0.087	4	2.06949146946	0.00194431378677	266.209979329
glutamine	195.0	0.427	0.087	5	2.07831332227	0.0957669656088	116.789007485
glutamine	195.0	0.427	0.087	6	2.08457590175	0.068769024623	-19.6134162363
glutamine	195.0	0.427	0.087	7	2.0994120015	0.0544732745647	61.2338753098
glutamine	195.0	0.427	0.087	8	2.10110091148	0.0210269353875	21.8805581524
glutamine	195.0	0.427	0.087	9	2.10307683112	0.0747498117288	67.1467459744
glutamine	195.0	0.427	0.087	10	2.10493473898	0.102791703974	-76.4102364015
glutamine	195.0	0.427	0.087	11	2.10705943378	0.0558710452901	256.854104294
glutamine	195.0	0.427	0.087	12	2.10978222351	0.0593210337567	236.291644538
glutamine	195.0	0.427	0.087	13	2.11007205827	0.0859578917396	130.879162691
glutamine	195.0	0.427	0.087	14	2.11574074582	0.0282381221458	128.0280699
glutamine	195.0	0.427	0.087	15	2.12154007131	0.0132831693765	-29.9507280067
glutamine	195.0	0.427	0.087	16	2.12427844833	0.0464139233913	-77.3710211365
glutamine	195.0	0.427	0.087	17	2.12762581022	0.0536770311064	176.892827433
glutamine	195.0	0.427	0.087	18	2.13056806544	0.0761795365762	155.805227931
glutamine	195.0	0.427	0.087	19	2.13208219483	0.0768705260878	97.2374622216
glutamine	195.0	0.427	0.087	20	2.1333228175	0.00911238315462	187.096110158
glutamine	195.0	0.427	0.087	21	2.13493755571	0.0776463937851	46.0928770355
glutamine	195.0	0.427	0.087	22	2.1368241746	0.0246313479	27.4108780824
glutamine	195.0	0.427	0.087	23	2.15337287985	0.0967796626098	70.0849695347
glutamine	195.0	0.427	0.087	24	2.15502822922	0.091228887406	-73.4114206402
glutamine	195.0	0.427	0.087	25	2.15542925651	0.00366200540331	245.992731107
glutamine	195.0	0.427	0.087	26	2.15894987717	0.00333881132872	-27.9910573196
glutamine	195.0	0.427	0.087	27	2.16411056855	0.00340538212517	80.8318055771
glutamine	195.0	0.427	0.087	28	2.17574695392	0.00350699585218	-29.3897597725
glutamine	195.0	0.427	0.087	29	2.17923162819	0.00242093371052	244.031629999
glutamine	195.0	0.427	0.087	30	2.18353662329	0.005228711773	119.043319819
glutamine	195.0	0.427	0.087	31	2.20359517008	0.00695860756435	51.3187321268
glutamine	195.0	0.427	0.087	32	2.36522554994	0.00863482125908	246.323298779
glutamine	195.0	0.427	0.087	33	2.38760797908	0.00734035385113	133.531264157
glutamine	195.0	0.427	0.087	34	2.38967014336	0.00397309422977	91.3694572525
glutamine	195.0	0.427	0.087	35	2.39609645372	0.00246112693195	69.6717074863
glutamine	195.0	0.427	0.087	36	2.41659614023	0.101916139347	241.161059142
glutamine	195.0	0.427	0.087	37	2.4167628768	0.133898932154	-86.2945450368
glutamine	195.0	0.427	0.087	38	2.41946727983	0.192619259995	151.244027885
glutamine	195.0	0.427	0.087	39	2.43874411843	0.216799322788	95.6725302025
glutamine	195.0	0.427	0.087	40	2.44152623218	0.11561421557	118.938853262
glutamine	195.0	0.427	0.087	41	2.44783933954	0.286876510814	-58.7673678813
glutamine	195.0	0.427	0.087	42	2.44844887911	0.0902865428117	236.348604763
glutamine	195.0	0.427	0.087	43	2.46685292408	0.0992249737671	263.734671114
glutamine	195.0	0.427	0.087	44	2.46685853043	0.0755552990063	-81.8728214806
glutamine	195.0	0.427	0.087	45	2.47095923671	0.00336963386169	169.921667838
glutamine	195.0	0.427	0.087	46	2.47096975941	0.00599710546938	109.886190016
glutamine	195.0	0.427	0.087	47	2.4733722488	0.193739175285	143.975878897
glutamine	195.0	0.427	0.087	48	2.49335744494	0.00792131860618	81.0765011355
glutamine	195.0	0.427	0.087	49	2.49661184602	0.00413792954425	-33.1872252845
glutamine	195.0	0.427	0.087	50	2.5022961936	0.00437905723226	-38.728716093
glutamine	195.0	0.427	0.087	51	2.52487964337	0.00371682006281	139.191113446
glutamine	195.0	0.427	0.087	52	2.52498726484	0.0029967645661	74.3436805006
glutamine	195.0	0.427	0.087	53	3.73243064809	0.240232048317	66.8795630795
glutamine	195.0	0.427	0.087	54	3.75307077097	0.422568108998	-8.86774403665
glutamine	195.0	0.427	0.087	55	3.77377877253	0.0414126874925	260.82995681
glutamine	195.0	0.427	0.087	56	3.77386314744	0.170093903002	-76.196610705
d-glucose-beta	195.0	0.049	0.087	0	3.13264559653	0.00345150847054	68.8762543213
d-glucose-beta	195.0	0.049	0.087	1	3.18000789313	0.00146489817918	238.12170973
d-glucose-beta	195.0	0.049	0.087	2	3.18010918846	0.000737004670218	-84.8957843669
d-glucose-beta	195.0	0.049	0.087	3	3.18503582511	0.00268974134871	195.131145659
d-glucose-beta	195.0	0.049	0.087	4	3.19535602806	0.00358521903629	160.635671803
d-glucose-beta	195.0	0.049	0.087	5	3.19838509442	0.0113067835731	175.23739936
d-glucose-beta	195.0	0.049	0.087	6	3.20048285592	0.128666504262	208.563042243
d-glucose-beta	195.0	0.049	0.087	7	3.20254379156	0.0298439284116	109.679090579
d-glucose-beta	195.0	0.049	0.087	8	3.2045948496	0.00166576463077	253.399092746
d-glucose-beta	195.0	0.049	0.087	9	3.20559535773	0.00461142651405	95.9272941385
d-glucose-beta	195.0	0.049	0.087	10	3.20674380763	0.000409619094954	263.222021939
d-glucose-beta	195.0	0.049	0.087	11	3.21199939533	0.000861816886942	15.3553769419
d-glucose-beta	195.0	0.049	0.087	12	3.22183773397	0.00173808425875	-80.3938068201
d-glucose-beta	195.0	0.049	0.087	13	3.22281796337	0.00465519611188	-28.5299804317
d-glucose-beta	195.0	0.049	0.087	14	3.22601578262	0.0252568203013	-38.0544129199
d-glucose-beta	195.0	0.049	0.087	15	3.22732464768	0.135710460526	31.7243943734
d-glucose-beta	195.0	0.049	0.087	16	3.2300809171	0.17674584823	-41.4880344879
d-glucose-beta	195.0	0.049	0.087	17	3.22976094582	0.0802132193876	7.92977329122
d-glucose-beta	195.0	0.049	0.087	18	3.23150243952	0.0164053131613	34.9898535068
d-glucose-beta	195.0	0.049	0.087	19	3.2323553083	0.00634932445581	-43.3026945024
d-glucose-beta	195.0	0.049	0.087	20	3.23410366208	0.0143374823012	-14.8868292628
d-glucose-beta	195.0	0.049	0.087	21	3.23715619294	0.00371770848083	-23.5521029706
d-glucose-beta	195.0	0.049	0.087	22	3.24492635208	0.000957547728661	-41.8820932373
d-glucose-beta	195.0	0.049	0.087	23	3.24732303237	0.00109135795836	-7.24309715141
d-glucose-beta	195.0	0.049	0.087	24	3.25013935444	0.000532739076601	-29.5105596339
d-glucose-beta	195.0	0.049	0.087	25	3.25212820118	0.00147666334437	-11.7296177628
d-glucose-beta	195.0	0.049	0.087	26	3.25300281392	0.0156371407888	118.224217283
d-glucose-beta	195.0	0.049	0.087	27	3.25698588938	0.185646088889	127.635612104
d-glucose-beta	195.0	0.049	0.087	28	3.25846159829	0.00464818021784	182.737774842
d-glucose-beta	195.0	0.049	0.087	29	3.26096398845	0.0109891111173	154.861900949
d-glucose-beta	195.0	0.049	0.087	30	3.26403259453	0.0029981550289	157.613186563
d-glucose-beta	195.0	0.049	0.087	31	3.27183568905	0.000541861562022	88.9228888284
d-glucose-beta	195.0	0.049	0.087	32	3.27422061941	0.00152973369243	173.991240352
d-glucose-beta	195.0	0.049	0.087	33	3.27902799907	0.00195372820513	151.209786798
d-glucose-beta	195.0	0.049	0.087	34	3.29449292134	0.000587793910752	162.168671068
d-glucose-beta	195.0	0.049	0.087	35	3.29990706029	0.00295643100266	153.357712177
d-glucose-beta	195.0	0.049	0.087	36	3.30191391454	0.000784365039339	182.178687961
d-glucose-beta	195.0	0.049	0.087	37	3.32136533538	0.00101962840391	-21.4768432315
d-glucose-beta	195.0	0.049	0.087	38	3.32522982349	0.00145332909892	86.6070633195
d-glucose-beta	195.0	0.049	0.087	39	3.32679636255	0.00292660075684	-60.8318356831
d-glucose-beta	195.0	0.049	0.087	40	3.32875786796	0.000540694152741	-48.6068822419
d-glucose-beta	195.0	0.049	0.087	41	3.33062152173	0.00127019172142	230.597630716
d-glucose-beta	195.0	0.049	0.087	42	3.33613332681	0.00159410527185	117.597075931
d-glucose-beta	195.0	0.049	0.087	43	3.34851528169	0.00132690814438	259.18599702
d-glucose-beta	195.0	0.049	0.087	44	3.35094865106	0.0598324793056	-56.7631786212
d-glucose-beta	195.0	0.049	0.087	45	3.35153656507	0.0733083428795	253.712963266
d-glucose-beta	195.0	0.049	0.087	46	3.35400616081	0.00137605374729	105.543709222
d-glucose-beta	195.0	0.049	0.087	47	3.35836045344	0.0046946872394	108.233777826
d-glucose-beta	195.0	0.049	0.087	48	3.3635972262	0.00648482939347	8.17470715206
d-glucose-beta	195.0	0.049	0.087	49	3.3735307435	0.0058329865459	161.61006668
d-glucose-beta	195.0	0.049	0.087	50	3.3741032621	0.0149088583258	-27.8519664597
d-glucose-beta	195.0	0.049	0.087	51	3.37893619241	0.0172679577099	247.354140933
d-glucose-beta	195.0	0.049	0.087	52	3.3789720606	0.0105951619099	-83.4928683438
d-glucose-beta	195.0	0.049	0.087	53	3.38097263807	0.141040575718	29.1768237045
d-glucose-beta	195.0	0.049	0.087	54	3.38076476183	0.041349580759	142.272745464
d-glucose-beta	195.0	0.049	0.087	55	3.38232917364	0.030209213197	-19.8541260688
d-glucose-beta	195.0	0.049	0.087	56	3.38748234702	0.0194761444665	183.287780711
d-glucose-beta	195.0	0.049	0.087	57	3.38762111301	0.00853942060342	71.5732688645
d-glucose-beta	195.0	0.049	0.087	58	3.39629556808	0.0142731195551	84.1108199575
d-glucose-beta	195.0	0.049	0.087	59	3.40084014898	0.0183263525123	71.7125276067
d-glucose-beta	195.0	0.049	0.087	60	3.40894057345	0.0579202602578	168.044667382
d-glucose-beta	195.0	0.049	0.087	61	3.41016313241	0.226030215787	95.5937814356
d-glucose-beta	195.0	0.049	0.087	62	3.40964749299	0.00275505267911	-47.8640077537
d-glucose-beta	195.0	0.049	0.087	63	3.41087539628	0.207235254995	57.0611762701
d-glucose-beta	195.0	0.049	0.087	64	3.41467460176	0.00333150794413	-64.7114924479
d-glucose-beta	195.0	0.049	0.087	65	3.42578085171	0.0742946381119	183.859042503
d-glucose-beta	195.0	0.049	0.087	66	3.42565144969	0.00311005204366	269.021864068
d-glucose-beta	195.0	0.049	0.087	67	3.42577475702	0.00303464068717	-81.9783557906
d-glucose-beta	195.0	0.049	0.087	68	3.42861990179	0.0173695182146	162.391531771
d-glucose-beta	195.0	0.049	0.087	69	3.4287100904	0.0344284627605	98.6620013444
d-glucose-beta	195.0	0.049	0.087	70	3.43048456365	0.0071733085917	232.794947102
d-glucose-beta	195.0	0.049	0.087	71	3.43103642959	0.0687984469601	73.8826699175
d-glucose-beta	195.0	0.049	0.087	72	3.43362796651	0.0220720816703	46.5649265341
d-glucose-beta	195.0	0.049	0.087	73	3.43364466171	0.00937006340726	-8.6852123301
d-glucose-beta	195.0	0.049	0.087	74	3.44169616158	0.00335486927917	153.215759409
d-glucose-beta	195.0	0.049	0.087	75	3.44327194308	0.033839001398	222.78939072
d-glucose-beta	195.0	0.049	0.087	76	3.44429822286	0.0787334373915	122.575762629
d-glucose-beta	195.0	0.049	0.087	77	3.44423268779	0.0171456000121	-73.2554981163
d-glucose-beta	195.0	0.049	0.087	78	3.44666090813	0.115237708524	-60.856409317
d-glucose-beta	195.0	0.049	0.087	79	3.44645061684	0.0251761841405	35.7117356089
d-glucose-beta	195.0	0.049	0.087	80	3.44892626293	0.102720970664	158.431458635
d-glucose-beta	195.0	0.049	0.087	81	3.44973047968	0.0033889788727	209.613676872
d-glucose-beta	195.0	0.049	0.087	82	3.45020660583	0.0276273546811	-51.0260639619
d-glucose-beta	195.0	0.049	0.087	83	3.45036200746	0.033957158455	14.392751891
d-glucose-beta	195.0	0.049	0.087	84	3.45242078848	0.0178285045812	22.7783945009
d-glucose-beta	195.0	0.049	0.087	85	3.45393866316	0.0123655343983	29.8571441038
d-glucose-beta	195.0	0.049	0.087	86	3.4551224036	0.00953351415463	-27.9869227463
d-glucose-beta	195.0	0.049	0.087	87	3.45734732529	0.0286178605531	86.4385967625
d-glucose-beta	195.0	0.049	0.087	88	3.45908334554	0.0078761066964	208.177447696
d-glucose-beta	195.0	0.049	0.087	89	3.46043165483	0.00529998483199	127.023956179
d-glucose-beta	195.0	0.049	0.087	90	3.46235470832	0.0291575863912	39.450878276
d-glucose-beta	195.0	0.049	0.087	91	3.46981554812	0.0169917280253	40.8588597448
d-glucose-beta	195.0	0.049	0.087	92	3.47260076045	0.00394484847259	249.747231998
d-glucose-beta	195.0	0.049	0.087	93	3.47240839067	0.0317775236589	-78.0885573578
d-glucose-beta	195.0	0.049	0.087	94	3.47307534789	0.0036059060552	101.689452466
d-glucose-beta	195.0	0.049	0.087	95	3.47429240662	0.0137533987374	248.890349729
d-glucose-beta	195.0	0.049	0.087	96	3.47585388135	0.126368743853	33.6865989583
d-glucose-beta	195.0	0.049	0.087	97	3.47582838347	0.144235236649	36.6940824483
d-glucose-beta	195.0	0.049	0.087	98	3.47601287572	0.0209289324958	109.273912623
d-glucose-beta	195.0	0.049	0.087	99	3.47763925872	0.0702293246224	-16.258982027
d-glucose-beta	195.0	0.049	0.087	100	3.47778593791	0.0293401710807	196.943497836
d-glucose-beta	195.0	0.049	0.087	101	3.47852092384	0.0332400041526	43.1030742793
d-glucose-beta	195.0	0.049	0.087	102	3.47894881949	0.0398224129247	93.5776831447
d-glucose-beta	195.0	0.049	0.087	103	3.48051115645	0.00226361079604	211.747194095
d-glucose-beta	195.0	0.049	0.087	104	3.4806060248	0.00543260333705	91.1204459888
d-glucose-beta	195.0	0.049	0.087	105	3.48272735047	0.0200449214936	84.3003871185
d-glucose-beta	195.0	0.049	0.087	106	3.50601008386	0.00884896910508	85.9970009593
d-glucose-beta	195.0	0.049	0.087	107	3.50528922415	0.00363754694545	252.298379903
d-glucose-beta	195.0	0.049	0.087	108	3.50595978215	0.0108880674464	102.573987277
d-glucose-beta	195.0	0.049	0.087	109	3.50603209848	0.0175846694245	182.166320305
d-glucose-beta	195.0	0.049	0.087	110	3.50795046237	0.0948765136551	19.3867255398
d-glucose-beta	195.0	0.049	0.087	111	3.52429663302	0.00163780563418	153.264888042
d-glucose-beta	195.0	0.049	0.087	112	3.52912845565	0.000835228307388	165.345383642
d-glucose-beta	195.0	0.049	0.087	113	3.54033125164	0.00292950925718	124.32892873
d-glucose-beta	195.0	0.049	0.087	114	3.5454496649	0.0028695231676	60.7417487442
d-glucose-beta	195.0	0.049	0.087	115	3.55312652811	0.00209592502492	-38.5607060255
d-glucose-beta	195.0	0.049	0.087	116	3.5579238475	0.001259094212	255.413715968
d-glucose-beta	195.0	0.049	0.087	117	3.56905082843	0.000912985280123	-52.2982918471
d-glucose-beta	195.0	0.049	0.087	118	3.57414555121	0.00133641704076	250.999824843
d-glucose-beta	195.0	0.049	0.087	119	3.59573775434	0.00217631858563	77.6089530642
d-glucose-beta	195.0	0.049	0.087	120	3.62716479351	0.000924082575037	96.0650227096
d-glucose-beta	195.0	0.049	0.087	121	3.64221109357	0.00240950747232	209.927356865
d-glucose-beta	195.0	0.049	0.087	122	3.66271963732	0.00103216916349	233.540301036
d-glucose-beta	195.0	0.049	0.087	123	3.67020533696	0.00277264881	265.353965907
d-glucose-beta	195.0	0.049	0.087	124	3.67115949049	0.00196013628709	-73.410742443
d-glucose-beta	195.0	0.049	0.087	125	3.6723959247	0.00750403595469	175.653814502
d-glucose-beta	195.0	0.049	0.087	126	3.67332560687	0.00776447344664	248.115948178
d-glucose-beta	195.0	0.049	0.087	127	3.67575989388	0.0948412908926	216.761707492
d-glucose-beta	195.0	0.049	0.087	128	3.67956829569	0.0193276854881	208.685595525
d-glucose-beta	195.0	0.049	0.087	129	3.6888507445	0.0107421258191	-35.9345986504
d-glucose-beta	195.0	0.049	0.087	130	3.68980243542	0.00442449604354	-76.0861955529
d-glucose-beta	195.0	0.049	0.087	131	3.69269723632	0.0800051192324	-32.5484959684
d-glucose-beta	195.0	0.049	0.087	132	3.69458781526	0.00459736092437	84.090339167
d-glucose-beta	195.0	0.049	0.087	133	3.69721034478	0.00821175716609	-19.871894122
d-glucose-beta	195.0	0.049	0.087	134	3.7109872921	0.00391409623388	18.1573168373
d-glucose-beta	195.0	0.049	0.087	135	3.71224791547	0.00249673014387	107.503969463
d-glucose-beta	195.0	0.049	0.087	136	3.71697481389	0.221918196444	98.7488001761
d-glucose-beta	195.0	0.049	0.087	137	3.71845728573	0.02434489554	-0.633818469307
d-glucose-beta	195.0	0.049	0.087	138	3.73382300173	0.246078116852	96.7378154491
d-glucose-beta	195.0	0.049	0.087	139	3.73829090699	0.00375168469882	221.519376026
d-glucose-beta	195.0	0.049	0.087	140	3.74151099191	0.0100969579996	121.018193006
d-glucose-beta	195.0	0.049	0.087	141	3.78124465315	0.00542916006285	263.660932639
d-glucose-beta	195.0	0.049	0.087	142	3.85598398673	0.00763968597519	155.022498647
d-glucose-beta	195.0	0.049	0.087	143	3.85788327759	0.0123425555298	150.998370159
d-glucose-beta	195.0	0.049	0.087	144	3.86109413894	0.224169645201	114.521579473
d-glucose-beta	195.0	0.049	0.087	145	3.86358880079	0.0804170751492	87.7688281624
d-glucose-beta	195.0	0.049	0.087	146	3.86442563864	0.0350430532912	30.9796402732
d-glucose-beta	195.0	0.049	0.087	147	3.86641238996	0.255410717515	25.533652538
d-glucose-beta	195.0	0.049	0.087	148	3.86950477023	0.0114664014801	7.95336233533
d-glucose-beta	195.0	0.049	0.087	149	3.87183246357	0.00743622640559	-11.8106686781
d-glucose-beta	195.0	0.049	0.087	150	3.90243139033	0.120717939747	-24.3524670275
d-glucose-beta	195.0	0.049	0.087	151	3.90294546764	0.0311278725696	-79.9332885058
d-glucose-beta	195.0	0.049	0.087	152	3.90764652146	0.0930085013	186.570705662
d-glucose-beta	195.0	0.049	0.087	153	4.6167212798	0.435587395824	-82.9081277525
d-glucose-beta	195.0	0.049	0.087	154	4.64354019013	0.48563440283	81.6977711741
glutathione_glycine	195.0	0.194	0.087	0	3.769	1.99079845626	-8.96279575712
glycine	195.0	0.068	0.087	0	3.548	1.98900111253	-9.54756873068
glutathione_glutamate	195.0	0.194	0.087	0	2.06336829863	0.00199308784636	-21.3390944921
glutathione_glutamate	195.0	0.194	0.087	1	2.08827591874	0.00166419773554	184.314375732
glutathione_glutamate	195.0	0.194	0.087	2	2.10977037051	0.00254645106562	116.253125985
glutathione_glutamate	195.0	0.194	0.087	3	2.11536997153	0.0381332365963	110.852179925
glutathione_glutamate	195.0	0.194	0.087	4	2.11861561635	0.065995862928	34.2799607201
glutathione_glutamate	195.0	0.194	0.087	5	2.13432941101	0.0027495246558	-45.0947176239
glutathione_glutamate	195.0	0.194	0.087	6	2.13679450303	0.0614364852456	-41.2210186297
glutathione_glutamate	195.0	0.194	0.087	7	2.14037056432	0.239912296585	260.880409895
glutathione_glutamate	195.0	0.194	0.087	8	2.14039276805	0.0505353594207	-65.4343680872
glutathione_glutamate	195.0	0.194	0.087	9	2.14268703687	0.0726560156024	208.067127061
glutathione_glutamate	195.0	0.194	0.087	10	2.16138914082	0.191520384921	203.914406994
glutathione_glutamate	195.0	0.194	0.087	11	2.16240310417	0.118734645627	135.189148453
glutathione_glutamate	195.0	0.194	0.087	12	2.1643797266	0.165323601861	125.334813673
glutathione_glutamate	195.0	0.194	0.087	13	2.16522518522	0.071838494154	56.4728020659
glutathione_glutamate	195.0	0.194	0.087	14	2.18629914611	0.0926958483879	70.9139244949
glutathione_glutamate	195.0	0.194	0.087	15	2.18636019105	0.120295144654	4.42265225304
glutathione_glutamate	195.0	0.194	0.087	16	2.19183755794	0.00222032553962	0.190841265295
glutathione_glutamate	195.0	0.194	0.087	17	2.19480388619	0.00201078050193	-61.154546134
glutathione_glutamate	195.0	0.194	0.087	18	2.21720916435	0.00286007222387	165.481987099
glutathione_glutamate	195.0	0.194	0.087	19	2.44896681131	0.0677304212825	52.7614315254
glutathione_glutamate	195.0	0.194	0.087	20	2.47132755595	0.0535548558222	-85.3569021052
glutathione_glutamate	195.0	0.194	0.087	21	2.47333135447	0.014861160664	218.150079923
glutathione_glutamate	195.0	0.194	0.087	22	2.47343134436	0.0201590837257	-85.5007460252
glutathione_glutamate	195.0	0.194	0.087	23	2.4958763026	0.034876799201	116.483941115
glutathione_glutamate	195.0	0.194	0.087	24	2.50242518483	0.219352435119	-31.310251757
glutathione_glutamate	195.0	0.194	0.087	25	2.52108976582	0.163893242604	-23.9655410794
glutathione_glutamate	195.0	0.194	0.087	26	2.5248785888	0.167148566511	202.407663557
glutathione_glutamate	195.0	0.194	0.087	27	2.52677352009	0.139103519786	205.835202423
glutathione_glutamate	195.0	0.194	0.087	28	2.54569542267	0.328626938716	203.975684524
glutathione_glutamate	195.0	0.194	0.087	29	2.54935434933	0.127976476595	70.1193198155
glutathione_glutamate	195.0	0.194	0.087	30	2.57018724983	0.172683536125	48.8342317274
glutathione_glutamate	195.0	0.194	0.087	31	2.57454219773	0.0299386535473	-89.5807843544
glutathione_glutamate	195.0	0.194	0.087	32	2.5745533193	0.0215508225209	266.061325242
glutathione_glutamate	195.0	0.194	0.087	33	2.59912738434	0.101720380654	128.471226191
glutathione_glutamate	195.0	0.194	0.087	34	2.62366543596	0.038739919	-16.3798297027
glutathione_glutamate	195.0	0.194	0.087	35	3.74782136712	0.268027007404	68.8345991042
glutathione_glutamate	195.0	0.194	0.087	36	3.76912318705	0.447049466579	-3.85277547214
glutathione_glutamate	195.0	0.194	0.087	37	3.79045402911	0.150112832407	260.387662852
glutathione_glutamate	195.0	0.194	0.087	38	3.79050849453	0.061755508048	-73.5079160067
glutathione_cysteine	195.0	0.194	0.087	0	2.88158786835	0.0824819289382	-41.5093141322
glutathione_cysteine	195.0	0.194	0.087	1	2.90438113802	0.0566893107686	-83.8626701395
glutathione_cysteine	195.0	0.194	0.087	2	2.92889438817	0.396144811996	87.1356116189
glutathione_cysteine	195.0	0.194	0.087	3	2.95194435902	0.834934641667	-19.4646248524
glutathione_cysteine	195.0	0.194	0.087	4	2.96913681216	0.446722302931	-47.4692767318
glutathione_cysteine	195.0	0.194	0.087	5	2.9995343887	0.0803838175279	103.444735217
glutathione_cysteine	195.0	0.194	0.087	6	3.01644333198	0.0671971661082	31.2234676592
glutathione_cysteine	195.0	0.194	0.087	7	4.54107552999	0.266784000709	50.2958358217
glutathione_cysteine	195.0	0.194	0.087	8	4.55798447328	0.228173052645	31.1569760463
glutathione_cysteine	195.0	0.194	0.087	9	4.56386879967	0.231581437691	-32.9039967402
glutathione_cysteine	195.0	0.194	0.087	10	4.58077774296	0.236597851645	-54.3871967086
gpc_7-CH2_8-CH2	195.0	0.097	0.087	0	3.59557808424	0.000867053224431	-69.3105097765
gpc_7-CH2_8-CH2	195.0	0.097	0.087	1	3.64366024	0.412906159824	-51.5882400622
gpc_7-CH2_8-CH2	195.0	0.097	0.087	2	3.6438348234	0.00641368743831	167.887630011
gpc_7-CH2_8-CH2	195.0	0.097	0.087	3	3.6542553733	0.205771253145	90.5562703235
gpc_7-CH2_8-CH2	195.0	0.097	0.087	4	3.654252535	0.00552745231876	192.169291842
gpc_7-CH2_8-CH2	195.0	0.097	0.087	5	3.65425836579	0.00886665688545	-47.8691509313
gpc_7-CH2_8-CH2	195.0	0.097	0.087	6	3.65865671546	0.429359874666	-7.12960640147
gpc_7-CH2_8-CH2	195.0	0.097	0.087	7	3.65828141363	0.00520708785253	234.844373407
gpc_7-CH2_8-CH2	195.0	0.097	0.087	8	3.66367661176	0.208810827047	251.425308897
gpc_7-CH2_8-CH2	195.0	0.097	0.087	9	3.6636737941	0.00224531729933	43.835245807
gpc_7-CH2_8-CH2	195.0	0.097	0.087	10	3.6636796249	0.00735426741593	-16.502072402
gpc_7-CH2_8-CH2	195.0	0.097	0.087	11	3.67393803625	0.41058929453	30.422020551
gpc_7-CH2_8-CH2	195.0	0.097	0.087	12	3.67392757746	0.0207137873239	241.790847584
gpc_7-CH2_8-CH2	195.0	0.097	0.087	13	3.72172131336	0.00159634405647	35.9856353187
gpc_7-CH2_8-CH2	195.0	0.097	0.087	14	4.25043423145	0.00085424258743	120.672701556
gpc_7-CH2_8-CH2	195.0	0.097	0.087	15	4.27792953803	0.0861273221051	-50.5623817951
gpc_7-CH2_8-CH2	195.0	0.097	0.087	16	4.28690527539	0.08367364137	-46.5770561287
gpc_7-CH2_8-CH2	195.0	0.097	0.087	17	4.28818766407	0.0422994876505	92.2258929378
gpc_7-CH2_8-CH2	195.0	0.097	0.087	18	4.2932143858	0.0836561207651	3.04736526306
gpc_7-CH2_8-CH2	195.0	0.097	0.087	19	4.29589303034	0.0810696465627	-42.6090487991
gpc_7-CH2_8-CH2	195.0	0.097	0.087	20	4.29750115633	0.0670488627107	107.376519987
gpc_7-CH2_8-CH2	195.0	0.097	0.087	21	4.29760893564	0.0405261695065	259.160138037
gpc_7-CH2_8-CH2	195.0	0.097	0.087	22	4.29835870659	0.0244274862461	-45.0745198833
gpc_7-CH2_8-CH2	195.0	0.097	0.087	23	4.302197645	0.0854944766559	-1.39350100121
gpc_7-CH2_8-CH2	195.0	0.097	0.087	24	4.30615438911	0.0415181399606	95.7427890997
gpc_7-CH2_8-CH2	195.0	0.097	0.087	25	4.30658673879	0.0409288665935	257.122280275
gpc_7-CH2_8-CH2	195.0	0.097	0.087	26	4.30719068901	0.0793620477235	-39.0485111341
gpc_7-CH2_8-CH2	195.0	0.097	0.087	27	4.3082185998	0.0795438122653	34.6761974099
gpc_7-CH2_8-CH2	195.0	0.097	0.087	28	4.30847592693	0.00547312823594	237.53197954
gpc_7-CH2_8-CH2	195.0	0.097	0.087	29	4.31118457073	0.086612841606	-6.2684942403
gpc_7-CH2_8-CH2	195.0	0.097	0.087	30	4.31313171859	0.0110491703232	-86.971813941
gpc_7-CH2_8-CH2	195.0	0.097	0.087	31	4.31387413118	0.0104367482097	55.4683885339
gpc_7-CH2_8-CH2	195.0	0.097	0.087	32	4.31557564822	0.0412666556637	255.59853437
gpc_7-CH2_8-CH2	195.0	0.097	0.087	33	4.316177655	0.0795802038158	-38.4583008927
gpc_7-CH2_8-CH2	195.0	0.097	0.087	34	4.31724010538	0.0854935879922	31.4893091419
gpc_7-CH2_8-CH2	195.0	0.097	0.087	35	4.3174537663	0.0412897282327	97.0086453467
gpc_7-CH2_8-CH2	195.0	0.097	0.087	36	4.31789720277	0.00874354738169	-39.7024228386
gpc_7-CH2_8-CH2	195.0	0.097	0.087	37	4.32247219298	0.0861290657045	-11.6370141599
gpc_7-CH2_8-CH2	195.0	0.097	0.087	38	4.32616374915	0.0798960567022	35.0065974693
gpc_7-CH2_8-CH2	195.0	0.097	0.087	39	4.32644270594	0.0413003975412	97.2737374779
gpc_7-CH2_8-CH2	195.0	0.097	0.087	40	4.32687501785	0.0415113082267	254.739910881
gpc_7-CH2_8-CH2	195.0	0.097	0.087	41	4.32831487917	0.0116155307828	-28.7358561227
gpc_7-CH2_8-CH2	195.0	0.097	0.087	42	4.32864716427	0.00420130497983	267.923935921
gpc_7-CH2_8-CH2	195.0	0.097	0.087	43	4.33145103382	0.0843334407487	-14.7118781452
gpc_7-CH2_8-CH2	195.0	0.097	0.087	44	4.33586397748	0.0415412445132	254.890567352
gpc_7-CH2_8-CH2	195.0	0.097	0.087	45	4.3374614186	0.0805483272275	38.4085717157
gpc_7-CH2_8-CH2	195.0	0.097	0.087	46	4.34644778775	0.0805483971166	42.2599377625
gpc_N(CH3)3_b	195.0	0.097	0.121	0	3.21008187989	1.65944359065	-6.25130954114
gpc_N(CH3)3_b	195.0	0.097	0.121	1	3.21199956067	0.341999887802	-8.45406544182
gpc_N(CH3)3_b	195.0	0.097	0.121	2	3.21199956069	0.119054949672	197.079277311
gpc_N(CH3)3_b	195.0	0.097	0.121	3	3.21199956073	0.0992195773276	239.51806167
gpc_N(CH3)3_b	195.0	0.097	0.121	4	3.21199956087	0.231556127907	-3.04943638541
gpc_N(CH3)3_b	195.0	0.097	0.121	5	3.21199956066	0.112079966494	202.818593837
gpc_N(CH3)3_b	195.0	0.097	0.121	6	3.2119995613	0.0613803113409	140.058262068
gpc_N(CH3)3_b	195.0	0.097	0.121	7	3.21199956116	0.0329966744649	-75.6880174993
gpc_N(CH3)3_b	195.0	0.097	0.121	8	3.21391764344	0.574235894723	-13.6420264409
gpc_N(CH3)3_b	195.0	0.097	0.121	9	3.21391731043	0.0667944953988	142.388389367
gpc_N(CH3)3_b	195.0	0.097	0.121	10	3.21391770175	0.642168088261	-5.14735323593
gpc_N(CH3)3_b	195.0	0.097	0.121	11	3.21391777219	0.0387052012491	203.959925729
gpc_N(CH3)3_b	195.0	0.097	0.121	12	3.21391808139	0.15613896826	-32.8841081358
gpc_N(CH3)3_b	195.0	0.097	0.121	13	3.2139181199	0.0207205261573	212.669893516
gpc_N(CH3)3_b	195.0	0.097	0.121	14	3.21391855924	0.0329666351827	50.7023299205
gpc_N(CH3)3_a	195.0	0.097	0.121	0	3.2100818801	1.32752271443	-6.25132681646
gpc_N(CH3)3_a	195.0	0.097	0.121	1	3.21199956044	0.165753015489	74.0949101888
gpc_N(CH3)3_a	195.0	0.097	0.121	2	3.21199956091	0.09459935612	227.513866808
gpc_N(CH3)3_a	195.0	0.097	0.121	3	3.21199956077	0.0223060395522	-75.4241745938
gpc_N(CH3)3_a	195.0	0.097	0.121	4	3.21199956089	0.10043649821	236.231948941
gpc_N(CH3)3_a	195.0	0.097	0.121	5	3.21199956095	0.0562427876109	131.215545146
gpc_N(CH3)3_a	195.0	0.097	0.121	6	3.21199956096	0.0357989919001	-8.09437100377
gpc_N(CH3)3_a	195.0	0.097	0.121	7	3.21199956121	0.0428298644122	154.620071275
gpc_N(CH3)3_a	195.0	0.097	0.121	8	3.21391749065	0.0420447365263	214.432945977
gpc_N(CH3)3_a	195.0	0.097	0.121	9	3.2139176453	0.100705550054	153.684325994
gpc_N(CH3)3_a	195.0	0.097	0.121	10	3.21391779955	0.134106753254	-59.7589206028
gpc_N(CH3)3_a	195.0	0.097	0.121	11	3.2139178548	0.170771840067	47.9824204203
gpc_glycerol	195.0	0.097	0.087	0	3.53712165309	0.00339350481885	189.543988533
gpc_glycerol	195.0	0.097	0.087	1	3.54410022421	0.000958354457282	78.1007332434
gpc_glycerol	195.0	0.097	0.087	2	3.54638811193	0.00329732601973	-6.11723953895
gpc_glycerol	195.0	0.097	0.087	3	3.54917396702	0.00619740736348	-29.2290226612
gpc_glycerol	195.0	0.097	0.087	4	3.56192784063	0.0338596455228	54.3301069662
gpc_glycerol	195.0	0.097	0.087	5	3.56204236369	0.027084010273	-9.29113478107
gpc_glycerol	195.0	0.097	0.087	6	3.56463347212	0.0157178635016	1.37213938013
gpc_glycerol	195.0	0.097	0.087	7	3.56574445655	0.00181684938688	-54.9406123362
gpc_glycerol	195.0	0.097	0.087	8	3.5698110646	0.00326368143783	46.0151129769
gpc_glycerol	195.0	0.097	0.087	9	3.57049486335	0.016485680421	173.612082227
gpc_glycerol	195.0	0.097	0.087	10	3.57288117716	0.0111787683445	154.739416994
gpc_glycerol	195.0	0.097	0.087	11	3.57336044135	0.00810217160349	73.9537194925
gpc_glycerol	195.0	0.097	0.087	12	3.57771069694	0.0045344725158	-1.39814484855
gpc_glycerol	195.0	0.097	0.087	13	3.57849802279	0.0157110367207	148.032462397
gpc_glycerol	195.0	0.097	0.087	14	3.58107823257	0.0142038218373	-42.2920964155
gpc_glycerol	195.0	0.097	0.087	15	3.58118807558	0.0198863148934	168.850658239
gpc_glycerol	195.0	0.097	0.087	16	3.58128350017	0.0217203985201	39.9131317141
gpc_glycerol	195.0	0.097	0.087	17	3.59437325735	0.00911954954768	-47.8849535728
gpc_glycerol	195.0	0.097	0.087	18	3.59584530738	0.0095294760182	74.6751202904
gpc_glycerol	195.0	0.097	0.087	19	3.59678339401	0.00211775334483	12.6246079064
gpc_glycerol	195.0	0.097	0.087	20	3.59935492928	0.00344966148925	-55.7324834557
gpc_glycerol	195.0	0.097	0.087	21	3.60600984182	0.00402208613891	-54.7531292386
gpc_glycerol	195.0	0.097	0.087	22	3.6116156128	0.019609279382	17.6976816999
gpc_glycerol	195.0	0.097	0.087	23	3.61161569591	0.00587583680769	80.5798874755
gpc_glycerol	195.0	0.097	0.087	24	3.61169657112	0.0252855919449	228.068716964
gpc_glycerol	195.0	0.097	0.087	25	3.61351022951	0.0123972570014	123.53487334
gpc_glycerol	195.0	0.097	0.087	26	3.61719371199	0.0259448219971	250.901955341
gpc_glycerol	195.0	0.097	0.087	27	3.61746620722	0.00570886046563	51.6925942557
gpc_glycerol	195.0	0.097	0.087	28	3.61942412374	0.000854090337538	135.320091493
gpc_glycerol	195.0	0.097	0.087	29	3.62479239281	0.0129857962307	185.316783868
gpc_glycerol	195.0	0.097	0.087	30	3.6251028457	0.0122928880918	74.5619740962
gpc_glycerol	195.0	0.097	0.087	31	3.62612395938	0.023497029329	11.8288309117
gpc_glycerol	195.0	0.097	0.087	32	3.62910816806	0.00195904322678	-27.8665570444
gpc_glycerol	195.0	0.097	0.087	33	3.63058212875	0.0370207831546	19.4800830333
gpc_glycerol	195.0	0.097	0.087	34	3.63015909823	0.00354579015981	116.211449094
gpc_glycerol	195.0	0.097	0.087	35	3.6308521336	0.0267072934316	211.914331465
gpc_glycerol	195.0	0.097	0.087	36	3.63098156124	0.0426744898568	-33.8874481951
gpc_glycerol	195.0	0.097	0.087	37	3.63312277017	0.00214593895417	-34.4130202124
gpc_glycerol	195.0	0.097	0.087	38	3.64650931071	0.004246094668	259.566593032
gpc_glycerol	195.0	0.097	0.087	39	3.64746903531	0.0165078492136	-12.8967709438
gpc_glycerol	195.0	0.097	0.087	40	3.64767490711	0.0266901491874	57.9727033043
gpc_glycerol	195.0	0.097	0.087	41	3.64753378949	0.0436740619733	-79.0601195732
gpc_glycerol	195.0	0.097	0.087	42	3.64933404729	0.011675795763	256.92326071
gpc_glycerol	195.0	0.097	0.087	43	3.6507524004	0.0141400271437	110.871814284
gpc_glycerol	195.0	0.097	0.087	44	3.65303739627	0.0086224154456	237.310096677
gpc_glycerol	195.0	0.097	0.087	45	3.6535081215	0.020068595737	131.933162523
gpc_glycerol	195.0	0.097	0.087	46	3.6568299803	0.0183590770386	64.9903135617
gpc_glycerol	195.0	0.097	0.087	47	3.65713142765	0.0161585522376	-74.7594497395
gpc_glycerol	195.0	0.097	0.087	48	3.65964296259	0.0213024652574	184.19786339
gpc_glycerol	195.0	0.097	0.087	49	3.65999676312	0.000959024352698	-71.4811042553
gpc_glycerol	195.0	0.097	0.087	50	3.66080049344	0.0205784525695	93.6359556237
gpc_glycerol	195.0	0.097	0.087	51	3.66262349048	0.0076239308976	246.905476523
gpc_glycerol	195.0	0.097	0.087	52	3.66268943035	0.0266574021711	147.195412208
gpc_glycerol	195.0	0.097	0.087	53	3.66279699864	0.0397470730974	14.5683421441
gpc_glycerol	195.0	0.097	0.087	54	3.6758071991	0.000873441453737	82.2608532651
gpc_glycerol	195.0	0.097	0.087	55	3.67721533164	0.00806115940732	-63.9745980294
gpc_glycerol	195.0	0.097	0.087	56	3.67781424085	0.00179258150195	125.205873092
gpc_glycerol	195.0	0.097	0.087	57	3.6794796126	0.00537339030701	19.8244301871
gpc_glycerol	195.0	0.097	0.087	58	3.68000972569	0.0106713113561	-86.9637160895
gpc_glycerol	195.0	0.097	0.087	59	3.68128719493	0.00597636410576	-33.4080767486
gpc_glycerol	195.0	0.097	0.087	60	3.69071041699	0.0023083161719	257.523980803
gpc_glycerol	195.0	0.097	0.087	61	3.69716423977	0.0289085771315	-64.2147356762
gpc_glycerol	195.0	0.097	0.087	62	3.69715687801	0.00125604048093	240.152305411
gpc_glycerol	195.0	0.097	0.087	63	3.69721287716	0.0122800498141	179.228872985
gpc_glycerol	195.0	0.097	0.087	64	3.69851817336	0.00739523215086	71.8251855752
gpc_glycerol	195.0	0.097	0.087	65	3.70064618949	0.0179754005856	201.247841811
gpc_glycerol	195.0	0.097	0.087	66	3.70123719352	0.00352926788223	-31.201793541
gpc_glycerol	195.0	0.097	0.087	67	3.70245447363	0.0122975985125	165.635554609
gpc_glycerol	195.0	0.097	0.087	68	3.70709486346	0.0120788660332	140.132519835
gpc_glycerol	195.0	0.097	0.087	69	3.7088250352	0.031612237872	-24.9671596198
gpc_glycerol	195.0	0.097	0.087	70	3.71139423424	0.00967000172267	197.254894951
gpc_glycerol	195.0	0.097	0.087	71	3.71227551706	0.0345646184863	-7.46031793901
gpc_glycerol	195.0	0.097	0.087	72	3.71249505971	0.0241963798762	-59.2796788065
gpc_glycerol	195.0	0.097	0.087	73	3.71249515818	0.00871405428893	263.711650453
gpc_glycerol	195.0	0.097	0.087	74	3.72996629265	0.00542033725278	21.4937833364
gpc_glycerol	195.0	0.097	0.087	75	3.73045811385	0.0039637343306	163.361852089
gpc_glycerol	195.0	0.097	0.087	76	3.79209022585	0.00404327411829	261.832940805
gpc_glycerol	195.0	0.097	0.087	77	3.80401456621	0.00659969547077	24.9782958787
gpc_glycerol	195.0	0.097	0.087	78	3.80676528106	0.00815672807519	-13.1011666692
gpc_glycerol	195.0	0.097	0.087	79	3.81155354505	0.00237500315551	-35.2859351899
gpc_glycerol	195.0	0.097	0.087	80	3.81246118215	0.00928276883251	201.626135019
gpc_glycerol	195.0	0.097	0.087	81	3.8219021502	0.0164040014801	99.1455777592
gpc_glycerol	195.0	0.097	0.087	82	3.8236775389	0.00151359802947	-74.6590107784
gpc_glycerol	195.0	0.097	0.087	83	3.82533546253	0.00657305778921	148.687035247
gpc_glycerol	195.0	0.097	0.087	84	3.826891376	0.00457953413501	183.899335708
gpc_glycerol	195.0	0.097	0.087	85	3.83726347318	0.0257283655666	183.903147484
gpc_glycerol	195.0	0.097	0.087	86	3.8372244624	0.0195852116644	258.650485352
gpc_glycerol	195.0	0.097	0.087	87	3.83752553131	0.0310346163086	117.07400064
gpc_glycerol	195.0	0.097	0.087	88	3.84026356605	0.00312296765994	180.661189636
gpc_glycerol	195.0	0.097	0.087	89	3.84188703144	0.00894923051355	252.938608114
gpc_glycerol	195.0	0.097	0.087	90	3.84532177124	0.0039295518654	-66.3575532929
gpc_glycerol	195.0	0.097	0.087	91	3.85718276851	0.00881000833301	46.5946099353
gpc_glycerol	195.0	0.097	0.087	92	3.85743649343	0.0123444074291	-46.0339088023
gpc_glycerol	195.0	0.097	0.087	93	3.85755361862	0.0140194155314	206.748447703
gpc_glycerol	195.0	0.097	0.087	94	3.86295421286	0.0329642636187	-34.238275852
gpc_glycerol	195.0	0.097	0.087	95	3.86362325475	0.00378211277774	102.479051246
gpc_glycerol	195.0	0.097	0.087	96	3.86528117596	0.0360032368689	-18.5082492468
gpc_glycerol	195.0	0.097	0.087	97	3.86663394259	0.00841551935204	-70.9492748736
gpc_glycerol	195.0	0.097	0.087	98	3.87259474796	0.0133356432677	-22.334652278
gpc_glycerol	195.0	0.097	0.087	99	3.87426263346	0.0414792347675	137.373970655
gpc_glycerol	195.0	0.097	0.087	100	3.87711040454	0.00156998882473	220.155314746
gpc_glycerol	195.0	0.097	0.087	101	3.88014930752	0.030396568491	8.81651736249
gpc_glycerol	195.0	0.097	0.087	102	3.88053700844	0.00746890466254	152.462529852
gpc_glycerol	195.0	0.097	0.087	103	3.88267873654	0.00535142171521	213.396946655
gpc_glycerol	195.0	0.097	0.087	104	3.88504855277	0.0425908263235	203.587115788
gpc_glycerol	195.0	0.097	0.087	105	3.88542453394	0.0189233752828	87.9219544673
gpc_glycerol	195.0	0.097	0.087	106	3.89008734653	0.0603647756544	223.364976256
gpc_glycerol	195.0	0.097	0.087	107	3.89046869796	0.0446030903277	-15.6701727839
gpc_glycerol	195.0	0.097	0.087	108	3.89253276981	0.0109276906425	140.033217012
gpc_glycerol	195.0	0.097	0.087	109	3.89332608754	0.0660670324048	207.841435731
gpc_glycerol	195.0	0.097	0.087	110	3.89413819128	0.0123408439402	-61.8467276035
gpc_glycerol	195.0	0.097	0.087	111	3.89435471872	0.0724357049138	-1.34257959786
gpc_glycerol	195.0	0.097	0.087	112	3.89546617716	0.0183777108979	184.93451874
gpc_glycerol	195.0	0.097	0.087	113	3.89595799836	0.0613757008622	-11.1179480904
gpc_glycerol	195.0	0.097	0.087	114	3.89821850678	0.0208309222655	62.8800971204
gpc_glycerol	195.0	0.097	0.087	115	3.89998870258	0.0146342253275	153.252631337
gpc_glycerol	195.0	0.097	0.087	116	3.90015599439	0.0193313342841	-35.4757956623
gpc_glycerol	195.0	0.097	0.087	117	3.90037776799	0.0552813928283	18.2876232602
gpc_glycerol	195.0	0.097	0.087	118	3.90214892106	0.00787598332859	32.4971499228
gpc_glycerol	195.0	0.097	0.087	119	3.90254133059	0.0615445508626	-45.2451390706
gpc_glycerol	195.0	0.097	0.087	120	3.90426329362	0.0429584135001	-9.33151511486
gpc_glycerol	195.0	0.097	0.087	121	3.90665754566	0.0371712761294	-9.3070579578
gpc_glycerol	195.0	0.097	0.087	122	3.90801031229	0.0185088744755	174.443321473
gpc_glycerol	195.0	0.097	0.087	123	3.90965106595	0.0125205359096	64.3535466358
gpc_glycerol	195.0	0.097	0.087	124	3.91105194497	0.0076887464693	-49.1317127777
gpc_glycerol	195.0	0.097	0.087	125	3.91221973518	0.062251762263	131.575753816
gpc_glycerol	195.0	0.097	0.087	126	3.91411700182	0.00987954146835	261.090770555
gpc_glycerol	195.0	0.097	0.087	127	3.91473543331	0.0779950786551	110.817524481
gpc_glycerol	195.0	0.097	0.087	128	3.91658338073	0.0443031859037	208.847569924
gpc_glycerol	195.0	0.097	0.087	129	3.91933329053	0.0352289956883	149.204583053
gpc_glycerol	195.0	0.097	0.087	130	3.91981509692	0.0294291033412	224.076552573
gpc_glycerol	195.0	0.097	0.087	131	3.92062205819	0.0420874854039	48.0135527302
gpc_glycerol	195.0	0.097	0.087	132	3.92363492124	0.0591513104504	242.79970479
gpc_glycerol	195.0	0.097	0.087	133	3.92306756434	0.0129440779293	121.512111919
gpc_glycerol	195.0	0.097	0.087	134	3.9248363514	0.0131690650876	-30.2316126233
gpc_glycerol	195.0	0.097	0.087	135	3.92702354205	0.0146918148687	69.3166398566
gpc_glycerol	195.0	0.097	0.087	136	3.93018278932	0.0312045780749	10.3937125512
gpc_glycerol	195.0	0.097	0.087	137	3.93173847717	0.0408764439476	-65.0205301603
gpc_glycerol	195.0	0.097	0.087	138	3.93403409962	0.0142599945532	-8.84777995429
gpc_glycerol	195.0	0.097	0.087	139	3.94366086651	0.0121983431194	-8.27689128316
gpc_glycerol	195.0	0.097	0.087	140	3.94432926832	0.00252658949283	186.798716811
gpc_glycerol	195.0	0.097	0.087	141	3.94594586238	0.017026580754	185.244304699
gpc_glycerol	195.0	0.097	0.087	142	3.94772747455	0.0101731245917	23.0917169096
gpc_glycerol	195.0	0.097	0.087	143	3.94883026999	0.00467320618418	154.55168863
gpc_glycerol	195.0	0.097	0.087	144	3.94993119394	0.0114847319887	-82.6106053731
gpc_glycerol	195.0	0.097	0.087	145	3.95034989145	0.0160507908375	191.71182425
gpc_glycerol	195.0	0.097	0.087	146	3.95350400826	0.00314988608554	64.7742937236
gpc_glycerol	195.0	0.097	0.087	147	3.95753847857	0.00462197189548	180.757518543
gpc_glycerol	195.0	0.097	0.087	148	3.96065382964	0.0319429387079	235.23873717
gpc_glycerol	195.0	0.097	0.087	149	3.96072497095	0.0140632081932	126.847248982
gpc_glycerol	195.0	0.097	0.087	150	3.9608303061	0.00819105092815	65.9292261193
gpc_glycerol	195.0	0.097	0.087	151	3.96555307488	0.0076809572076	218.104830355
gpc_glycerol	195.0	0.097	0.087	152	3.97077853021	0.0018043899047	16.3551412746
gpc_glycerol	195.0	0.097	0.087	153	3.97155753047	0.00269225895588	-41.7031371551
gpc_glycerol	195.0	0.097	0.087	154	3.97218450993	0.00884845312634	135.02314096
gpc_glycerol	195.0	0.097	0.087	155	3.9734376796	0.0210377910432	224.004896453
gpc_glycerol	195.0	0.097	0.087	156	3.98092428738	0.0173194717852	20.6018641784
gpc_glycerol	195.0	0.097	0.087	157	3.98096792734	0.00590871955404	-85.6767854642
gpc_glycerol	195.0	0.097	0.087	158	3.9810178318	0.00307306111755	175.160045701
gpc_glycerol	195.0	0.097	0.087	159	3.98313880554	0.00341286339911	-79.9793328623
gpc_glycerol	195.0	0.097	0.087	160	3.98536453393	0.00860808483007	235.889110671
gpc_glycerol	195.0	0.097	0.087	161	3.99085659676	0.00532924284335	155.553503463
gpc_glycerol	195.0	0.097	0.087	162	3.99829034924	0.00385899718914	-6.56767690682
gpc_glycerol	195.0	0.097	0.087	163	4.00146745403	0.00453690887515	-23.2134921522
gpc_glycerol	195.0	0.097	0.087	164	4.00269944645	0.00718164662553	182.327163067
gpc_glycerol	195.0	0.097	0.087	165	4.0065617582	0.00293608644539	29.4588765297
gpc_glycerol	195.0	0.097	0.087	166	4.00824283197	0.00195497074874	5.4358438194
gpc_glycerol	195.0	0.097	0.087	167	4.0148140493	0.00252814796732	78.3362158676
gpc_glycerol	195.0	0.097	0.087	168	4.01782892618	0.00161584792661	57.2141381039
lactate	195.0	0.039	0.087	0	1.30250057296	0.235266092582	-67.2052929891
lactate	195.0	0.039	0.087	1	1.32581556626	1.29927422675	-84.3611884709
lactate	195.0	0.039	0.087	2	4.06255628652	0.0772898950153	0.635876344566
lactate	195.0	0.039	0.087	3	4.08578501746	0.20929977861	235.623945066
lactate	195.0	0.039	0.087	4	4.08607952236	0.0197882171895	165.203847102
lactate	195.0	0.039	0.087	5	4.10911274289	0.203116946648	113.262540044
lactate	195.0	0.039	0.087	6	4.1094047898	0.00682021018862	208.915295021
lactate	195.0	0.039	0.087	7	4.13253700483	0.0821865762313	-14.2205158283
naa_acetyl	195.0	1.0	0.13	0	2.008	1.80553543988	38.421061497
naa_aspartate	195.0	1.0	0.069	0	2.42994712007	0.13853830019	178.575500043
naa_aspartate	195.0	1.0	0.069	1	2.4626492168	0.099135195989	225.674184296
naa_aspartate	195.0	1.0	0.069	2	2.48240731198	0.284747933906	149.811845849
naa_aspartate	195.0	1.0	0.069	3	2.51510949881	0.36020560498	205.687700541
naa_aspartate	195.0	1.0	0.069	4	2.63340731929	0.32237254552	-4.90146098642
naa_aspartate	195.0	1.0	0.069	5	2.64673837389	0.356035688458	67.4087483536
naa_aspartate	195.0	1.0	0.069	6	2.68586758321	0.155185681135	-27.7559379691
naa_aspartate	195.0	1.0	0.069	7	2.69919857817	0.0990900900959	47.6521041762
naa_aspartate	195.0	1.0	0.069	8	4.33805226897	0.131167100512	-27.5393268611
naa_aspartate	195.0	1.0	0.069	9	4.3513830937	0.113727116121	53.2857917357
naa_aspartate	195.0	1.0	0.069	10	4.35958461114	0.135778557553	245.436767706
naa_aspartate	195.0	1.0	0.069	11	4.3707545707	0.110339453269	36.1310032803
naa_aspartate	195.0	1.0	0.069	12	4.37291590033	0.122248833772	-34.941991035
naa_aspartate	195.0	1.0	0.069	13	4.38408539298	0.111858181936	99.4153664669
naa_aspartate	195.0	1.0	0.069	14	4.39228650928	0.0924888263618	-46.7955458467
naa_aspartate	195.0	1.0	0.069	15	4.40561779602	0.113011370071	16.1894097439
myoinositol	195.0	0.578	0.087	0	3.14666717957	0.000960588634668	-47.6922104534
myoinositol	195.0	0.578	0.087	1	3.1561701155	0.000931641360905	201.743024775
myoinositol	195.0	0.578	0.087	2	3.18939356493	0.000947805113183	200.788084294
myoinositol	195.0	0.578	0.087	3	3.23563974457	0.0509935956653	-63.7788813588
myoinositol	195.0	0.578	0.087	4	3.23682666553	0.0619940961825	238.486318141
myoinositol	195.0	0.578	0.087	5	3.23682515637	0.0489882617171	155.434295172
myoinositol	195.0	0.578	0.087	6	3.26499770388	0.0717476123476	64.2164519111
myoinositol	195.0	0.578	0.087	7	3.26753062249	0.237047543742	14.9449956288
myoinositol	195.0	0.578	0.087	8	3.26757996867	0.0396413539699	139.07517797
myoinositol	195.0	0.578	0.087	9	3.26981074605	0.0185674542482	-29.0319115027
myoinositol	195.0	0.578	0.087	10	3.26999263665	0.0108854194524	182.478244052
myoinositol	195.0	0.578	0.087	11	3.29716919191	0.0154735732923	261.017438736
myoinositol	195.0	0.578	0.087	12	3.29754921265	0.016801505773	-81.5401534106
myoinositol	195.0	0.578	0.087	13	3.29829688419	0.0542734253576	190.047740872
myoinositol	195.0	0.578	0.087	14	3.29933541211	0.0851752811568	41.3342757219
myoinositol	195.0	0.578	0.087	15	3.3011070526	0.00169647890118	246.969612653
myoinositol	195.0	0.578	0.087	16	3.34544819022	0.00153887640761	139.071868527
myoinositol	195.0	0.578	0.087	17	3.34727025946	0.0016322475741	108.492073942
myoinositol	195.0	0.578	0.087	18	3.34749201402	0.00181749958625	-63.1837470091
myoinositol	195.0	0.578	0.087	19	3.37726835186	0.00251242971679	-62.202160538
myoinositol	195.0	0.578	0.087	20	3.37817189486	0.0035089075966	150.717030379
myoinositol	195.0	0.578	0.087	21	3.38681519732	0.00505624810767	30.1368920846
myoinositol	195.0	0.578	0.087	22	3.38843798204	0.00149539616649	32.4810584105
myoinositol	195.0	0.578	0.087	23	3.49661768204	0.226046247375	107.664109481
myoinositol	195.0	0.578	0.087	24	3.49733996509	0.0900967129883	31.9715114603
myoinositol	195.0	0.578	0.087	25	3.49828896997	0.0103962215808	-18.8209409258
myoinositol	195.0	0.578	0.087	26	3.50618611465	0.154085146313	-22.7290218004
myoinositol	195.0	0.578	0.087	27	3.50722607804	0.281297203543	211.865667926
myoinositol	195.0	0.578	0.087	28	3.53076456501	0.527506804662	123.087022271
myoinositol	195.0	0.578	0.087	29	3.53962813103	0.286411979604	234.782147449
myoinositol	195.0	0.578	0.087	30	3.54086348564	0.079181886409	-6.52414626349
myoinositol	195.0	0.578	0.087	31	3.54149285414	0.00871742741164	-85.5932868725
myoinositol	195.0	0.578	0.087	32	3.54169178035	0.0079682144046	268.318198398
myoinositol	195.0	0.578	0.087	33	3.58606225223	0.435361766482	-33.2427894136
myoinositol	195.0	0.578	0.087	34	3.58637335556	0.218782937026	-13.6779287493
myoinositol	195.0	0.578	0.087	35	3.61670596101	0.335149958414	-13.7214272122
myoinositol	195.0	0.578	0.087	36	3.61676258658	0.0689369448717	240.447667962
myoinositol	195.0	0.578	0.087	37	3.61696770904	0.0210036652427	-72.1879699044
myoinositol	195.0	0.578	0.087	38	3.61930030856	0.235477530752	-48.8831784663
myoinositol	195.0	0.578	0.087	39	3.61968146771	0.184485677027	236.05919917
myoinositol	195.0	0.578	0.087	40	3.65041051969	0.358654728472	62.0496991279
myoinositol	195.0	0.578	0.087	41	3.65068354248	0.265402030755	63.2690909556
myoinositol	195.0	0.578	0.087	42	4.04411846809	0.0957996698445	184.490026737
myoinositol	195.0	0.578	0.087	43	4.04435054468	0.0744105266712	147.849831659
myoinositol	195.0	0.578	0.087	44	4.04459111891	0.0184930915958	107.230699783
myoinositol	195.0	0.578	0.087	45	4.05387222166	0.264439787186	0.804020511873
myoinositol	195.0	0.578	0.087	46	4.05389119402	0.00355722057048	172.271201781
myoinositol	195.0	0.578	0.087	47	4.05414844675	0.149695136565	-24.4518706907
myoinositol	195.0	0.578	0.087	48	4.06339716636	0.0773320739439	203.882465533
myoinositol	195.0	0.578	0.087	49	4.06381213118	0.0493934358286	147.659438522
naag_glutamate	195.0	0.16	0.087	0	1.871	0.553235776355	57.4107519172
naag_glutamate	195.0	0.16	0.087	1	2.039	0.673484096223	20.3376903861
naag_glutamate	195.0	0.16	0.087	2	2.17	0.776524379002	26.879605209
naag_glutamate	195.0	0.16	0.087	3	2.18	0.801767926212	25.0832364036
naag_glutamate	195.0	0.16	0.087	4	4.118	0.994944347869	-6.22423549895
pcho_N(CH3)3_a	195.0	0.058	0.121	0	3.2060818805	1.3262466701	-6.23258261447
pcho_N(CH3)3_a	195.0	0.058	0.121	1	3.20799956069	0.196989274882	91.4806114143
pcho_N(CH3)3_a	195.0	0.058	0.121	2	3.20799956133	0.0691912795624	209.876766552
pcho_N(CH3)3_a	195.0	0.058	0.121	3	3.20799956093	0.0296582718979	-59.1139719232
pcho_N(CH3)3_a	195.0	0.058	0.121	4	3.20799956133	0.0791009936093	227.838591136
pcho_N(CH3)3_a	195.0	0.058	0.121	5	3.20991757794	0.135162792259	-21.0327561282
pcho_N(CH3)3_a	195.0	0.058	0.121	6	3.20991781979	0.104713719317	111.723336069
pcho_N(CH3)3_a	195.0	0.058	0.121	7	3.20991768824	0.107685055096	228.857648234
pcho_N(CH3)3_a	195.0	0.058	0.121	8	3.20991788194	0.0730973952412	80.0488232783
naag_aspartyl	195.0	0.16	0.087	0	2.46274169543	0.173688057373	183.105090589
naag_aspartyl	195.0	0.16	0.087	1	2.49450147826	0.245755497103	242.513781065
naag_aspartyl	195.0	0.16	0.087	2	2.51627255614	0.322708361259	135.140614603
naag_aspartyl	195.0	0.16	0.087	3	2.54803233898	0.177840285467	246.696879879
naag_aspartyl	195.0	0.16	0.087	4	2.68014621287	0.280315300544	11.4825736415
naag_aspartyl	195.0	0.16	0.087	5	2.69524501619	0.214461971423	28.8583985254
naag_aspartyl	195.0	0.16	0.087	6	2.73367707359	0.193038015213	-26.1573964602
naag_aspartyl	195.0	0.16	0.087	7	2.7487758769	0.224504501527	19.3698768457
naag_aspartyl	195.0	0.16	0.087	8	4.57372264483	0.212988451279	118.39309834
naag_aspartyl	195.0	0.16	0.087	9	4.58882144815	0.243065191347	158.858645175
naag_aspartyl	195.0	0.16	0.087	10	4.60548242767	0.24265391057	206.339587552
naag_aspartyl	195.0	0.16	0.087	11	4.62058123099	0.230968089621	232.570301536
naag_acetyl	195.0	0.16	0.13	0	2.032	1.96056047959	23.0265251574
pcr_X	195.0	0.422	0.081	0	3.93	1.99032375032	-7.82003389705
pcr_N(CH3)	195.0	0.422	0.09	0	3.029	2.99876832013	-1.65971410684
pcho_X	195.0	0.058	0.087	0	3.54205005565	0.00102924405223	213.791670212
pcho_X	195.0	0.058	0.087	1	3.62469902907	0.395522807858	-30.3576143897
pcho_X	195.0	0.058	0.087	2	3.62486445768	0.0133163123845	223.181043735
pcho_X	195.0	0.058	0.087	3	3.63118647533	0.0906472593639	191.954149248
pcho_X	195.0	0.058	0.087	4	3.63354015866	0.117624568361	143.736979824
pcho_X	195.0	0.058	0.087	5	3.64027477974	0.30701225383	5.74292277181
pcho_X	195.0	0.058	0.087	6	3.64134163411	0.229649846699	-38.7588542438
pcho_X	195.0	0.058	0.087	7	3.64823604138	0.142294531192	198.99475896
pcho_X	195.0	0.058	0.087	8	3.65059120058	0.100288270672	151.953713995
pcho_X	195.0	0.058	0.087	9	3.65677342657	0.429432837473	16.1020190659
pcho_X	195.0	0.058	0.087	10	3.65664517235	0.00970724927759	216.567700481
pcho_X	195.0	0.058	0.087	11	3.73913803241	0.0041657363132	101.563094344
pcho_X	195.0	0.058	0.087	12	3.7391474082	0.000958644089231	249.68048221
pcho_X	195.0	0.058	0.087	13	4.16263165485	0.00114411010548	243.694634848
pcho_X	195.0	0.058	0.087	14	4.17179708887	0.00119529984965	245.565559441
pcho_X	195.0	0.058	0.087	15	4.18097324255	0.00106987955312	245.186871039
pcho_X	195.0	0.058	0.087	16	4.18372970344	0.00132751458555	183.89940939
pcho_X	195.0	0.058	0.087	17	4.19289614942	0.00075192037843	244.664085626
pcho_X	195.0	0.058	0.087	18	4.24500571479	0.0864730423195	-37.7021613936
pcho_X	195.0	0.058	0.087	19	4.25117623034	0.0180096073577	190.472328441
pcho_X	195.0	0.058	0.087	20	4.25353002872	0.0262091036653	143.044713372
pcho_X	195.0	0.058	0.087	21	4.25416674483	0.0858104624029	-34.0058550892
pcho_X	195.0	0.058	0.087	22	4.26034183364	0.0181993823597	194.166836389
pcho_X	195.0	0.058	0.087	23	4.26042599344	0.0420571802378	42.0685391574
pcho_X	195.0	0.058	0.087	24	4.26290402162	0.121608445352	-30.1433320229
pcho_X	195.0	0.058	0.087	25	4.26269565333	0.0255227049683	144.99246061
pcho_X	195.0	0.058	0.087	26	4.26596979985	0.0176093390723	190.785811794
pcho_X	195.0	0.058	0.087	27	4.26622459071	0.0169834515579	9.49488635978
pcho_X	195.0	0.058	0.087	28	4.26879566168	0.0418308648311	203.90646854
pcho_X	195.0	0.058	0.087	29	4.26959295042	0.0419721681573	37.5699127202
pcho_X	195.0	0.058	0.087	30	4.27138346863	0.0396513434474	153.698579541
pcho_X	195.0	0.058	0.087	31	4.27108796745	0.039052295697	-28.5550882383
pcho_X	195.0	0.058	0.087	32	4.27228196813	0.00535566619535	240.857004074
pcho_X	195.0	0.058	0.087	33	4.2746358202	0.00949593302242	155.580161859
pcho_X	195.0	0.058	0.087	34	4.275265123	0.0807645242843	-23.707581452
pcho_X	195.0	0.058	0.087	35	4.27707141945	0.0709369162432	19.9422806146
pcho_X	195.0	0.058	0.087	36	4.27739365253	0.0232573112892	205.590919283
pcho_X	195.0	0.058	0.087	37	4.27877059259	0.0418344196409	28.7880320757
pcho_X	195.0	0.058	0.087	38	4.27974747222	0.0158469420783	160.193854585
pcho_X	195.0	0.058	0.087	39	4.28043260842	0.0481800562486	-29.8268060347
pcho_X	195.0	0.058	0.087	40	4.28144755342	0.0185089438783	201.200882053
pcho_X	195.0	0.058	0.087	41	4.28424387414	0.0920497617219	-24.997929083
pcho_X	195.0	0.058	0.087	42	4.28380142513	0.0233440585582	150.438355762
pcho_X	195.0	0.058	0.087	43	4.28623085391	0.0739643356315	16.4064564449
pcho_X	195.0	0.058	0.087	44	4.28656905173	0.0230375407254	202.437160165
pcho_X	195.0	0.058	0.087	45	4.28907836323	0.0270373902434	167.798116949
pcho_X	195.0	0.058	0.087	46	4.29090735166	0.025273082953	190.250557319
pcho_X	195.0	0.058	0.087	47	4.29144096646	0.0858267565595	-5.96807091448
pcho_X	195.0	0.058	0.087	48	4.29297881002	0.02257434775	152.595965696
pcho_X	195.0	0.058	0.087	49	4.29540382478	0.0770797055124	14.8954035597
pcho_X	195.0	0.058	0.087	50	4.29800588064	0.00677137536617	-72.5688947723
pcho_X	195.0	0.058	0.087	51	4.29845023227	0.0315271324063	188.059318409
pcho_X	195.0	0.058	0.087	52	4.30059776223	0.08628378051	-10.6492770036
pcho_X	195.0	0.058	0.087	53	4.300851686	0.0179966714765	150.817137986
pcho_X	195.0	0.058	0.087	54	4.30733116639	0.0797544567712	15.6809595735
pcho_X	195.0	0.058	0.087	55	4.30767344445	0.022774751667	198.846079088
pcho_X	195.0	0.058	0.087	56	4.31002736134	0.0186496674839	148.668019902
pcho_X	195.0	0.058	0.087	57	4.31650785207	0.0800195045263	18.0542487155
pcho_X	195.0	0.058	0.087	58	4.38082028267	0.000701146745172	-49.0205382183
pcho_N(CH3)3_b	195.0	0.058	0.121	0	3.20608188019	1.65776258002	-6.23256475344
pcho_N(CH3)3_b	195.0	0.058	0.121	1	3.20799956094	0.383997104966	-5.47236285492
pcho_N(CH3)3_b	195.0	0.058	0.121	2	3.20799956083	0.169385574825	198.241121099
pcho_N(CH3)3_b	195.0	0.058	0.121	3	3.20799956094	0.15714804033	169.692069412
pcho_N(CH3)3_b	195.0	0.058	0.121	4	3.20799956113	0.198612555117	-25.4822715759
pcho_N(CH3)3_b	195.0	0.058	0.121	5	3.20799956111	0.286577350186	-1.49338292224
pcho_N(CH3)3_b	195.0	0.058	0.121	6	3.20799956094	0.06751412045	234.523166858
pcho_N(CH3)3_b	195.0	0.058	0.121	7	3.20799956125	0.159641189399	7.37991185358
pcho_N(CH3)3_b	195.0	0.058	0.121	8	3.20799956137	0.0524341145696	34.8967891262
pcho_N(CH3)3_b	195.0	0.058	0.121	9	3.20991749311	0.0828165568437	224.194777112
pcho_N(CH3)3_b	195.0	0.058	0.121	10	3.20991735022	0.0716380995031	126.453359707
pcho_N(CH3)3_b	195.0	0.058	0.121	11	3.20991773608	0.675120001323	-3.34308702711
pcho_N(CH3)3_b	195.0	0.058	0.121	12	3.20991788596	0.518003012697	-0.057466361738
pcho_N(CH3)3_b	195.0	0.058	0.121	13	3.20991802167	0.333825050234	2.51844606204
taurine	195.0	0.117	0.085	0	3.2209127337	0.220892522076	126.748203131
taurine	195.0	0.117	0.085	1	3.22397870406	0.274149770308	90.6286189144
taurine	195.0	0.117	0.085	2	3.24241160821	0.237276356072	-19.9056796477
taurine	195.0	0.117	0.085	3	3.24389236776	0.0825761268258	51.494649222
taurine	195.0	0.117	0.085	4	3.24589847423	0.456213642329	-6.46516161668
taurine	195.0	0.117	0.085	5	3.24772584198	0.0220284964259	-46.9718715972
taurine	195.0	0.117	0.085	6	3.26532934784	0.269750780239	237.720274615
taurine	195.0	0.117	0.085	7	3.26768692835	0.202425224151	257.452366529
taurine	195.0	0.117	0.085	8	3.39881286344	0.200669984809	87.0483624534
taurine	195.0	0.117	0.085	9	3.40117086037	0.267889333144	106.660489313
taurine	195.0	0.117	0.085	10	3.41877394265	0.0219726289394	31.8013239367
taurine	195.0	0.117	0.085	11	3.42060152468	0.454618983568	-8.71404765225
taurine	195.0	0.117	0.085	12	3.42260641789	0.0803856118516	-66.1246902945
taurine	195.0	0.117	0.085	13	3.42408818358	0.237732197583	4.38893501842
taurine	195.0	0.117	0.085	14	3.44252147965	0.274016541144	253.866269901
taurine	195.0	0.117	0.085	15	3.4455870826	0.22273665926	217.541360755
peth	195.0	0.126	0.087	0	3.1989069773	0.448150946598	-7.86959095116
peth	195.0	0.126	0.087	1	3.19873012631	0.0150065259494	114.574058093
peth	195.0	0.126	0.087	2	3.20942327476	0.210458172889	131.686467224
peth	195.0	0.126	0.087	3	3.2091589816	0.00966750431697	252.703638728
peth	195.0	0.126	0.087	4	3.2096625645	0.00800697048783	-3.90715044728
peth	195.0	0.126	0.087	5	3.21564747465	0.362158148495	-16.8916616889
peth	195.0	0.126	0.087	6	3.21518723131	0.00505077991336	79.6351061898
peth	195.0	0.126	0.087	7	3.22270594692	0.102389716007	208.161151682
peth	195.0	0.126	0.087	8	3.22246574205	0.204863048661	215.599527091
peth	195.0	0.126	0.087	9	3.22272311489	0.0161053258464	-57.5599944735
peth	195.0	0.126	0.087	10	3.23267380901	0.443843644161	1.23499394088
peth	195.0	0.126	0.087	11	3.23281524204	0.0114042115459	213.562092846
peth	195.0	0.126	0.087	12	3.88827853336	0.00109961256338	135.117840178
peth	195.0	0.126	0.087	13	3.94595277772	0.0895783874314	-18.7006846329
peth	195.0	0.126	0.087	14	3.94772191762	0.0889249472307	-18.134461823
peth	195.0	0.126	0.087	15	3.94949170954	0.0882478830533	-17.5613199473
peth	195.0	0.126	0.087	16	3.9561699387	0.0409823677385	130.279499449
peth	195.0	0.126	0.087	17	3.95793954567	0.0408940939298	130.438481998
peth	195.0	0.126	0.087	18	3.95970992526	0.0407759845816	130.568359697
peth	195.0	0.126	0.087	19	3.9634564352	0.0991147688835	7.07353262263
peth	195.0	0.126	0.087	20	3.96611518119	0.095304887608	8.18131422565
peth	195.0	0.126	0.087	21	3.96921135761	0.0417702855686	214.296695552
peth	195.0	0.126	0.087	22	3.97000103599	0.0095315702536	78.3721686446
peth	195.0	0.126	0.087	23	3.97029284144	0.0138401837831	156.288749656
peth	195.0	0.126	0.087	24	3.97098064707	0.041816653663	214.19885962
peth	195.0	0.126	0.087	25	3.97191302298	0.0815125670415	-11.4356913734
peth	195.0	0.126	0.087	26	3.9727499902	0.041820897	214.139260729
peth	195.0	0.126	0.087	27	3.97368442235	0.0811018891637	-11.1548615968
peth	195.0	0.126	0.087	28	3.97973579151	0.0864928316508	-6.93555160961
peth	195.0	0.126	0.087	29	3.98008497677	0.0107588675195	46.2930182221
peth	195.0	0.126	0.087	30	3.98060340712	0.0108020173645	-81.1159558852
peth	195.0	0.126	0.087	31	3.98150457731	0.0870382622084	-7.36916049075
peth	195.0	0.126	0.087	32	3.98212265517	0.0408157443636	130.857124643
peth	195.0	0.126	0.087	33	3.98327381642	0.0874736832881	-7.73571389758
peth	195.0	0.126	0.087	34	3.983892486	0.0409423090556	130.676606627
peth	195.0	0.126	0.087	35	3.98674994644	0.00840472157898	-46.1557167471
peth	195.0	0.126	0.087	36	3.98940356454	0.116336248825	3.40565982575
peth	195.0	0.126	0.087	37	3.99116383508	0.0404539223863	-17.212407106
peth	195.0	0.126	0.087	38	3.99314552716	0.0151790013136	89.8661554335
peth	195.0	0.126	0.087	39	3.99366395751	0.00722519919158	154.349829969
peth	195.0	0.126	0.087	40	3.99516561167	0.0418260061462	214.745345749
peth	195.0	0.126	0.087	41	3.99693543911	0.041732393884	214.954454971
peth	195.0	0.126	0.087	42	4.00375726558	0.00865032128643	-21.9426630756
peth	195.0	0.126	0.087	43	4.00407901361	0.0111050252529	229.01708842
peth	195.0	0.126	0.087	44	4.00568327546	0.0872187913854	-6.92484686064
peth	195.0	0.126	0.087	45	4.00745284702	0.0866797554253	-6.44647471173
peth	195.0	0.126	0.087	46	4.0861004598	0.00101258578563	0.937863824344
scyllo-inositol	195.0	0.044	0.087	0	3.34	5.96876357371	-8.17075265139
lm1	195.0	1.0	0.945781	L	50.72009	3.550126	-1.138201
lm2	195.0	1.0	1.475781	L	54.12614	2.855701	0.05457026
lm3	195.0	1.0	1.705781	L	68.32043	3.90728	-0.06015777
lm4	195.0	1.0	2.115781	L	96.4358	4.719139	-0.09620739
lm5	195.0	1.0	2.315781	L	69.70896	2.784562	-0.5775946
lm6	195.0	1.0	3.015781	L	42.72932	1.01768	-0.6582785
lm7	195.0	1.0	3.9854041	L	29.64625	1.209407	0.2889715
lm8	195.0	1.0	7.125781	L	274.476	4.046641	0.3027004
lm9	195.0	1.0	7.855781	L	37.37627	1.313574	0.02022181
lm10	195.0	1.0	2.655781	L	121.4557	2.349968	-0.5826102
lm11	195.0	1.0	1.235781	L	30.68139	0.7444791	-1.138201
lm12	195.0	1.0	-0.62824	L	1789.202	21.51878	-3.652967
lm13	195.0	1.0	3.295781	L	109.4958	1.665539	0.1635756
lm14	195.0	1.0	3.705781	L	169.6304	4.873533	-1.354319
