;PINTS for FITMAN Simulation Output
;Experiment Information
;---------------------------------------------------------------------------
;Name: semi-LASER
;Created: 2017_10_30
;Comment: Density-matrix simulations of metabolites using PyGAMMA and metabolite parameters from V. Govindaraju et. al, NMR Biomed. 2000;13:129-153
;PI: bartha-olemew
;b0: 297.2
;49 Metabolites: alanine, aspartate, choline_1-CH2_2-CH2, choline_N(CH3)3_a, choline_N(CH3)3_b, creatine_N(CH3), creatine_X, d-glucose-alpha, d-glucose-beta, gaba, glutamate, glutamine, glutathione_cysteine, glutathione_glutamate, glutathione_glycine, glycine, gpc_7-CH2_8-CH2, gpc_glycerol, gpc_N(CH3)3_a, gpc_N(CH3)3_b, lactate, myoinositol, naa_acetyl, naa_aspartate, naag_acetyl, naag_aspartyl, naag_glutamate, pcho_N(CH3)3_a, pcho_N(CH3)3_b, pcho_X, pcr_N(CH3), pcr_X, peth, scyllo-inositol, taurine, lm1, lm2, lm3, lm4, lm5, lm6, lm7, lm8, lm9, lm10, lm11, lm12, lm13, lm14
;Simulation Results
;---------------------------------------------------------------------------
alanine	115.0	0.078	0.087	0	1.45445888533	0.355034127906	180.229877703
alanine	115.0	0.078	0.087	1	1.47880182973	0.802282273706	221.195861264
alanine	115.0	0.078	0.087	2	3.7382838008	0.119411312475	66.089271521
alanine	115.0	0.078	0.087	3	3.7626234927	0.364858544092	136.548348826
alanine	115.0	0.078	0.087	4	3.7869498322	0.339129100245	207.704313419
alanine	115.0	0.078	0.087	5	3.81130127456	0.112618632782	-79.4969513127
choline_N(CH3)3_a	115.0	0.165	0.121	0	3.18308188091	1.33097434907	-6.30930878992
choline_N(CH3)3_a	115.0	0.165	0.121	1	3.18499956219	0.176550505475	105.787152689
choline_N(CH3)3_a	115.0	0.165	0.121	2	3.18499956197	0.0446242005614	29.3959390031
choline_N(CH3)3_a	115.0	0.165	0.121	3	3.18499956231	0.141601022255	-47.7235259838
choline_N(CH3)3_a	115.0	0.165	0.121	4	3.18499956216	0.0517759982255	259.482764888
choline_N(CH3)3_a	115.0	0.165	0.121	5	3.18499956217	0.0215748163315	163.696211783
choline_N(CH3)3_a	115.0	0.165	0.121	6	3.18691758559	0.102956007016	109.308956693
choline_N(CH3)3_a	115.0	0.165	0.121	7	3.18691746246	0.0778866845531	-0.404502708154
choline_N(CH3)3_a	115.0	0.165	0.121	8	3.18691786914	0.181765808772	176.648300301
choline_N(CH3)3_a	115.0	0.165	0.121	9	3.18691805187	0.0757268124153	226.748915687
choline_N(CH3)3_a	115.0	0.165	0.121	10	3.1869179003	0.0250484990127	-72.9422873067
choline_1-CH2_2-CH2	115.0	0.165	0.087	0	3.40528755443	0.00205549744884	252.244440879
choline_1-CH2_2-CH2	115.0	0.165	0.087	1	3.48364158636	0.352576499862	201.370709225
choline_1-CH2_2-CH2	115.0	0.165	0.087	2	3.48385022275	0.191378903887	186.724989069
choline_1-CH2_2-CH2	115.0	0.165	0.087	3	3.4838750549	0.0643113076057	26.7336685081
choline_1-CH2_2-CH2	115.0	0.165	0.087	4	3.49445762177	0.188019877144	78.6409900818
choline_1-CH2_2-CH2	115.0	0.165	0.087	5	3.49451015708	0.026406634019	-70.0027686092
choline_1-CH2_2-CH2	115.0	0.165	0.087	6	3.50052420118	0.253908690895	-1.06682951829
choline_1-CH2_2-CH2	115.0	0.165	0.087	7	3.50001051972	0.0250440459509	93.0600404169
choline_1-CH2_2-CH2	115.0	0.165	0.087	8	3.50095191714	0.0225430914357	234.365936031
choline_1-CH2_2-CH2	115.0	0.165	0.087	9	3.50738542427	0.161856925253	264.898055018
choline_1-CH2_2-CH2	115.0	0.165	0.087	10	3.50734198018	0.0109047252071	19.8705508809
choline_1-CH2_2-CH2	115.0	0.165	0.087	11	3.50743404668	0.0201315432809	-73.6697702369
choline_1-CH2_2-CH2	115.0	0.165	0.087	12	3.5177821218	0.358767394133	135.028657689
choline_1-CH2_2-CH2	115.0	0.165	0.087	13	3.51755593319	0.0582513856239	-69.017438615
choline_1-CH2_2-CH2	115.0	0.165	0.087	14	3.59567488242	0.00197417557374	72.7074844677
choline_1-CH2_2-CH2	115.0	0.165	0.087	15	3.59567659779	0.00217234626214	-84.8726311144
choline_1-CH2_2-CH2	115.0	0.165	0.087	16	3.9504856488	0.00109863984955	68.501231626
choline_1-CH2_2-CH2	115.0	0.165	0.087	17	3.95931453976	0.0010778934436	68.4314495989
choline_1-CH2_2-CH2	115.0	0.165	0.087	18	3.96815265095	0.00246179554654	-56.1908199904
choline_1-CH2_2-CH2	115.0	0.165	0.087	19	4.02838738242	0.168348666263	211.501060987
choline_1-CH2_2-CH2	115.0	0.165	0.087	20	4.03721637582	0.16670667982	210.337094734
choline_1-CH2_2-CH2	115.0	0.165	0.087	21	4.03877237765	0.0808151526395	79.7411486936
choline_1-CH2_2-CH2	115.0	0.165	0.087	22	4.04571658391	0.145585583954	-9.61158491301
choline_1-CH2_2-CH2	115.0	0.165	0.087	23	4.04585662236	0.00399552144275	249.315071833
choline_1-CH2_2-CH2	115.0	0.165	0.087	24	4.0476032897	0.0812358131637	78.9059716444
choline_1-CH2_2-CH2	115.0	0.165	0.087	25	4.05169575458	0.0845718701801	267.526247786
choline_1-CH2_2-CH2	115.0	0.165	0.087	26	4.05447185469	0.128200010704	-14.8046807191
choline_1-CH2_2-CH2	115.0	0.165	0.087	27	4.05639419526	0.0220316075481	142.624369232
choline_1-CH2_2-CH2	115.0	0.165	0.087	28	4.05649512241	0.00670291855273	32.9732511075
choline_1-CH2_2-CH2	115.0	0.165	0.087	29	4.06052697368	0.0843857483819	268.187782431
choline_1-CH2_2-CH2	115.0	0.165	0.087	30	4.06252043982	0.176776221261	142.071847563
choline_1-CH2_2-CH2	115.0	0.165	0.087	31	4.06288441363	0.0427584749283	250.967366384
choline_1-CH2_2-CH2	115.0	0.165	0.087	32	4.06381701365	0.0343209312313	-58.9489890335
choline_1-CH2_2-CH2	115.0	0.165	0.087	33	4.06931808487	0.0297921657391	22.6811496515
choline_1-CH2_2-CH2	115.0	0.165	0.087	34	4.06941901201	0.0204213597703	176.720513504
choline_1-CH2_2-CH2	115.0	0.165	0.087	35	4.07134513174	0.177921340216	143.224863131
choline_1-CH2_2-CH2	115.0	0.165	0.087	36	4.07996127587	0.0241464457078	242.623209156
choline_1-CH2_2-CH2	115.0	0.165	0.087	37	4.08042102971	0.0621990879398	-57.526999027
choline_1-CH2_2-CH2	115.0	0.165	0.087	38	4.15854877634	0.0023848072273	30.7697391441
aspartate	115.0	0.117	0.087	0	2.60315461543	0.263871130404	208.223512032
aspartate	115.0	0.117	0.087	1	2.63321004478	0.124758109627	204.611152344
aspartate	115.0	0.117	0.087	2	2.66178300881	0.103968654181	83.1883042289
aspartate	115.0	0.117	0.087	3	2.69183843816	0.396603515963	179.593226064
aspartate	115.0	0.117	0.087	4	2.77093866344	0.0461198053466	173.430957747
aspartate	115.0	0.117	0.087	5	2.78379157363	0.364381808633	-61.7315544284
aspartate	115.0	0.117	0.087	6	2.82956705682	0.24715974329	75.5545155299
aspartate	115.0	0.117	0.087	7	2.84241996702	0.119225635334	255.701723147
aspartate	115.0	0.117	0.087	8	3.8701699882	0.281121481406	255.227817556
aspartate	115.0	0.117	0.087	9	3.8830228984	0.115937239222	80.5210995691
aspartate	115.0	0.117	0.087	10	3.90022541756	0.118463172525	-62.6456535165
aspartate	115.0	0.117	0.087	11	3.91307832775	0.234600930524	85.356029758
creatine_N(CH3)	115.0	0.296	0.09	0	3.027	2.98448343033	-2.03308366678
creatine_X	115.0	0.296	0.081	0	3.913	1.98024330844	-7.45730290749
d-glucose-alpha	115.0	0.049	0.087	0	3.31840367568	0.00369900023753	258.93963201
d-glucose-alpha	115.0	0.049	0.087	1	3.34962294021	0.00430606656154	181.083718133
d-glucose-alpha	115.0	0.049	0.087	2	3.35211430759	0.0118275567368	129.290136742
d-glucose-alpha	115.0	0.049	0.087	3	3.36166091727	0.118857736602	25.2210391644
d-glucose-alpha	115.0	0.049	0.087	4	3.36378974555	0.0302496923585	46.1940997177
d-glucose-alpha	115.0	0.049	0.087	5	3.38335083476	0.00428878087281	61.9932909025
d-glucose-alpha	115.0	0.049	0.087	6	3.39327602224	0.317299360136	-13.4818781367
d-glucose-alpha	115.0	0.049	0.087	7	3.39436973754	0.147011565398	-35.1298093618
d-glucose-alpha	115.0	0.049	0.087	8	3.40384817944	0.0115606971666	-48.328848775
d-glucose-alpha	115.0	0.049	0.087	9	3.42392373202	0.0741095399736	-17.5537218301
d-glucose-alpha	115.0	0.049	0.087	10	3.42554194911	0.0373417704151	236.915770721
d-glucose-alpha	115.0	0.049	0.087	11	3.42581093632	0.066679531834	-32.2328585868
d-glucose-alpha	115.0	0.049	0.087	12	3.43530546903	0.010392544255	-56.3613699118
d-glucose-alpha	115.0	0.049	0.087	13	3.43726570497	0.0030724195044	163.378474472
d-glucose-alpha	115.0	0.049	0.087	14	3.46875300328	0.0042194417108	99.3616648234
d-glucose-alpha	115.0	0.049	0.087	15	3.49510998697	0.223823824398	250.077071426
d-glucose-alpha	115.0	0.049	0.087	16	3.50777726922	0.272641734382	118.157222642
d-glucose-alpha	115.0	0.049	0.087	17	3.51589440101	0.00140024387572	200.477237239
d-glucose-alpha	115.0	0.049	0.087	18	3.52726269887	0.224933753081	247.502808256
d-glucose-alpha	115.0	0.049	0.087	19	3.52745536314	0.0126282534109	-86.8188928503
d-glucose-alpha	115.0	0.049	0.087	20	3.53994276366	0.182674128296	58.5040284643
d-glucose-alpha	115.0	0.049	0.087	21	3.59923526209	0.00040417117894	132.158866621
d-glucose-alpha	115.0	0.049	0.087	22	3.66848910796	0.270587598884	27.6466970998
d-glucose-alpha	115.0	0.049	0.087	23	3.70041129466	0.230918841381	-25.9927060253
d-glucose-alpha	115.0	0.049	0.087	24	3.70052781347	0.291606118555	3.0618308248
d-glucose-alpha	115.0	0.049	0.087	25	3.71005444152	0.0641873288949	202.078468775
d-glucose-alpha	115.0	0.049	0.087	26	3.71259382134	0.0926442651849	265.133201142
d-glucose-alpha	115.0	0.049	0.087	27	3.7217537903	0.0243696268102	208.182310236
d-glucose-alpha	115.0	0.049	0.087	28	3.73203903528	0.260471023143	-40.889849009
d-glucose-alpha	115.0	0.049	0.087	29	3.73235646261	0.195593474365	85.4328825728
d-glucose-alpha	115.0	0.049	0.087	30	3.75201110322	0.102115761338	-82.136594456
d-glucose-alpha	115.0	0.049	0.087	31	3.75281297469	0.00186519131054	45.4974401758
d-glucose-alpha	115.0	0.049	0.087	32	3.75317863595	0.112532205452	209.848206778
d-glucose-alpha	115.0	0.049	0.087	33	3.76248337818	0.0698231224237	-49.3832343422
d-glucose-alpha	115.0	0.049	0.087	34	3.77359647383	0.330767898876	-31.2867239571
d-glucose-alpha	115.0	0.049	0.087	35	3.79604740591	0.229611366599	-25.6585573895
d-glucose-alpha	115.0	0.049	0.087	36	3.80025457606	0.0197721963305	172.983532484
d-glucose-alpha	115.0	0.049	0.087	37	3.80039037829	0.02081649341	114.1982428
d-glucose-alpha	115.0	0.049	0.087	38	3.80652348124	0.0391815297125	122.479628988
d-glucose-alpha	115.0	0.049	0.087	39	3.80790499784	0.164569930949	-64.0159381145
d-glucose-alpha	115.0	0.049	0.087	40	3.81079291195	0.10137176618	188.175287891
d-glucose-alpha	115.0	0.049	0.087	41	3.81305070485	0.0887764424069	254.552979228
d-glucose-alpha	115.0	0.049	0.087	42	3.81817451021	0.0152981020008	130.747044353
d-glucose-alpha	115.0	0.049	0.087	43	3.81826701081	0.00416784614991	-36.2622518387
d-glucose-alpha	115.0	0.049	0.087	44	3.82248783674	0.0315663470396	84.3475438043
d-glucose-alpha	115.0	0.049	0.087	45	3.82814836306	0.0900069317765	254.461724606
d-glucose-alpha	115.0	0.049	0.087	46	3.83328066224	0.126462394285	238.987603167
d-glucose-alpha	115.0	0.049	0.087	47	3.84799051224	0.0175644369036	47.7648347917
d-glucose-alpha	115.0	0.049	0.087	48	3.84812127709	0.0224949240919	106.43539789
d-glucose-alpha	115.0	0.049	0.087	49	3.84848555093	0.166905137916	224.709882277
d-glucose-alpha	115.0	0.049	0.087	50	3.85319732412	0.130520340662	2.97964836359
d-glucose-alpha	115.0	0.049	0.087	51	3.85290072833	0.0690027022496	106.106377906
d-glucose-alpha	115.0	0.049	0.087	52	3.85362930631	0.0253846196149	154.552332293
d-glucose-alpha	115.0	0.049	0.087	53	3.89678663254	0.0127274571276	-10.1013839858
choline_N(CH3)3_b	115.0	0.165	0.121	0	3.18308188064	1.66259891389	-6.3093114477
choline_N(CH3)3_b	115.0	0.165	0.121	1	3.1849995622	0.451386415254	-9.53089941989
choline_N(CH3)3_b	115.0	0.165	0.121	2	3.18499956232	0.0642557502374	125.201726029
choline_N(CH3)3_b	115.0	0.165	0.121	3	3.18499956209	0.116137078934	218.216119918
choline_N(CH3)3_b	115.0	0.165	0.121	4	3.18499956234	0.176679360651	-33.0990796599
choline_N(CH3)3_b	115.0	0.165	0.121	5	3.18499956245	0.0897788932957	170.295446741
choline_N(CH3)3_b	115.0	0.165	0.121	6	3.18499956255	0.115406176609	-0.157740381574
choline_N(CH3)3_b	115.0	0.165	0.121	7	3.18691773123	0.740839180656	-4.336481201
choline_N(CH3)3_b	115.0	0.165	0.121	8	3.18691770727	0.822815690437	2.99281586668
choline_N(CH3)3_b	115.0	0.165	0.121	9	3.18691785736	0.0357672410774	95.6048375972
choline_N(CH3)3_b	115.0	0.165	0.121	10	3.18691747664	0.00801090887195	213.004426346
choline_N(CH3)3_b	115.0	0.165	0.121	11	3.1869178117	0.0390492482845	115.503419919
choline_N(CH3)3_b	115.0	0.165	0.121	12	3.18691768146	0.000678666286163	266.427141236
glutamine	115.0	0.427	0.087	0	2.02959843313	0.0105536617372	138.387035969
glutamine	115.0	0.427	0.087	1	2.04903832083	0.00465328898574	269.780652593
glutamine	115.0	0.427	0.087	2	2.05078450944	0.00891725115675	263.845959329
glutamine	115.0	0.427	0.087	3	2.05771963287	0.00303989183407	200.772232284
glutamine	115.0	0.427	0.087	4	2.05789178012	0.00982968297287	149.560959844
glutamine	115.0	0.427	0.087	5	2.06949146946	0.00299891337466	0.453261711329
glutamine	115.0	0.427	0.087	6	2.07824700764	0.061403988697	91.1638948506
glutamine	115.0	0.427	0.087	7	2.07868983384	0.00597687654643	-62.1702866591
glutamine	115.0	0.427	0.087	8	2.07913261771	0.00825052465985	254.148250062
glutamine	115.0	0.427	0.087	9	2.08348312725	0.0109647007079	204.829151917
glutamine	115.0	0.427	0.087	10	2.08467424299	0.0888874690989	135.645399527
glutamine	115.0	0.427	0.087	11	2.0994120015	0.0467177172396	223.07360439
glutamine	115.0	0.427	0.087	12	2.10110091148	0.0120920323216	183.003459651
glutamine	115.0	0.427	0.087	13	2.10307683112	0.0457999295658	149.852502343
glutamine	115.0	0.427	0.087	14	2.1049077746	0.0673083274779	-79.9803434129
glutamine	115.0	0.427	0.087	15	2.10705943378	0.044826608116	233.428907643
glutamine	115.0	0.427	0.087	16	2.10978222351	0.0415177265559	96.1609240552
glutamine	115.0	0.427	0.087	17	2.11007205827	0.0481346727517	197.568543088
glutamine	115.0	0.427	0.087	18	2.11574074582	0.00555409238786	205.066077974
glutamine	115.0	0.427	0.087	19	2.12154007131	0.0180525483493	269.464814633
glutamine	115.0	0.427	0.087	20	2.12427844833	0.058607810708	253.544460288
glutamine	115.0	0.427	0.087	21	2.12762581022	0.0356470544375	-17.1103671751
glutamine	115.0	0.427	0.087	22	2.13015833943	0.0523749265553	268.603474046
glutamine	115.0	0.427	0.087	23	2.13160150635	0.126054474346	181.448508746
glutamine	115.0	0.427	0.087	24	2.1333228175	0.0109480084837	120.788293325
glutamine	115.0	0.427	0.087	25	2.13493755571	0.0634686518635	223.26526985
glutamine	115.0	0.427	0.087	26	2.1368241746	0.0149070022245	245.342208484
glutamine	115.0	0.427	0.087	27	2.1533822437	0.090958057357	264.242465452
glutamine	115.0	0.427	0.087	28	2.15502822922	0.065055429638	-34.5393843029
glutamine	115.0	0.427	0.087	29	2.15542925651	0.00561579505778	157.686627187
glutamine	115.0	0.427	0.087	30	2.15894987717	0.0086505542655	172.066833415
glutamine	115.0	0.427	0.087	31	2.16411056855	0.00481005994994	39.9712421552
glutamine	115.0	0.427	0.087	32	2.17574695392	0.00862467070447	227.827203539
glutamine	115.0	0.427	0.087	33	2.17923162819	0.00727567321755	-79.924666305
glutamine	115.0	0.427	0.087	34	2.18379826752	0.0157632680508	175.44623777
glutamine	115.0	0.427	0.087	35	2.20359517008	0.0135282456995	-81.9203029698
glutamine	115.0	0.427	0.087	36	2.36519789085	0.0430477544698	25.4368082708
glutamine	115.0	0.427	0.087	37	2.38767945093	0.0215081600414	111.048973626
glutamine	115.0	0.427	0.087	38	2.38967242076	0.0277060861366	39.3947692579
glutamine	115.0	0.427	0.087	39	2.39661721831	0.0131555470712	35.7895328448
glutamine	115.0	0.427	0.087	40	2.41529994365	0.0288129506846	88.530748951
glutamine	115.0	0.427	0.087	41	2.41669767792	0.15089226609	-55.7299427692
glutamine	115.0	0.427	0.087	42	2.41946327509	0.163204580878	24.7669763008
glutamine	115.0	0.427	0.087	43	2.43850345674	0.0556510958815	141.537296817
glutamine	115.0	0.427	0.087	44	2.43885973405	0.0597819175093	-24.7192714369
glutamine	115.0	0.427	0.087	45	2.44156271762	0.121244655222	-0.409861050395
glutamine	115.0	0.427	0.087	46	2.44813296907	0.184941073422	43.9666106793
glutamine	115.0	0.427	0.087	47	2.44741864272	0.0293245357606	-87.987700682
glutamine	115.0	0.427	0.087	48	2.44814596406	0.027732165427	260.685256428
glutamine	115.0	0.427	0.087	49	2.4668561997	0.143900266158	25.7590680313
glutamine	115.0	0.427	0.087	50	2.47096485353	0.0386353133004	-47.8378370371
glutamine	115.0	0.427	0.087	51	2.4733681957	0.116664379258	103.597667567
glutamine	115.0	0.427	0.087	52	2.49337936032	0.00989704795318	11.0026108591
glutamine	115.0	0.427	0.087	53	2.49661243075	0.030525471738	8.63850130054
glutamine	115.0	0.427	0.087	54	2.50238930698	0.019970336711	-61.0169195209
glutamine	115.0	0.427	0.087	55	2.52493110145	0.0297053580724	24.9915855668
glutamine	115.0	0.427	0.087	56	3.73244094593	0.248121797266	242.064929464
glutamine	115.0	0.427	0.087	57	3.75309735845	0.462592006342	-9.1469425241
glutamine	115.0	0.427	0.087	58	3.7738444787	0.227554501815	101.641447814
glutamate	115.0	0.898	0.088	0	1.96706804127	0.0240874639667	-6.55910182913
glutamate	115.0	0.898	0.088	1	1.99094252965	0.0253028303532	8.35988878042
glutamate	115.0	0.898	0.088	2	1.9909810453	0.0224249730092	93.8432790628
glutamate	115.0	0.898	0.088	3	1.99400006985	0.03330335107	25.3099971092
glutamate	115.0	0.898	0.088	4	2.01485536067	0.0264259530431	102.7422243
glutamate	115.0	0.898	0.088	5	2.01740200566	0.0564823273143	164.153951044
glutamate	115.0	0.898	0.088	6	2.01793618742	0.0456670332878	71.2875083302
glutamate	115.0	0.898	0.088	7	2.03530047557	0.00228817725652	-3.73491879852
glutamate	115.0	0.898	0.088	8	2.04018765675	0.0396364579798	200.098843472
glutamate	115.0	0.898	0.088	9	2.04068039556	0.0452624934887	253.870231013
glutamate	115.0	0.898	0.088	10	2.04202460837	0.0263085711403	195.302543987
glutamate	115.0	0.898	0.088	11	2.04412977497	0.0380666210045	205.388334613
glutamate	115.0	0.898	0.088	12	2.05141503169	0.00253816435527	261.297109241
glutamate	115.0	0.898	0.088	13	2.06405000071	0.0419860068519	-62.2701969159
glutamate	115.0	0.898	0.088	14	2.06745024183	0.0276276460661	89.3474388188
glutamate	115.0	0.898	0.088	15	2.06757806156	0.0461738690979	239.198993792
glutamate	115.0	0.898	0.088	16	2.06815184861	0.0492620083405	-63.4497061171
glutamate	115.0	0.898	0.088	17	2.08373400035	0.0283539473171	-62.7417114896
glutamate	115.0	0.898	0.088	18	2.0916096957	0.0450979730123	-23.460639727
glutamate	115.0	0.898	0.088	19	2.0921638647	0.00320125607079	245.511669154
glutamate	115.0	0.898	0.088	20	2.0931028643	0.0248966391888	113.566199161
glutamate	115.0	0.898	0.088	21	2.10874196504	0.123326289115	234.721293337
glutamate	115.0	0.898	0.088	22	2.11718319984	0.0218566172629	254.13027456
glutamate	115.0	0.898	0.088	23	2.11766375294	0.0862493978156	180.627894134
glutamate	115.0	0.898	0.088	24	2.13364014736	0.0615032652153	-5.6712835958
glutamate	115.0	0.898	0.088	25	2.1414089918	0.0304383914509	262.926070427
glutamate	115.0	0.898	0.088	26	2.14323256942	0.0304178664951	-84.3913096245
glutamate	115.0	0.898	0.088	27	2.15745696313	0.0421690354614	70.3404803707
glutamate	115.0	0.898	0.088	28	2.15947305764	0.0301316947517	42.9239666391
glutamate	115.0	0.898	0.088	29	2.16730562707	0.0525358487691	-4.17336532987
glutamate	115.0	0.898	0.088	30	2.18329414391	0.0194932332881	78.5133253696
glutamate	115.0	0.898	0.088	31	2.26790382817	0.0218331125688	14.7058528505
glutamate	115.0	0.898	0.088	32	2.29146908631	0.0336762383695	55.8669250996
glutamate	115.0	0.898	0.088	33	2.31581413915	0.0109755133218	125.287338811
glutamate	115.0	0.898	0.088	34	2.32096060313	0.345609238077	-20.351376809
glutamate	115.0	0.898	0.088	35	2.34488527538	0.263034865437	14.3372408288
glutamate	115.0	0.898	0.088	36	2.34715979641	0.26216974555	31.2248573107
glutamate	115.0	0.898	0.088	37	2.36913148745	0.0383398296474	-5.65943965818
glutamate	115.0	0.898	0.088	38	2.36915150439	0.049723665191	70.086445052
glutamate	115.0	0.898	0.088	39	2.37376530097	0.105913033306	115.113558869
glutamate	115.0	0.898	0.088	40	2.37397553384	0.0219037934108	-69.4562047962
glutamate	115.0	0.898	0.088	41	2.4010057624	0.0385300467224	-16.5569552564
glutamate	115.0	0.898	0.088	42	2.42700801475	0.0105804258685	30.8209367278
glutamate	115.0	0.898	0.088	43	3.72336858425	0.230590442137	230.462906268
glutamate	115.0	0.898	0.088	44	3.7395072557	0.213907364167	8.17337260854
glutamate	115.0	0.898	0.088	45	3.74729299331	0.185138327896	-24.9332688715
glutamate	115.0	0.898	0.088	46	3.76351549509	0.196305156419	112.351018123
d-glucose-beta	115.0	0.049	0.087	0	3.13245412863	0.00221886784414	244.285348419
d-glucose-beta	115.0	0.049	0.087	1	3.18000789313	0.00050311665184	258.381765496
d-glucose-beta	115.0	0.049	0.087	2	3.18010918846	0.000877400723345	-70.9242116495
d-glucose-beta	115.0	0.049	0.087	3	3.18509329402	0.00226724973181	250.912962339
d-glucose-beta	115.0	0.049	0.087	4	3.19549535521	0.0063878795518	216.626885522
d-glucose-beta	115.0	0.049	0.087	5	3.19817436453	0.00405427296132	195.379104103
d-glucose-beta	115.0	0.049	0.087	6	3.19858675256	0.00301830609643	-36.4177565655
d-glucose-beta	115.0	0.049	0.087	7	3.20054138507	0.106166749513	1.05958989276
d-glucose-beta	115.0	0.049	0.087	8	3.20262030439	0.0275810411847	-60.0681809186
d-glucose-beta	115.0	0.049	0.087	9	3.2045948496	0.0060580712291	-1.39948058755
d-glucose-beta	115.0	0.049	0.087	10	3.20569240453	0.0107817479993	-51.0688799144
d-glucose-beta	115.0	0.049	0.087	11	3.21188626744	0.00207056706878	-35.4817930664
d-glucose-beta	115.0	0.049	0.087	12	3.22254152256	0.00728749882236	-57.6398901513
d-glucose-beta	115.0	0.049	0.087	13	3.22680465083	0.105761580599	-20.9901654222
d-glucose-beta	115.0	0.049	0.087	14	3.22919230069	0.177464317885	-6.78075605449
d-glucose-beta	115.0	0.049	0.087	15	3.22991409199	0.243837107801	-28.9345117028
d-glucose-beta	115.0	0.049	0.087	16	3.23043043654	0.142621096619	-40.1933602936
d-glucose-beta	115.0	0.049	0.087	17	3.23129843205	0.00687928332226	45.5212708907
d-glucose-beta	115.0	0.049	0.087	18	3.23163977245	0.00258336370245	254.705748415
d-glucose-beta	115.0	0.049	0.087	19	3.2323553083	0.00826913953357	-12.1209376784
d-glucose-beta	115.0	0.049	0.087	20	3.23407886432	0.00451784611302	-40.4690461102
d-glucose-beta	115.0	0.049	0.087	21	3.23412946254	0.00246790566237	65.7893178278
d-glucose-beta	115.0	0.049	0.087	22	3.23715619294	0.00154312928255	-12.8512744625
d-glucose-beta	115.0	0.049	0.087	23	3.24492635208	0.00153826799064	35.7578852512
d-glucose-beta	115.0	0.049	0.087	24	3.24732303237	0.000706594162042	19.9706682839
d-glucose-beta	115.0	0.049	0.087	25	3.25013935444	0.00107234250449	13.8803688
d-glucose-beta	115.0	0.049	0.087	26	3.25322956157	0.019246779609	12.5536055555
d-glucose-beta	115.0	0.049	0.087	27	3.25681055759	0.201064769663	22.3760197513
d-glucose-beta	115.0	0.049	0.087	28	3.26092704266	0.00377041826577	11.2944996756
d-glucose-beta	115.0	0.049	0.087	29	3.26100542631	0.00353528567863	132.150110382
d-glucose-beta	115.0	0.049	0.087	30	3.26403259453	0.000805818163754	132.201152548
d-glucose-beta	115.0	0.049	0.087	31	3.27183568905	0.00160993861765	95.6957153819
d-glucose-beta	115.0	0.049	0.087	32	3.27422061941	0.0008809951346	112.464211639
d-glucose-beta	115.0	0.049	0.087	33	3.27705057309	0.00120423266411	71.4245746493
d-glucose-beta	115.0	0.049	0.087	34	3.27902799907	0.000507928035373	76.4672365078
d-glucose-beta	115.0	0.049	0.087	35	3.29991334643	0.00189859254739	48.6348902472
d-glucose-beta	115.0	0.049	0.087	36	3.32482373253	0.00183462943794	249.687453694
d-glucose-beta	115.0	0.049	0.087	37	3.32532329556	0.000613304504602	-81.1503883639
d-glucose-beta	115.0	0.049	0.087	38	3.32681412519	0.0019164158052	97.7764306514
d-glucose-beta	115.0	0.049	0.087	39	3.32875786796	0.000580593996009	70.7000186932
d-glucose-beta	115.0	0.049	0.087	40	3.33062015916	0.00117436195781	261.770772716
d-glucose-beta	115.0	0.049	0.087	41	3.35063514887	0.0480655172157	251.545293904
d-glucose-beta	115.0	0.049	0.087	42	3.35165635656	0.0686524847677	130.150239809
d-glucose-beta	115.0	0.049	0.087	43	3.35176238945	0.0420199269451	78.8196486019
d-glucose-beta	115.0	0.049	0.087	44	3.35183058406	0.00335058037554	-74.7579776697
d-glucose-beta	115.0	0.049	0.087	45	3.35399779063	0.00129880928098	249.704793982
d-glucose-beta	115.0	0.049	0.087	46	3.35836861179	0.000981228263141	-20.309352593
d-glucose-beta	115.0	0.049	0.087	47	3.36360120484	0.00295230074098	-68.1561981823
d-glucose-beta	115.0	0.049	0.087	48	3.37351619275	0.00211805046609	253.495855031
d-glucose-beta	115.0	0.049	0.087	49	3.37401346795	0.0188967529087	-81.7858311943
d-glucose-beta	115.0	0.049	0.087	50	3.37887756364	0.0309518790143	47.1276062992
d-glucose-beta	115.0	0.049	0.087	51	3.38008769943	0.00144769581167	251.866005997
d-glucose-beta	115.0	0.049	0.087	52	3.3814716303	0.132299456214	-38.0337249027
d-glucose-beta	115.0	0.049	0.087	53	3.38100021329	0.0903797574972	28.3199284026
d-glucose-beta	115.0	0.049	0.087	54	3.38121679409	0.138858419179	-7.4024614877
d-glucose-beta	115.0	0.049	0.087	55	3.38748400449	0.0252720763727	-61.7205271868
d-glucose-beta	115.0	0.049	0.087	56	3.38762355776	0.036104263888	-2.79886589596
d-glucose-beta	115.0	0.049	0.087	57	3.39629600221	0.016635785892	-14.6098352668
d-glucose-beta	115.0	0.049	0.087	58	3.40084024329	0.013147513294	-38.540244054
d-glucose-beta	115.0	0.049	0.087	59	3.40970650047	0.269185706794	-32.562203554
d-glucose-beta	115.0	0.049	0.087	60	3.41049992064	0.214855687857	-52.0819777403
d-glucose-beta	115.0	0.049	0.087	61	3.41165978548	0.0151544157868	268.08936983
d-glucose-beta	115.0	0.049	0.087	62	3.41467259716	0.00500852901296	-65.1149079781
d-glucose-beta	115.0	0.049	0.087	63	3.42562041699	0.0115315893625	133.606719271
d-glucose-beta	115.0	0.049	0.087	64	3.42565144969	0.002512863398	-89.521007862
d-glucose-beta	115.0	0.049	0.087	65	3.42577475702	0.00302653569071	258.026924237
d-glucose-beta	115.0	0.049	0.087	66	3.42594159459	0.0219529411453	-27.022791907
d-glucose-beta	115.0	0.049	0.087	67	3.42861989475	0.0375310542654	-33.7276876895
d-glucose-beta	115.0	0.049	0.087	68	3.42871005674	0.051553419728	254.758106779
d-glucose-beta	115.0	0.049	0.087	69	3.4304997616	0.0048911977482	234.855562263
d-glucose-beta	115.0	0.049	0.087	70	3.43084332941	0.0101882886787	162.815391843
d-glucose-beta	115.0	0.049	0.087	71	3.43126446243	0.0229229692065	-68.7181390126
d-glucose-beta	115.0	0.049	0.087	72	3.43362374026	0.0475120033366	-79.2460619815
d-glucose-beta	115.0	0.049	0.087	73	3.43364488749	0.0487488591986	202.729229359
d-glucose-beta	115.0	0.049	0.087	74	3.44169137623	0.00720980112161	133.934029956
d-glucose-beta	115.0	0.049	0.087	75	3.44327085538	0.00289681225543	197.089487428
d-glucose-beta	115.0	0.049	0.087	76	3.44396517968	0.0133512146955	-1.28670823084
d-glucose-beta	115.0	0.049	0.087	77	3.44404689094	0.0575275759275	112.32702435
d-glucose-beta	115.0	0.049	0.087	78	3.44513732986	0.0446280121039	201.392092422
d-glucose-beta	115.0	0.049	0.087	79	3.44661453628	0.188730308893	34.5698165651
d-glucose-beta	115.0	0.049	0.087	80	3.44705907726	0.10878749809	45.202343934
d-glucose-beta	115.0	0.049	0.087	81	3.4486526825	0.0248932125067	-26.4082785153
d-glucose-beta	115.0	0.049	0.087	82	3.44985109245	0.044973369526	155.240011421
d-glucose-beta	115.0	0.049	0.087	83	3.44911395878	0.0166828535471	227.54021585
d-glucose-beta	115.0	0.049	0.087	84	3.45020465312	0.0808247963472	15.7657917829
d-glucose-beta	115.0	0.049	0.087	85	3.45241984524	0.0130988807487	-21.2001698455
d-glucose-beta	115.0	0.049	0.087	86	3.45439576775	0.0561293261735	70.9295024423
d-glucose-beta	115.0	0.049	0.087	87	3.45757008712	0.011263887722	-35.3810734242
d-glucose-beta	115.0	0.049	0.087	88	3.45908399597	0.0294021082842	63.5813481994
d-glucose-beta	115.0	0.049	0.087	89	3.46043175256	0.02048056322	5.95314905601
d-glucose-beta	115.0	0.049	0.087	90	3.46242185217	0.0268752984338	223.690333536
d-glucose-beta	115.0	0.049	0.087	91	3.46981824124	0.0349100807872	14.4448074066
d-glucose-beta	115.0	0.049	0.087	92	3.47217582953	0.0104284895264	140.025211617
d-glucose-beta	115.0	0.049	0.087	93	3.4728103124	0.0534555763523	-46.3696637122
d-glucose-beta	115.0	0.049	0.087	94	3.47429245487	0.0256091618165	137.351982104
d-glucose-beta	115.0	0.049	0.087	95	3.4757276344	0.0869604504613	-30.1054632982
d-glucose-beta	115.0	0.049	0.087	96	3.47575031835	0.129390776962	-13.9066380641
d-glucose-beta	115.0	0.049	0.087	97	3.47755462054	0.0320765595832	168.873573869
d-glucose-beta	115.0	0.049	0.087	98	3.47776281983	0.0399342235367	223.727139888
d-glucose-beta	115.0	0.049	0.087	99	3.47870485253	0.0997284520311	-50.660755807
d-glucose-beta	115.0	0.049	0.087	100	3.47949580057	0.0303331992835	99.9311931291
d-glucose-beta	115.0	0.049	0.087	101	3.48051123986	0.00221319876732	18.3509386319
d-glucose-beta	115.0	0.049	0.087	102	3.48061152068	0.00857786978604	-83.5441536239
d-glucose-beta	115.0	0.049	0.087	103	3.48273085161	0.0154646982113	87.7064052557
d-glucose-beta	115.0	0.049	0.087	104	3.50598845855	0.0824085769794	193.364920015
d-glucose-beta	115.0	0.049	0.087	105	3.50795997288	0.070217195311	33.3141804468
d-glucose-beta	115.0	0.049	0.087	106	3.52428806611	0.00291955470147	51.4634644755
d-glucose-beta	115.0	0.049	0.087	107	3.52913205261	0.00248707847624	22.7665762934
d-glucose-beta	115.0	0.049	0.087	108	3.54033089621	0.00119240409654	-8.80027630389
d-glucose-beta	115.0	0.049	0.087	109	3.55307842638	0.000592438902135	2.87347154407
d-glucose-beta	115.0	0.049	0.087	110	3.5578781287	0.000435970420763	34.2087860055
d-glucose-beta	115.0	0.049	0.087	111	3.56904630043	0.000940816534508	15.3611162055
d-glucose-beta	115.0	0.049	0.087	112	3.57410258271	0.000464280309628	-34.7166732208
d-glucose-beta	115.0	0.049	0.087	113	3.5957762485	0.00211435146943	172.58064537
d-glucose-beta	115.0	0.049	0.087	114	3.61975866242	0.00107929257509	-13.3080759776
d-glucose-beta	115.0	0.049	0.087	115	3.62418875473	0.00137975753438	-6.34508288788
d-glucose-beta	115.0	0.049	0.087	116	3.6271650178	0.000860348227917	-15.3379667467
d-glucose-beta	115.0	0.049	0.087	117	3.67060261629	0.00268193748126	196.711707204
d-glucose-beta	115.0	0.049	0.087	118	3.67303789339	0.031928867371	-4.4811027424
d-glucose-beta	115.0	0.049	0.087	119	3.67544421485	0.121976849557	-3.89273563209
d-glucose-beta	115.0	0.049	0.087	120	3.67615715531	0.0304131233161	-39.8149555362
d-glucose-beta	115.0	0.049	0.087	121	3.67947385923	0.0178779157246	-16.2506358554
d-glucose-beta	115.0	0.049	0.087	122	3.68861319452	0.00646961000921	255.04304892
d-glucose-beta	115.0	0.049	0.087	123	3.68980417378	0.0101409745625	156.601995546
d-glucose-beta	115.0	0.049	0.087	124	3.69276118681	0.07994806206	167.509712308
d-glucose-beta	115.0	0.049	0.087	125	3.69261485341	0.0152540190873	264.391218829
d-glucose-beta	115.0	0.049	0.087	126	3.69458830432	0.00735927397335	-75.2150623145
d-glucose-beta	115.0	0.049	0.087	127	3.6972102851	0.0117831903356	123.145203925
d-glucose-beta	115.0	0.049	0.087	128	3.71159323153	0.0106283096088	161.80356764
d-glucose-beta	115.0	0.049	0.087	129	3.71708954771	0.145575988997	150.825618568
d-glucose-beta	115.0	0.049	0.087	130	3.71719611555	0.0484716771859	71.3912756223
d-glucose-beta	115.0	0.049	0.087	131	3.71942827464	0.0238554647316	123.708088951
d-glucose-beta	115.0	0.049	0.087	132	3.73338966269	0.0473116021501	77.5323839581
d-glucose-beta	115.0	0.049	0.087	133	3.73391655149	0.191072417326	-12.3793509272
d-glucose-beta	115.0	0.049	0.087	134	3.7382903977	0.00797458177159	87.0769080054
d-glucose-beta	115.0	0.049	0.087	135	3.74151065643	0.00592277341154	-35.6474948536
d-glucose-beta	115.0	0.049	0.087	136	3.74456108661	0.00168176161528	118.414030297
d-glucose-beta	115.0	0.049	0.087	137	3.78128609669	0.00202464371107	-39.7881716622
d-glucose-beta	115.0	0.049	0.087	138	3.8559839831	0.00533325286617	-23.6323428034
d-glucose-beta	115.0	0.049	0.087	139	3.85788319759	0.00810045579055	-4.40713456525
d-glucose-beta	115.0	0.049	0.087	140	3.86109873985	0.135075764209	-53.0911261916
d-glucose-beta	115.0	0.049	0.087	141	3.86120622083	0.0850122306918	-80.4649508499
d-glucose-beta	115.0	0.049	0.087	142	3.86393343761	0.0528206004525	249.117092056
d-glucose-beta	115.0	0.049	0.087	143	3.86368748419	0.0417129973207	-66.2733071706
d-glucose-beta	115.0	0.049	0.087	144	3.86641604874	0.208684613396	237.649401959
d-glucose-beta	115.0	0.049	0.087	145	3.86950485388	0.00625261846429	249.082948209
d-glucose-beta	115.0	0.049	0.087	146	3.87183246703	0.00730639458844	195.393122744
d-glucose-beta	115.0	0.049	0.087	147	3.90254855967	0.232553735646	110.437954512
d-glucose-beta	115.0	0.049	0.087	148	3.90765054067	0.180091686912	73.6888393404
d-glucose-beta	115.0	0.049	0.087	149	4.61672210976	0.475416162132	158.432703179
d-glucose-beta	115.0	0.049	0.087	150	4.64353834489	0.473278626929	200.064625891
gaba	115.0	0.155	0.082	0	1.83609170247	0.0284214350804	-67.6190079527
gaba	115.0	0.155	0.082	1	1.83815637494	0.0311424150638	-83.8714685627
gaba	115.0	0.155	0.082	2	1.85696880793	0.00471471224479	68.5290901187
gaba	115.0	0.155	0.082	3	1.85950156098	0.00561429322103	-2.59241291185
gaba	115.0	0.155	0.082	4	1.86088321772	0.0309208693444	-69.4093821738
gaba	115.0	0.155	0.082	5	1.86235438577	0.0906503635371	-14.2675312383
gaba	115.0	0.155	0.082	6	1.86527391438	0.0196575051054	-44.3489448462
gaba	115.0	0.155	0.082	7	1.86824473535	0.00646643533491	213.027092409
gaba	115.0	0.155	0.082	8	1.88248513362	0.0105258052836	101.508591529
gaba	115.0	0.155	0.082	9	1.88595905779	0.30503687848	46.0577901634
gaba	115.0	0.155	0.082	10	1.88624992925	0.0238970771602	-33.8576794471
gaba	115.0	0.155	0.082	11	1.88872799298	0.0495082817934	15.3138141506
gaba	115.0	0.155	0.082	12	1.88842636767	0.033378606156	-48.4149391276
gaba	115.0	0.155	0.082	13	1.89130457829	0.0246892256432	2.16511641021
gaba	115.0	0.155	0.082	14	1.89333522304	0.0143941671206	-24.5063230959
gaba	115.0	0.155	0.082	15	1.90683793964	0.020069267502	164.42259416
gaba	115.0	0.155	0.082	16	1.90973112077	0.0172011935318	200.177850169
gaba	115.0	0.155	0.082	17	1.91132685255	0.153682274485	122.417696685
gaba	115.0	0.155	0.082	18	1.91193455636	0.0870939457114	156.906872857
gaba	115.0	0.155	0.082	19	1.91367051383	0.0737517097714	111.7074113
gaba	115.0	0.155	0.082	20	1.91673973267	0.00196062854468	75.7085676019
gaba	115.0	0.155	0.082	21	1.93570839362	0.0140525545119	179.893131484
gaba	115.0	0.155	0.082	22	1.93776531495	0.0249629375064	118.551820383
gaba	115.0	0.155	0.082	23	2.26028701016	0.366074370403	-33.2007761295
gaba	115.0	0.155	0.082	24	2.27675169847	0.00154554889853	67.7870986326
gaba	115.0	0.155	0.082	25	2.28056644727	0.00971539414762	72.4447936108
gaba	115.0	0.155	0.082	26	2.28472372167	0.657961688041	29.1310481943
gaba	115.0	0.155	0.082	27	2.28746019386	0.00970588486151	-14.368029438
gaba	115.0	0.155	0.082	28	2.29192918372	0.000877517539695	146.259681206
gaba	115.0	0.155	0.082	29	2.29214535111	0.000924306039951	-24.0617759686
gaba	115.0	0.155	0.082	30	2.30857103739	0.145147372775	88.8487102667
gaba	115.0	0.155	0.082	31	2.3101906306	0.161041054087	86.5507747015
gaba	115.0	0.155	0.082	32	2.98808944553	0.441985232193	-57.1847291901
gaba	115.0	0.155	0.082	33	3.00446935579	0.000816364857966	88.2533740723
gaba	115.0	0.155	0.082	34	3.00794064073	0.0753401719115	56.816440646
gaba	115.0	0.155	0.082	35	3.01092273339	0.173724596461	23.5307610699
gaba	115.0	0.155	0.082	36	3.01391326884	0.507705094947	-8.08035651894
gaba	115.0	0.155	0.082	37	3.01570042487	0.0457138870286	-31.5626325253
gaba	115.0	0.155	0.082	38	3.01770285228	0.0533805658449	-56.4849535172
gaba	115.0	0.155	0.082	39	3.01953114437	0.0177420132623	-74.7798195981
gaba	115.0	0.155	0.082	40	3.03848378011	0.425379459948	53.2183757228
glycine	115.0	0.068	0.087	0	3.548	1.99519335881	-9.1332855139
glutathione_glutamate	115.0	0.194	0.087	0	2.06336829863	0.00448287656597	123.672206726
glutathione_glutamate	115.0	0.194	0.087	1	2.08480357034	0.00587946782312	219.417340411
glutathione_glutamate	115.0	0.194	0.087	2	2.08806091145	0.0128162537749	197.006221033
glutathione_glutamate	115.0	0.194	0.087	3	2.10957438914	0.012879934248	-63.1416495157
glutathione_glutamate	115.0	0.194	0.087	4	2.11281857509	0.00769451464666	-86.7194675787
glutathione_glutamate	115.0	0.194	0.087	5	2.11536997153	0.0696149610859	71.5777512015
glutathione_glutamate	115.0	0.194	0.087	6	2.11861561635	0.0558605813813	112.136200215
glutathione_glutamate	115.0	0.194	0.087	7	2.13432941101	0.0072209931428	2.84234432894
glutathione_glutamate	115.0	0.194	0.087	8	2.13679450303	0.0442555566171	187.167018754
glutathione_glutamate	115.0	0.194	0.087	9	2.14029720658	0.240121449457	165.567002372
glutathione_glutamate	115.0	0.194	0.087	10	2.14268703687	0.0619098237022	167.74382491
glutathione_glutamate	115.0	0.194	0.087	11	2.16145395084	0.146729266509	237.493282196
glutathione_glutamate	115.0	0.194	0.087	12	2.16240310417	0.0880238347681	-69.7055712093
glutathione_glutamate	115.0	0.194	0.087	13	2.16390422585	0.0600049689296	-82.5578336473
glutathione_glutamate	115.0	0.194	0.087	14	2.16507866149	0.132381933981	231.22739491
glutathione_glutamate	115.0	0.194	0.087	15	2.17061728925	0.00494175581389	53.3804544858
glutathione_glutamate	115.0	0.194	0.087	16	2.18632522492	0.118430966019	-19.4666538985
glutathione_glutamate	115.0	0.194	0.087	17	2.19246005105	0.0110649013179	149.032065519
glutathione_glutamate	115.0	0.194	0.087	18	2.19480388619	0.00691727826554	120.546168794
glutathione_glutamate	115.0	0.194	0.087	19	2.21425298712	0.00484564864837	220.192301765
glutathione_glutamate	115.0	0.194	0.087	20	2.21655715959	0.0151835516065	221.923351786
glutathione_glutamate	115.0	0.194	0.087	21	2.23832992615	0.0070504510327	-61.5431553964
glutathione_glutamate	115.0	0.194	0.087	22	2.4489215683	0.00453652539243	198.222733564
glutathione_glutamate	115.0	0.194	0.087	23	2.44901335359	0.0175375704932	133.425009926
glutathione_glutamate	115.0	0.194	0.087	24	2.4713274356	0.0207855897616	172.933174641
glutathione_glutamate	115.0	0.194	0.087	25	2.47333135447	0.0157250166698	187.306519181
glutathione_glutamate	115.0	0.194	0.087	26	2.47343134436	0.0040399684615	29.7405820676
glutathione_glutamate	115.0	0.194	0.087	27	2.49586950282	0.00573919547301	-73.1040396641
glutathione_glutamate	115.0	0.194	0.087	28	2.49588730956	0.0164424658155	253.435498036
glutathione_glutamate	115.0	0.194	0.087	29	2.50242529325	0.223393911591	209.38898621
glutathione_glutamate	115.0	0.194	0.087	30	2.52109009867	0.195151341504	43.8062686953
glutathione_glutamate	115.0	0.194	0.087	31	2.52487859042	0.207797053146	-81.0065697384
glutathione_glutamate	115.0	0.194	0.087	32	2.52672655134	0.101951457926	-69.8573428801
glutathione_glutamate	115.0	0.194	0.087	33	2.52680290724	0.0914458482829	269.42312204
glutathione_glutamate	115.0	0.194	0.087	34	2.54569137678	0.425932012546	114.725248306
glutathione_glutamate	115.0	0.194	0.087	35	2.54935522615	0.181237018071	-5.46839552341
glutathione_glutamate	115.0	0.194	0.087	36	2.57019197535	0.187341429932	180.805125975
glutathione_glutamate	115.0	0.194	0.087	37	2.57454219773	0.0122439014161	177.527210042
glutathione_glutamate	115.0	0.194	0.087	38	2.5745533193	0.0221386749801	127.45600418
glutathione_glutamate	115.0	0.194	0.087	39	2.59872977509	0.0201108406938	216.530506091
glutathione_glutamate	115.0	0.194	0.087	40	2.59956499425	0.0114252539332	159.915800548
glutathione_glutamate	115.0	0.194	0.087	41	2.59963997161	0.00641105738987	-72.6649934665
glutathione_glutamate	115.0	0.194	0.087	42	2.62363641478	0.0091587963566	-66.3738251387
glutathione_glutamate	115.0	0.194	0.087	43	2.62369757221	0.00946299294654	254.660158751
glutathione_glutamate	115.0	0.194	0.087	44	3.74782120019	0.229792396844	250.329969323
glutathione_glutamate	115.0	0.194	0.087	45	3.76912783962	0.448913724507	-9.3434659558
glutathione_glutamate	115.0	0.194	0.087	46	3.79046703552	0.229274862992	93.8491919763
glutathione_cysteine	115.0	0.194	0.087	0	2.88158786835	0.075633463543	-76.1316923598
glutathione_cysteine	115.0	0.194	0.087	1	2.90438113802	0.0501404737378	21.5978847903
glutathione_cysteine	115.0	0.194	0.087	2	2.92889438817	0.399238839222	61.4628501934
glutathione_cysteine	115.0	0.194	0.087	3	2.95194979141	0.831717206913	178.021196116
glutathione_cysteine	115.0	0.194	0.087	4	2.96913681216	0.44583047525	-56.6770829837
glutathione_cysteine	115.0	0.194	0.087	5	2.9995343887	0.0704856400952	-40.5820148044
glutathione_cysteine	115.0	0.194	0.087	6	3.01644333198	0.051529312221	96.0977789193
glutathione_cysteine	115.0	0.194	0.087	7	4.54107552999	0.24943515284	237.931383296
glutathione_cysteine	115.0	0.194	0.087	8	4.55798447328	0.236981970827	4.85316568611
glutathione_cysteine	115.0	0.194	0.087	9	4.56386879967	0.230489468861	-7.11688823801
glutathione_cysteine	115.0	0.194	0.087	10	4.58077774296	0.239881774882	116.261031762
glutathione_glycine	115.0	0.194	0.087	0	3.769	1.99695148626	-8.49464839802
gpc_glycerol	115.0	0.097	0.087	0	3.53712165309	0.00150504616152	-3.15307175446
gpc_glycerol	115.0	0.097	0.087	1	3.54410022421	0.00170848675811	11.9647268174
gpc_glycerol	115.0	0.097	0.087	2	3.54638811193	0.00148691896274	229.730599134
gpc_glycerol	115.0	0.097	0.087	3	3.54917396702	0.00435249970911	-27.2746237048
gpc_glycerol	115.0	0.097	0.087	4	3.56192782366	0.0241126492297	-51.5990973228
gpc_glycerol	115.0	0.097	0.087	5	3.56192788218	0.0080560143078	59.6033381305
gpc_glycerol	115.0	0.097	0.087	6	3.56200822476	0.00259694383338	170.072195581
gpc_glycerol	115.0	0.097	0.087	7	3.56204824741	0.0120969961274	236.61315274
gpc_glycerol	115.0	0.097	0.087	8	3.56463347212	0.0182258044868	-74.0167477766
gpc_glycerol	115.0	0.097	0.087	9	3.56574445655	0.005059544458	138.090703162
gpc_glycerol	115.0	0.097	0.087	10	3.57025510489	0.0248839165788	162.36831623
gpc_glycerol	115.0	0.097	0.087	11	3.57288117716	0.0123741955547	228.15261316
gpc_glycerol	115.0	0.097	0.087	12	3.57336044135	0.00415885706274	4.91473537153
gpc_glycerol	115.0	0.097	0.087	13	3.57771069694	0.00407452767656	125.973797404
gpc_glycerol	115.0	0.097	0.087	14	3.57849802279	0.0127769462104	191.10783035
gpc_glycerol	115.0	0.097	0.087	15	3.58121484255	0.04237162799	110.324971541
gpc_glycerol	115.0	0.097	0.087	16	3.58128351126	0.00207023623984	183.962818306
gpc_glycerol	115.0	0.097	0.087	17	3.58297543498	0.00120714920929	114.241315351
gpc_glycerol	115.0	0.097	0.087	18	3.59439145338	0.00999546146083	71.9773251879
gpc_glycerol	115.0	0.097	0.087	19	3.59488246926	0.00115070745103	185.727192167
gpc_glycerol	115.0	0.097	0.087	20	3.59631203502	0.00355684660557	7.43397564567
gpc_glycerol	115.0	0.097	0.087	21	3.59678339401	0.00519644568311	146.787791948
gpc_glycerol	115.0	0.097	0.087	22	3.59935492928	0.00195942369868	266.419543443
gpc_glycerol	115.0	0.097	0.087	23	3.60600984182	0.00174220982658	86.3301035044
gpc_glycerol	115.0	0.097	0.087	24	3.6116570587	0.0397220844445	49.7759488522
gpc_glycerol	115.0	0.097	0.087	25	3.61161569591	0.00444157632864	153.701004067
gpc_glycerol	115.0	0.097	0.087	26	3.61168545599	0.01264916019	-48.8130344272
gpc_glycerol	115.0	0.097	0.087	27	3.61351022951	0.0117754642197	266.921238289
gpc_glycerol	115.0	0.097	0.087	28	3.61669738635	0.0226538059335	-87.6816249052
gpc_glycerol	115.0	0.097	0.087	29	3.61746620722	0.0122618553135	134.368771616
gpc_glycerol	115.0	0.097	0.087	30	3.61775389846	0.0239221027372	11.953189668
gpc_glycerol	115.0	0.097	0.087	31	3.61942412374	0.00260748176411	198.684324647
gpc_glycerol	115.0	0.097	0.087	32	3.62479239281	0.0287421357656	-81.531256741
gpc_glycerol	115.0	0.097	0.087	33	3.6251028457	0.0174920370224	5.47279097741
gpc_glycerol	115.0	0.097	0.087	34	3.62612395938	0.0262422186788	217.487222687
gpc_glycerol	115.0	0.097	0.087	35	3.62910816806	0.00500711292705	-66.6637164854
gpc_glycerol	115.0	0.097	0.087	36	3.62946196858	0.0113049697866	55.403397711
gpc_glycerol	115.0	0.097	0.087	37	3.63094512791	0.0717210862799	187.953585754
gpc_glycerol	115.0	0.097	0.087	38	3.63064623122	0.0114350332644	4.55006871302
gpc_glycerol	115.0	0.097	0.087	39	3.6307968484	0.0163630681944	-70.3132064278
gpc_glycerol	115.0	0.097	0.087	40	3.63312277017	0.00577389672224	162.775298737
gpc_glycerol	115.0	0.097	0.087	41	3.64722005578	0.017483521759	199.307196246
gpc_glycerol	115.0	0.097	0.087	42	3.64749219721	0.03136465287	123.722723926
gpc_glycerol	115.0	0.097	0.087	43	3.64751896874	0.00897987979007	-47.930586472
gpc_glycerol	115.0	0.097	0.087	44	3.64755296401	0.0201378108969	39.3794454658
gpc_glycerol	115.0	0.097	0.087	45	3.64933404729	0.0230828515682	113.859440855
gpc_glycerol	115.0	0.097	0.087	46	3.6507524004	0.00894116070991	-6.87688702782
gpc_glycerol	115.0	0.097	0.087	47	3.65303739627	0.0163015408662	243.44344463
gpc_glycerol	115.0	0.097	0.087	48	3.6535081215	0.0286198444347	-8.96164787347
gpc_glycerol	115.0	0.097	0.087	49	3.6568299803	0.0159796906775	51.3636577085
gpc_glycerol	115.0	0.097	0.087	50	3.65713142765	0.0197189995097	-42.3314955769
gpc_glycerol	115.0	0.097	0.087	51	3.65964296259	0.0282908734616	46.5124085522
gpc_glycerol	115.0	0.097	0.087	52	3.65999676312	0.00169322717261	101.653042382
gpc_glycerol	115.0	0.097	0.087	53	3.66080049344	0.0142128714706	-16.9008989517
gpc_glycerol	115.0	0.097	0.087	54	3.66262349048	0.0102717415061	80.4838642397
gpc_glycerol	115.0	0.097	0.087	55	3.66275189347	0.0939229905057	-55.3413681145
gpc_glycerol	115.0	0.097	0.087	56	3.67735182456	0.00993961733903	211.741740266
gpc_glycerol	115.0	0.097	0.087	57	3.67932529317	0.00203723269851	211.376703441
gpc_glycerol	115.0	0.097	0.087	58	3.67958304443	0.00180709386388	-49.9074068385
gpc_glycerol	115.0	0.097	0.087	59	3.68128719493	0.00525868926937	249.468427079
gpc_glycerol	115.0	0.097	0.087	60	3.69071041699	0.00163335226958	247.5389216
gpc_glycerol	115.0	0.097	0.087	61	3.69394325096	0.000873596350014	7.97257851018
gpc_glycerol	115.0	0.097	0.087	62	3.69717995514	0.0420805519247	227.121489935
gpc_glycerol	115.0	0.097	0.087	63	3.69715687801	0.010679232873	-73.6001373215
gpc_glycerol	115.0	0.097	0.087	64	3.69851817336	0.00745561576459	109.028054459
gpc_glycerol	115.0	0.097	0.087	65	3.70064618949	0.0153369487106	124.170520849
gpc_glycerol	115.0	0.097	0.087	66	3.70123719352	0.00346556013287	54.6328164321
gpc_glycerol	115.0	0.097	0.087	67	3.70245447363	0.0195615320766	202.433946304
gpc_glycerol	115.0	0.097	0.087	68	3.70709486346	0.0130511774166	116.855554058
gpc_glycerol	115.0	0.097	0.087	69	3.70890946922	0.0224207800651	44.1277051087
gpc_glycerol	115.0	0.097	0.087	70	3.71139423424	0.00524500684139	216.047400733
gpc_glycerol	115.0	0.097	0.087	71	3.71239690917	0.0324213990311	31.2434662707
gpc_glycerol	115.0	0.097	0.087	72	3.71232031878	0.0129716011669	123.260975998
gpc_glycerol	115.0	0.097	0.087	73	3.71249515818	0.00519109309009	-43.5969743068
gpc_glycerol	115.0	0.097	0.087	74	3.72996629265	0.00260991802654	-70.0648542559
gpc_glycerol	115.0	0.097	0.087	75	3.73045811385	0.00196121681916	26.5801043116
gpc_glycerol	115.0	0.097	0.087	76	3.73175213004	0.00209742202117	184.33118504
gpc_glycerol	115.0	0.097	0.087	77	3.74500470696	0.000845303235695	259.254569357
gpc_glycerol	115.0	0.097	0.087	78	3.79377703245	0.00142968934146	192.762046553
gpc_glycerol	115.0	0.097	0.087	79	3.80401456621	0.00658632247753	-4.39133021375
gpc_glycerol	115.0	0.097	0.087	80	3.80665830803	0.00854228228574	-4.40822202624
gpc_glycerol	115.0	0.097	0.087	81	3.81155354505	0.00190671988999	29.6058677665
gpc_glycerol	115.0	0.097	0.087	82	3.81246118215	0.0166790778806	-51.475706749
gpc_glycerol	115.0	0.097	0.087	83	3.8219021502	0.0209545153365	192.948615826
gpc_glycerol	115.0	0.097	0.087	84	3.8236775389	0.00284798690367	120.459007055
gpc_glycerol	115.0	0.097	0.087	85	3.82533546253	0.00910732540645	23.3458743241
gpc_glycerol	115.0	0.097	0.087	86	3.826891376	0.0102771885322	26.2045984772
gpc_glycerol	115.0	0.097	0.087	87	3.83616839228	0.00774665028388	-62.7750276609
gpc_glycerol	115.0	0.097	0.087	88	3.83737232622	0.103070405588	133.261671184
gpc_glycerol	115.0	0.097	0.087	89	3.84026356605	0.00307774947371	115.262085967
gpc_glycerol	115.0	0.097	0.087	90	3.84158553945	0.00220732264999	4.50389088469
gpc_glycerol	115.0	0.097	0.087	91	3.84208833958	0.00931906938838	141.407694715
gpc_glycerol	115.0	0.097	0.087	92	3.84532177124	0.00402072848242	29.5845209746
gpc_glycerol	115.0	0.097	0.087	93	3.8571940188	0.0148303464996	238.755900875
gpc_glycerol	115.0	0.097	0.087	94	3.85757614844	0.0172556827386	142.844324851
gpc_glycerol	115.0	0.097	0.087	95	3.86300590299	0.0223459673295	143.539426473
gpc_glycerol	115.0	0.097	0.087	96	3.86362325475	0.00207168383388	247.928435073
gpc_glycerol	115.0	0.097	0.087	97	3.86528117596	0.0188363032562	132.931607342
gpc_glycerol	115.0	0.097	0.087	98	3.86663394259	0.00533435443273	260.387636408
gpc_glycerol	115.0	0.097	0.087	99	3.87259474796	0.0474220056525	-36.3915326794
gpc_glycerol	115.0	0.097	0.087	100	3.8743064923	0.0609027953877	259.342144592
gpc_glycerol	115.0	0.097	0.087	101	3.87711040454	0.001153093806	23.3374051046
gpc_glycerol	115.0	0.097	0.087	102	3.88014930752	0.0670963083921	-27.1494414402
gpc_glycerol	115.0	0.097	0.087	103	3.88053700844	0.0125183085436	161.053376845
gpc_glycerol	115.0	0.097	0.087	104	3.88267873654	0.00924978174223	-78.8153606882
gpc_glycerol	115.0	0.097	0.087	105	3.88517488189	0.0528432222171	187.644365552
gpc_glycerol	115.0	0.097	0.087	106	3.89008734653	0.0522016550924	230.565457928
gpc_glycerol	115.0	0.097	0.087	107	3.89035774543	0.0214072306797	-67.6147004404
gpc_glycerol	115.0	0.097	0.087	108	3.89253276981	0.0228877157473	153.15206543
gpc_glycerol	115.0	0.097	0.087	109	3.89332608754	0.0459195032098	218.573192931
gpc_glycerol	115.0	0.097	0.087	110	3.89439233431	0.0288260422979	32.9228417066
gpc_glycerol	115.0	0.097	0.087	111	3.89505868847	0.0663356956249	-18.5134488278
gpc_glycerol	115.0	0.097	0.087	112	3.89546617716	0.00127319764375	84.1601617692
gpc_glycerol	115.0	0.097	0.087	113	3.89821850678	0.0071344059327	199.263481352
gpc_glycerol	115.0	0.097	0.087	114	3.89998870258	0.0224042782629	57.1411880767
gpc_glycerol	115.0	0.097	0.087	115	3.90019925154	0.0412349993468	3.86840087173
gpc_glycerol	115.0	0.097	0.087	116	3.90037086496	0.0348211854956	163.982003806
gpc_glycerol	115.0	0.097	0.087	117	3.90214892106	0.00250974240003	117.250680753
gpc_glycerol	115.0	0.097	0.087	118	3.90234373639	0.00524319812148	247.243706517
gpc_glycerol	115.0	0.097	0.087	119	3.90240667232	0.0150392275035	46.3090526706
gpc_glycerol	115.0	0.097	0.087	120	3.90383623808	0.00753604677252	102.391433722
gpc_glycerol	115.0	0.097	0.087	121	3.90413724061	0.03528812089	-8.52102755019
gpc_glycerol	115.0	0.097	0.087	122	3.90438530917	0.0156380645282	179.640499935
gpc_glycerol	115.0	0.097	0.087	123	3.90665754566	0.0263146907974	155.353229765
gpc_glycerol	115.0	0.097	0.087	124	3.90801031229	0.0057833507186	241.633382937
gpc_glycerol	115.0	0.097	0.087	125	3.90965106595	0.0267559818814	178.054870328
gpc_glycerol	115.0	0.097	0.087	126	3.91105194497	0.0185426410189	253.208412313
gpc_glycerol	115.0	0.097	0.087	127	3.91221973518	0.0468858937885	121.111388352
gpc_glycerol	115.0	0.097	0.087	128	3.91411700182	0.0054125037378	174.347010699
gpc_glycerol	115.0	0.097	0.087	129	3.91474241581	0.040532186522	117.54944064
gpc_glycerol	115.0	0.097	0.087	130	3.91632072121	0.00965334203264	264.4888638
gpc_glycerol	115.0	0.097	0.087	131	3.91668853709	0.029381212661	159.236456514
gpc_glycerol	115.0	0.097	0.087	132	3.91933445417	0.0298324506379	176.873218849
gpc_glycerol	115.0	0.097	0.087	133	3.91981509692	0.0159437014851	110.428044633
gpc_glycerol	115.0	0.097	0.087	134	3.92076804984	0.0528213849533	-0.154529050126
gpc_glycerol	115.0	0.097	0.087	135	3.92364015084	0.0795379820359	64.1663683199
gpc_glycerol	115.0	0.097	0.087	136	3.92430452189	0.0176256704815	-56.1668572265
gpc_glycerol	115.0	0.097	0.087	137	3.92527810152	0.0149342176227	85.9615486794
gpc_glycerol	115.0	0.097	0.087	138	3.92702354205	0.0232356334056	107.480646305
gpc_glycerol	115.0	0.097	0.087	139	3.93018278932	0.0201637648655	237.135194713
gpc_glycerol	115.0	0.097	0.087	140	3.93171752243	0.0381723682575	1.21083736668
gpc_glycerol	115.0	0.097	0.087	141	3.93185977592	0.00604094210279	81.3986999228
gpc_glycerol	115.0	0.097	0.087	142	3.93418013029	0.0227156081722	246.393399899
gpc_glycerol	115.0	0.097	0.087	143	3.94387199276	0.0155650713874	-38.2057979598
gpc_glycerol	115.0	0.097	0.087	144	3.94594586238	0.009702724509	-72.569021673
gpc_glycerol	115.0	0.097	0.087	145	3.94827150871	0.0214389116924	132.696037936
gpc_glycerol	115.0	0.097	0.087	146	3.94993119394	0.00791555407582	254.908001034
gpc_glycerol	115.0	0.097	0.087	147	3.95034989145	0.00365982207191	204.031377192
gpc_glycerol	115.0	0.097	0.087	148	3.95350400826	0.0061346936998	177.967188515
gpc_glycerol	115.0	0.097	0.087	149	3.95753847857	0.00371695175176	22.0471256971
gpc_glycerol	115.0	0.097	0.087	150	3.96074304185	0.103924634338	209.808557916
gpc_glycerol	115.0	0.097	0.087	151	3.96555307488	0.0162737183244	59.4988505737
gpc_glycerol	115.0	0.097	0.087	152	3.97117869957	0.0331447072324	-21.8501867001
gpc_glycerol	115.0	0.097	0.087	153	3.97218450993	0.00303832805073	261.404603663
gpc_glycerol	115.0	0.097	0.087	154	3.9734376796	0.0131442565696	172.031828743
gpc_glycerol	115.0	0.097	0.087	155	3.98089816727	0.0123740252609	194.669621466
gpc_glycerol	115.0	0.097	0.087	156	3.98093748923	0.0135713924231	-40.4972988346
gpc_glycerol	115.0	0.097	0.087	157	3.98096792734	0.00739844895495	57.0665204248
gpc_glycerol	115.0	0.097	0.087	158	3.9810178318	0.00979347652502	246.171131635
gpc_glycerol	115.0	0.097	0.087	159	3.98313880554	0.00685546801449	10.7555832538
gpc_glycerol	115.0	0.097	0.087	160	3.98536453393	0.0014763640969	248.396085237
gpc_glycerol	115.0	0.097	0.087	161	3.98842450408	0.0103237680194	22.5999477965
gpc_glycerol	115.0	0.097	0.087	162	3.99085659676	0.00214982788153	-74.7124116221
gpc_glycerol	115.0	0.097	0.087	163	3.99829034924	0.00339487534537	1.11516589077
gpc_glycerol	115.0	0.097	0.087	164	4.00215380197	0.00641319116117	10.5531379048
gpc_glycerol	115.0	0.097	0.087	165	4.0065617582	0.00453160554046	264.915500208
gpc_glycerol	115.0	0.097	0.087	166	4.00824283197	0.00246925123604	188.471062448
gpc_glycerol	115.0	0.097	0.087	167	4.0148140493	0.00126360909802	-43.1277502184
gpc_glycerol	115.0	0.097	0.087	168	4.01782892618	0.00199870346365	-31.5859525528
gpc_7-CH2_8-CH2	115.0	0.097	0.087	0	3.64365172812	0.344562757198	173.899786366
gpc_7-CH2_8-CH2	115.0	0.097	0.087	1	3.6438348234	0.0129391771371	-65.8215917208
gpc_7-CH2_8-CH2	115.0	0.097	0.087	2	3.65425536773	0.200246969475	47.1696318425
gpc_7-CH2_8-CH2	115.0	0.097	0.087	3	3.65425550091	0.0272031518097	-49.8801789347
gpc_7-CH2_8-CH2	115.0	0.097	0.087	4	3.65867166893	0.442246546125	-8.33450641911
gpc_7-CH2_8-CH2	115.0	0.097	0.087	5	3.66367661668	0.209289140062	-64.4983759827
gpc_7-CH2_8-CH2	115.0	0.097	0.087	6	3.66367872119	0.0159683033377	18.7248504135
gpc_7-CH2_8-CH2	115.0	0.097	0.087	7	3.67394777698	0.457405148929	168.621784484
gpc_7-CH2_8-CH2	115.0	0.097	0.087	8	3.67379101706	0.0153648820597	262.935051469
gpc_7-CH2_8-CH2	115.0	0.097	0.087	9	3.72172131336	0.000878323057455	106.516339457
gpc_7-CH2_8-CH2	115.0	0.097	0.087	10	4.25043423145	0.00106146870767	133.674821016
gpc_7-CH2_8-CH2	115.0	0.097	0.087	11	4.27792864339	0.0882791496837	177.426244389
gpc_7-CH2_8-CH2	115.0	0.097	0.087	12	4.28690339086	0.0889344601715	177.584912057
gpc_7-CH2_8-CH2	115.0	0.097	0.087	13	4.28818766407	0.0426201177001	50.972058542
gpc_7-CH2_8-CH2	115.0	0.097	0.087	14	4.29321427362	0.0855206274476	-3.80956029338
gpc_7-CH2_8-CH2	115.0	0.097	0.087	15	4.29588897476	0.0894656642448	178.078014862
gpc_7-CH2_8-CH2	115.0	0.097	0.087	16	4.2971654871	0.0426894869633	50.9426781517
gpc_7-CH2_8-CH2	115.0	0.097	0.087	17	4.29760893564	0.0403693554012	-59.776337364
gpc_7-CH2_8-CH2	115.0	0.097	0.087	18	4.29805931831	0.00894420081388	115.374223894
gpc_7-CH2_8-CH2	115.0	0.097	0.087	19	4.29835870659	0.00723911731424	167.744241794
gpc_7-CH2_8-CH2	115.0	0.097	0.087	20	4.30217742251	0.0863394666065	-3.32161315469
gpc_7-CH2_8-CH2	115.0	0.097	0.087	21	4.30615438911	0.0426892086012	51.1906139405
gpc_7-CH2_8-CH2	115.0	0.097	0.087	22	4.30658673879	0.0405104005726	-59.5063010154
gpc_7-CH2_8-CH2	115.0	0.097	0.087	23	4.30767446965	0.168785586725	178.207803971
gpc_7-CH2_8-CH2	115.0	0.097	0.087	24	4.30847593169	0.0258988375475	226.369999695
gpc_7-CH2_8-CH2	115.0	0.097	0.087	25	4.31115304121	0.0865623398874	-2.74552694168
gpc_7-CH2_8-CH2	115.0	0.097	0.087	26	4.31313171859	0.0074533877891	213.053259567
gpc_7-CH2_8-CH2	115.0	0.097	0.087	27	4.31387413118	0.0147456785747	122.060100126
gpc_7-CH2_8-CH2	115.0	0.097	0.087	28	4.31557564822	0.0405819193494	-59.3930490388
gpc_7-CH2_8-CH2	115.0	0.097	0.087	29	4.3166654188	0.165906642732	176.515286453
gpc_7-CH2_8-CH2	115.0	0.097	0.087	30	4.3174537663	0.0426253531207	51.7726495155
gpc_7-CH2_8-CH2	115.0	0.097	0.087	31	4.31789720277	0.0066615731698	-71.7842556479
gpc_7-CH2_8-CH2	115.0	0.097	0.087	32	4.32243812668	0.0864222835043	-1.96879996928
gpc_7-CH2_8-CH2	115.0	0.097	0.087	33	4.32617913328	0.0679118892794	174.061555054
gpc_7-CH2_8-CH2	115.0	0.097	0.087	34	4.32644270595	0.0425473164831	52.3440397098
gpc_7-CH2_8-CH2	115.0	0.097	0.087	35	4.32687501785	0.0406251675008	-59.4122201057
gpc_7-CH2_8-CH2	115.0	0.097	0.087	36	4.32831487917	0.0068596184366	144.695199094
gpc_7-CH2_8-CH2	115.0	0.097	0.087	37	4.32864716427	0.00674128978312	-74.3869885768
gpc_7-CH2_8-CH2	115.0	0.097	0.087	38	4.33141960474	0.0862555579928	-1.41016084304
gpc_7-CH2_8-CH2	115.0	0.097	0.087	39	4.33586397748	0.0406680436591	-59.5137622643
gpc_7-CH2_8-CH2	115.0	0.097	0.087	40	4.33747924931	0.0670229365153	174.057163531
gpc_7-CH2_8-CH2	115.0	0.097	0.087	41	4.3464659112	0.0671571677661	173.798946833
gpc_7-CH2_8-CH2	115.0	0.097	0.087	42	4.37657161832	0.000726589986453	268.552186728
gpc_N(CH3)3_b	115.0	0.097	0.121	0	3.21008187989	1.66399693934	-6.75352189798
gpc_N(CH3)3_b	115.0	0.097	0.121	1	3.21199956072	0.24442449533	163.823756238
gpc_N(CH3)3_b	115.0	0.097	0.121	2	3.21199956073	0.353111310761	-3.0438164699
gpc_N(CH3)3_b	115.0	0.097	0.121	3	3.21199956091	0.197077905497	-5.94463356375
gpc_N(CH3)3_b	115.0	0.097	0.121	4	3.21199956076	0.046446603969	90.4302496844
gpc_N(CH3)3_b	115.0	0.097	0.121	5	3.21199956076	0.0321192834475	245.115124592
gpc_N(CH3)3_b	115.0	0.097	0.121	6	3.21199956093	0.174678023417	1.69245789577
gpc_N(CH3)3_b	115.0	0.097	0.121	7	3.21199956156	0.0259690921182	-77.3696769963
gpc_N(CH3)3_b	115.0	0.097	0.121	8	3.21391764959	0.701935510511	-11.3741905787
gpc_N(CH3)3_b	115.0	0.097	0.121	9	3.21391771133	0.668776955377	-5.50679102649
gpc_N(CH3)3_b	115.0	0.097	0.121	10	3.21391773362	0.0554519223315	176.714141838
gpc_N(CH3)3_b	115.0	0.097	0.121	11	3.21391807124	0.246164740843	-10.6163626279
gpc_N(CH3)3_b	115.0	0.097	0.121	12	3.2139181199	0.0313244473481	225.582016519
gpc_N(CH3)3_b	115.0	0.097	0.121	13	3.21391828877	0.0643420835392	17.322323876
gpc_N(CH3)3_a	115.0	0.097	0.121	0	3.2100818801	1.33116489219	-6.7535223364
gpc_N(CH3)3_a	115.0	0.097	0.121	1	3.21199956068	0.255044809168	-16.3932175687
gpc_N(CH3)3_a	115.0	0.097	0.121	2	3.21199956065	0.0408967365397	154.348695827
gpc_N(CH3)3_a	115.0	0.097	0.121	3	3.21199956085	0.0634255854607	80.379666003
gpc_N(CH3)3_a	115.0	0.097	0.121	4	3.21199956097	0.0237913115656	251.611040065
gpc_N(CH3)3_a	115.0	0.097	0.121	5	3.21199956096	0.0995064512283	-24.5691288926
gpc_N(CH3)3_a	115.0	0.097	0.121	6	3.21391740707	0.065398157603	175.621031745
gpc_N(CH3)3_a	115.0	0.097	0.121	7	3.2139176917	0.156711964325	28.2946543821
gpc_N(CH3)3_a	115.0	0.097	0.121	8	3.21391789282	0.10069446837	49.2140014394
gpc_N(CH3)3_a	115.0	0.097	0.121	9	3.21391808471	0.0823353223857	-74.7775685998
gpc_N(CH3)3_a	115.0	0.097	0.121	10	3.2139179003	0.018908462562	249.938483031
lactate	115.0	0.039	0.087	0	1.30248914474	0.818996790769	145.766237511
lactate	115.0	0.039	0.087	1	1.32580841887	0.283597594322	-33.9607785661
lactate	115.0	0.039	0.087	2	4.06255628652	0.117029908019	50.5969214629
lactate	115.0	0.039	0.087	3	4.08586213869	0.316006871043	128.377340611
lactate	115.0	0.039	0.087	4	4.10918729205	0.316030167115	217.948817158
lactate	115.0	0.039	0.087	5	4.13253700483	0.108426706985	-58.326697894
naa_aspartate	115.0	1.0	0.069	0	2.42994710016	0.250686509779	171.790126923
naa_aspartate	115.0	1.0	0.069	1	2.46264921031	0.192237294805	130.902130422
naa_aspartate	115.0	1.0	0.069	2	2.48240726143	0.117660859713	197.603302402
naa_aspartate	115.0	1.0	0.069	3	2.51510946255	0.274149609654	214.639572968
naa_aspartate	115.0	1.0	0.069	4	2.63340731625	0.132713194709	105.324329381
naa_aspartate	115.0	1.0	0.069	5	2.64673838468	0.284173473766	256.415793548
naa_aspartate	115.0	1.0	0.069	6	2.68586757802	0.273223144698	143.210958275
naa_aspartate	115.0	1.0	0.069	7	2.69919861321	0.192721357932	-19.2916291726
naa_aspartate	115.0	1.0	0.069	8	4.33805226897	0.129594967467	42.4895445332
naa_aspartate	115.0	1.0	0.069	9	4.3513830937	0.101360002597	221.356894489
naa_aspartate	115.0	1.0	0.069	10	4.35958461114	0.116798349132	153.690436393
naa_aspartate	115.0	1.0	0.069	11	4.3707545707	0.0971954054843	15.5246126252
naa_aspartate	115.0	1.0	0.069	12	4.37291590033	0.109410303347	-26.9821577056
naa_aspartate	115.0	1.0	0.069	13	4.38408539298	0.119357157899	205.499402518
naa_aspartate	115.0	1.0	0.069	14	4.39228650928	0.0968650162997	127.272122231
naa_aspartate	115.0	1.0	0.069	15	4.40561779602	0.109974206094	-43.9639486452
naa_acetyl	115.0	1.0	0.13	0	2.008	1.79762563676	38.4737459357
myoinositol	115.0	0.578	0.087	0	3.14666717957	0.000857585321358	23.831955262
myoinositol	115.0	0.578	0.087	1	3.14830362726	0.000930909885059	4.99377084882
myoinositol	115.0	0.578	0.087	2	3.18753291117	0.00284551700931	-56.4168035791
myoinositol	115.0	0.578	0.087	3	3.18939356493	0.00106201855549	-66.7146514579
myoinositol	115.0	0.578	0.087	4	3.23625363413	0.113519640865	22.9235280913
myoinositol	115.0	0.578	0.087	5	3.23700710027	0.0489788040232	-7.64999725116
myoinositol	115.0	0.578	0.087	6	3.26498475887	0.0511265876473	43.776904996
myoinositol	115.0	0.578	0.087	7	3.26757193816	0.230040633797	7.46831320284
myoinositol	115.0	0.578	0.087	8	3.26733172538	0.00099548484821	167.57955554
myoinositol	115.0	0.578	0.087	9	3.26992756178	0.0327428279259	-34.0675270891
myoinositol	115.0	0.578	0.087	10	3.29865154482	0.175583177986	-42.0329114561
myoinositol	115.0	0.578	0.087	11	3.34544819022	0.00164457971987	41.4641760745
myoinositol	115.0	0.578	0.087	12	3.34740845179	0.00447155656744	23.9446217408
myoinositol	115.0	0.578	0.087	13	3.35593618599	0.00628944670921	-2.80676139773
myoinositol	115.0	0.578	0.087	14	3.37742750473	0.00353140453381	32.2057523178
myoinositol	115.0	0.578	0.087	15	3.37893297648	0.0011098365282	9.82224127469
myoinositol	115.0	0.578	0.087	16	3.38692235571	0.00142228372901	-40.2961569036
myoinositol	115.0	0.578	0.087	17	3.38843798204	0.00150711738991	-39.0351493832
myoinositol	115.0	0.578	0.087	18	3.49662145618	0.172868031471	251.968642099
myoinositol	115.0	0.578	0.087	19	3.49754234895	0.142139727393	11.4422856904
myoinositol	115.0	0.578	0.087	20	3.50611293137	0.12631907286	148.362379643
myoinositol	115.0	0.578	0.087	21	3.50722018411	0.12043602574	3.45791869903
myoinositol	115.0	0.578	0.087	22	3.5306467491	0.607298740174	186.505404979
myoinositol	115.0	0.578	0.087	23	3.54018246537	0.725195154332	83.2626949666
myoinositol	115.0	0.578	0.087	24	3.54169178035	0.0230455770795	79.8752858098
myoinositol	115.0	0.578	0.087	25	3.58593880508	0.694644146687	32.5372180262
myoinositol	115.0	0.578	0.087	26	3.61681138354	0.646919926478	20.2983523547
myoinositol	115.0	0.578	0.087	27	3.61946085707	0.302800946913	-15.1594528334
myoinositol	115.0	0.578	0.087	28	3.65026818033	0.155410427858	193.050260455
myoinositol	115.0	0.578	0.087	29	3.65050036004	0.112406962904	72.6720391368
myoinositol	115.0	0.578	0.087	30	4.04428462421	0.207443814302	95.1262018861
myoinositol	115.0	0.578	0.087	31	4.04441660481	0.0251696876558	33.0301241465
myoinositol	115.0	0.578	0.087	32	4.0538928152	0.427475528945	-3.76376052413
myoinositol	115.0	0.578	0.087	33	4.05415224082	0.226135050456	-17.6115920796
myoinositol	115.0	0.578	0.087	34	4.05441659665	0.0599375126696	-28.1441673116
myoinositol	115.0	0.578	0.087	35	4.06346573095	0.137887414308	240.369645452
myoinositol	115.0	0.578	0.087	36	4.0635245818	0.0609230091392	-73.8066616447
pcho_N(CH3)3_a	115.0	0.058	0.121	0	3.2060818805	1.33072367204	-6.70861781773
pcho_N(CH3)3_a	115.0	0.058	0.121	1	3.20799956066	0.0875269906745	43.4690203174
pcho_N(CH3)3_a	115.0	0.058	0.121	2	3.20799956103	0.00746297821768	210.054495891
pcho_N(CH3)3_a	115.0	0.058	0.121	3	3.20799956103	0.0714399854352	126.399251751
pcho_N(CH3)3_a	115.0	0.058	0.121	4	3.20799956097	0.230050865486	-20.2423719801
pcho_N(CH3)3_a	115.0	0.058	0.121	5	3.20799956117	0.0920373957819	-27.9583129848
pcho_N(CH3)3_a	115.0	0.058	0.121	6	3.20991751084	0.0944356698811	204.032710713
pcho_N(CH3)3_a	115.0	0.058	0.121	7	3.20991773163	0.115150809005	28.6607877904
pcho_N(CH3)3_a	115.0	0.058	0.121	8	3.20991805935	0.0947494783274	-61.0475131474
pcho_N(CH3)3_a	115.0	0.058	0.121	9	3.20991779468	0.0649863702327	48.8079298553
naag_glutamate	115.0	0.16	0.087	0	1.871	0.554072931764	26.4600605307
naag_glutamate	115.0	0.16	0.087	1	2.039	0.622490394874	37.5684602703
naag_glutamate	115.0	0.16	0.087	2	2.17	0.794914358111	30.7849814172
naag_glutamate	115.0	0.16	0.087	3	2.18	0.811251751682	30.3577989347
naag_glutamate	115.0	0.16	0.087	4	4.118	0.996863687644	-6.5095163787
naag_aspartyl	115.0	0.16	0.087	0	2.46274169543	0.238748730281	168.122045918
naag_aspartyl	115.0	0.16	0.087	1	2.49450147826	0.176529561673	150.705939948
naag_aspartyl	115.0	0.16	0.087	2	2.51627255614	0.215546134831	208.765485949
naag_aspartyl	115.0	0.16	0.087	3	2.54803233898	0.257873702458	217.223848249
naag_aspartyl	115.0	0.16	0.087	4	2.68014621287	0.209549286176	104.467989713
naag_aspartyl	115.0	0.16	0.087	5	2.69524501619	0.300456401399	249.286514258
naag_aspartyl	115.0	0.16	0.087	6	2.73367707359	0.248332604031	138.785104172
naag_aspartyl	115.0	0.16	0.087	7	2.7487758769	0.192615533445	-38.6697666646
naag_aspartyl	115.0	0.16	0.087	8	4.57372264483	0.239575370266	-79.6261165193
naag_aspartyl	115.0	0.16	0.087	9	4.58882144815	0.224341541385	84.6171887712
naag_aspartyl	115.0	0.16	0.087	10	4.60548242767	0.238081347344	269.463742617
naag_aspartyl	115.0	0.16	0.087	11	4.62058123099	0.243115307802	80.8111546679
naag_acetyl	115.0	0.16	0.13	0	2.032	1.86099319418	37.4934816869
pcho_N(CH3)3_b	115.0	0.058	0.121	0	3.20608188019	1.66335925947	-6.70861854577
pcho_N(CH3)3_b	115.0	0.058	0.121	1	3.20799956094	0.220085813328	167.58965678
pcho_N(CH3)3_b	115.0	0.058	0.121	2	3.20799956095	0.355962884856	-0.773117925789
pcho_N(CH3)3_b	115.0	0.058	0.121	3	3.20799956113	0.169051434079	-14.2031881122
pcho_N(CH3)3_b	115.0	0.058	0.121	4	3.2079995611	0.181727937397	178.504611597
pcho_N(CH3)3_b	115.0	0.058	0.121	5	3.20799956104	0.0392371937905	240.520603351
pcho_N(CH3)3_b	115.0	0.058	0.121	6	3.20799956119	0.13322170125	23.6551976061
pcho_N(CH3)3_b	115.0	0.058	0.121	7	3.20799956177	0.0179389355047	-82.5919142057
pcho_N(CH3)3_b	115.0	0.058	0.121	8	3.20991763513	0.718592115545	-9.75191408409
pcho_N(CH3)3_b	115.0	0.058	0.121	9	3.20991769372	0.693190430152	-2.26001570802
pcho_N(CH3)3_b	115.0	0.058	0.121	10	3.20991775366	0.0713053716951	188.951156737
pcho_N(CH3)3_b	115.0	0.058	0.121	11	3.20991743961	0.0161594790601	124.655701202
pcho_N(CH3)3_b	115.0	0.058	0.121	12	3.209917899	0.0543994014241	206.704138721
pcho_N(CH3)3_b	115.0	0.058	0.121	13	3.20991805324	0.248330862222	-11.178866044
pcho_X	115.0	0.058	0.087	0	3.62469622238	0.352882971895	185.419331773
pcho_X	115.0	0.058	0.087	1	3.62455171624	0.0153180000007	-84.7871325623
pcho_X	115.0	0.058	0.087	2	3.62486445768	0.0216471156317	-17.0712586282
pcho_X	115.0	0.058	0.087	3	3.6311857338	0.0890251500962	103.969739275
pcho_X	115.0	0.058	0.087	4	3.63354006624	0.114095981032	78.618833719
pcho_X	115.0	0.058	0.087	5	3.63354360984	0.0176323810776	-6.75237237151
pcho_X	115.0	0.058	0.087	6	3.64062930023	0.41704451304	-9.91323524112
pcho_X	115.0	0.058	0.087	7	3.63985464391	0.0113306169872	-84.6394869579
pcho_X	115.0	0.058	0.087	8	3.64134281994	0.0136490489473	80.5640043655
pcho_X	115.0	0.058	0.087	9	3.64823694795	0.122791017727	263.474352984
pcho_X	115.0	0.058	0.087	10	3.64823331038	0.0206311047548	56.5555795378
pcho_X	115.0	0.058	0.087	11	3.65059083576	0.0911841942371	235.171506602
pcho_X	115.0	0.058	0.087	12	3.65059520074	0.00695158817884	104.346738633
pcho_X	115.0	0.058	0.087	13	3.6567758474	0.449573755081	157.925706325
pcho_X	115.0	0.058	0.087	14	3.65664517235	0.00800921286377	53.1797914356
pcho_X	115.0	0.058	0.087	15	3.7391474082	0.00144405786554	125.342952353
pcho_X	115.0	0.058	0.087	16	4.18372970344	0.00194018744552	181.539911069
pcho_X	115.0	0.058	0.087	17	4.24499910943	0.0877201711222	188.825517567
pcho_X	115.0	0.058	0.087	18	4.25117623034	0.0183896724879	111.497109547
pcho_X	115.0	0.058	0.087	19	4.25353002872	0.0244641330787	83.842828479
pcho_X	115.0	0.058	0.087	20	4.25416154579	0.0884947964876	188.130394523
pcho_X	115.0	0.058	0.087	21	4.26034183364	0.0184217086504	110.577096687
pcho_X	115.0	0.058	0.087	22	4.26042599344	0.0394551706074	11.3549950076
pcho_X	115.0	0.058	0.087	23	4.26193398259	0.0407363885128	-19.1731039217
pcho_X	115.0	0.058	0.087	24	4.26269565333	0.02473434317	82.8500099806
pcho_X	115.0	0.058	0.087	25	4.26333517185	0.0891961694725	187.927461223
pcho_X	115.0	0.058	0.087	26	4.26607918555	0.0296932228344	48.5303489458
pcho_X	115.0	0.058	0.087	27	4.2682295992	0.022127230056	266.809778138
pcho_X	115.0	0.058	0.087	28	4.26951916315	0.0184429132835	110.184551393
pcho_X	115.0	0.058	0.087	29	4.27032849387	0.0827452579832	-3.5258080425
pcho_X	115.0	0.058	0.087	30	4.27058339758	0.0161611242161	237.797698659
pcho_X	115.0	0.058	0.087	31	4.27195006064	0.0306921237929	90.8690550162
pcho_X	115.0	0.058	0.087	32	4.27521112341	0.0975633156132	188.514459392
pcho_X	115.0	0.058	0.087	33	4.27706391382	0.0754535961036	159.428265554
pcho_X	115.0	0.058	0.087	34	4.27739365253	0.0223394836668	267.922009409
pcho_X	115.0	0.058	0.087	35	4.2794774114	0.0844268361098	-2.93363963362
pcho_X	115.0	0.058	0.087	36	4.27974747222	0.0160883030203	239.65014
pcho_X	115.0	0.058	0.087	37	4.28144755342	0.0184388653318	110.404172307
pcho_X	115.0	0.058	0.087	38	4.28152751838	0.0161363503977	-32.3480845199
pcho_X	115.0	0.058	0.087	39	4.28302246773	0.00822573250385	251.27575658
pcho_X	115.0	0.058	0.087	40	4.28380142513	0.0250354103474	82.0873571758
pcho_X	115.0	0.058	0.087	41	4.2844332469	0.0902898522614	188.971875771
pcho_X	115.0	0.058	0.087	42	4.28623300301	0.0722525942498	160.126430656
pcho_X	115.0	0.058	0.087	43	4.28656905173	0.0225641682158	268.654118075
pcho_X	115.0	0.058	0.087	44	4.28892291781	0.0161153886608	241.084306964
pcho_X	115.0	0.058	0.087	45	4.29062489313	0.0184383939556	111.035120371
pcho_X	115.0	0.058	0.087	46	4.29137341824	0.0855095466373	-2.12024662856
pcho_X	115.0	0.058	0.087	47	4.29168741111	0.0103129841274	210.179341604
pcho_X	115.0	0.058	0.087	48	4.29297881002	0.0250141004653	82.3519068061
pcho_X	115.0	0.058	0.087	49	4.29541370249	0.0694655585267	160.764879512
pcho_X	115.0	0.058	0.087	50	4.29834710747	0.0366033003038	261.164573829
pcho_X	115.0	0.058	0.087	51	4.3005296927	0.0856964637168	-1.45173413725
pcho_X	115.0	0.058	0.087	52	4.300851686	0.0162395251684	242.151292706
pcho_X	115.0	0.058	0.087	53	4.30734717404	0.0668314983164	161.325010247
pcho_X	115.0	0.058	0.087	54	4.30767344445	0.0229981440986	268.90804448
pcho_X	115.0	0.058	0.087	55	4.31002736134	0.0163923191632	242.365366911
pcho_X	115.0	0.058	0.087	56	4.31652510694	0.0657085982671	161.471075166
pcr_X	115.0	0.422	0.081	0	3.93	1.98851555235	-7.65589001586
pcr_N(CH3)	115.0	0.422	0.09	0	3.029	2.9845132641	-2.09059687601
peth	115.0	0.126	0.087	0	3.11672856915	0.000952032794777	104.434708719
peth	115.0	0.126	0.087	1	3.19890238693	0.392641407897	198.393311001
peth	115.0	0.126	0.087	2	3.19900815119	0.0216152732659	-51.1021543658
peth	115.0	0.126	0.087	3	3.20942395488	0.200639762296	72.1646960362
peth	115.0	0.126	0.087	4	3.2091589816	0.0165800146029	-62.3063516754
peth	115.0	0.126	0.087	5	3.2096625645	0.00364964328195	175.71020242
peth	115.0	0.126	0.087	6	3.21557385171	0.441309956365	-7.73324215318
peth	115.0	0.126	0.087	7	3.21518723131	0.0117335922225	-71.447116693
peth	115.0	0.126	0.087	8	3.22221953199	0.00435669691572	-32.0544481767
peth	115.0	0.126	0.087	9	3.2224657807	0.213048030073	-85.7775850787
peth	115.0	0.126	0.087	10	3.22272311489	0.00584401145844	170.720306019
peth	115.0	0.126	0.087	11	3.23265000068	0.394476568693	152.053314974
peth	115.0	0.126	0.087	12	3.2325290494	0.0270431930361	229.641913025
peth	115.0	0.126	0.087	13	3.23281524204	0.0252499747149	-74.9251373259
peth	115.0	0.126	0.087	14	3.31453774467	0.00192476042746	-84.1453884307
peth	115.0	0.126	0.087	15	3.94598428126	0.0794627827282	195.695633062
peth	115.0	0.126	0.087	16	3.94775428087	0.0792388429203	195.509412235
peth	115.0	0.126	0.087	17	3.94952450002	0.079001289024	195.327402015
peth	115.0	0.126	0.087	18	3.95616940765	0.0419684409337	72.0189482482
peth	115.0	0.126	0.087	19	3.95793922663	0.0419755567201	72.0092524763
peth	115.0	0.126	0.087	20	3.9597100933	0.0419703300687	72.0024447621
peth	115.0	0.126	0.087	21	3.96345460985	0.124858032403	-5.30222083797
peth	115.0	0.126	0.087	22	3.96611450163	0.133808236054	-8.23837513333
peth	115.0	0.126	0.087	23	3.96896204188	0.0210433662598	-84.0600337827
peth	115.0	0.126	0.087	24	3.9696140888	0.0262225771417	260.605264406
peth	115.0	0.126	0.087	25	3.97029284144	0.00346227979448	43.1536236039
peth	115.0	0.126	0.087	26	3.97073130754	0.0210274587755	-83.9729677845
peth	115.0	0.126	0.087	27	3.97124954298	0.0194687759608	269.543087116
peth	115.0	0.126	0.087	28	3.97194026365	0.0783560661871	193.736848549
peth	115.0	0.126	0.087	29	3.97250045414	0.0210104327347	-83.8998359652
peth	115.0	0.126	0.087	30	3.97301861943	0.0194347422829	269.626869739
peth	115.0	0.126	0.087	31	3.97371041474	0.0784460935807	193.693017875
peth	115.0	0.126	0.087	32	3.97973682379	0.0788400151469	146.511749265
peth	115.0	0.126	0.087	33	3.98008497677	0.0146081974083	235.684163648
peth	115.0	0.126	0.087	34	3.98060340712	0.00110852011872	-33.5817203284
peth	115.0	0.126	0.087	35	3.98150540438	0.0789327871287	146.761432356
peth	115.0	0.126	0.087	36	3.98212277805	0.0423547543964	71.7018572243
peth	115.0	0.126	0.087	37	3.9832743709	0.0789786171626	147.011077888
peth	115.0	0.126	0.087	38	3.98389265164	0.0423920704628	71.6983409239
peth	115.0	0.126	0.087	39	3.98674994644	0.0129649756132	248.835084304
peth	115.0	0.126	0.087	40	3.98762904672	0.00680160555496	-89.9291864685
peth	115.0	0.126	0.087	41	3.98940015498	0.118828704245	-5.92550691995
peth	115.0	0.126	0.087	42	3.99116383508	0.0500976676195	-10.4662771875
peth	115.0	0.126	0.087	43	3.99314552716	0.0143407887743	-10.157975062
peth	115.0	0.126	0.087	44	3.99366395751	0.00833887048315	200.453825914
peth	115.0	0.126	0.087	45	3.99516448937	0.0399221291365	-85.8265799036
peth	115.0	0.126	0.087	46	3.996934488	0.0398809251314	-85.7138626496
peth	115.0	0.126	0.087	47	4.00375726558	0.00294495580173	62.0124287643
peth	115.0	0.126	0.087	48	4.00407901361	0.0207554881914	258.538181403
peth	115.0	0.126	0.087	49	4.00567942629	0.0787688981368	149.931956218
peth	115.0	0.126	0.087	50	4.00744869883	0.0786875838446	150.127822692
taurine	115.0	0.117	0.085	0	3.2209127337	0.19534283446	-82.0563226923
taurine	115.0	0.117	0.085	1	3.22397870406	0.229254227751	228.295339769
taurine	115.0	0.117	0.085	2	3.24241160821	0.166744497238	-2.80508344703
taurine	115.0	0.117	0.085	3	3.2438531174	0.22693065238	47.1347153522
taurine	115.0	0.117	0.085	4	3.24589839199	0.455824273733	-7.10446325107
taurine	115.0	0.117	0.085	5	3.24772584198	0.0219420460471	-31.3291082886
taurine	115.0	0.117	0.085	6	3.26532934784	0.301544890859	51.7070809031
taurine	115.0	0.117	0.085	7	3.26768692835	0.238358730476	80.0990013975
taurine	115.0	0.117	0.085	8	3.39881286344	0.237337153892	264.783168
taurine	115.0	0.117	0.085	9	3.40117086037	0.302817545656	-67.0338367169
taurine	115.0	0.117	0.085	10	3.41877394265	0.0218928342109	15.5630869021
taurine	115.0	0.117	0.085	11	3.42060164362	0.455392705626	-8.68490956061
taurine	115.0	0.117	0.085	12	3.42325097836	0.392883608294	-41.915618782
taurine	115.0	0.117	0.085	13	3.44252147965	0.229664040877	116.276189816
taurine	115.0	0.117	0.085	14	3.4455870826	0.194313363867	66.849857578
scyllo-inositol	115.0	0.044	0.087	0	3.34	5.949525898	-7.60157048513
lm1	115.0	1.0	0.945781	L	50.72009	3.550126	-1.138201
lm2	115.0	1.0	1.475781	L	54.12614	2.855701	0.05457026
lm3	115.0	1.0	1.705781	L	68.32043	3.90728	-0.06015777
lm4	115.0	1.0	2.115781	L	96.4358	4.719139	-0.09620739
lm5	115.0	1.0	2.315781	L	69.70896	2.784562	-0.5775946
lm6	115.0	1.0	3.015781	L	42.72932	1.01768	-0.6582785
lm7	115.0	1.0	3.9854041	L	29.64625	1.209407	0.2889715
lm8	115.0	1.0	7.125781	L	274.476	4.046641	0.3027004
lm9	115.0	1.0	7.855781	L	37.37627	1.313574	0.02022181
lm10	115.0	1.0	2.655781	L	121.4557	2.349968	-0.5826102
lm11	115.0	1.0	1.235781	L	30.68139	0.7444791	-1.138201
lm12	115.0	1.0	-0.62824	L	1789.202	21.51878	-3.652967
lm13	115.0	1.0	3.295781	L	109.4958	1.665539	0.1635756
lm14	115.0	1.0	3.705781	L	169.6304	4.873533	-1.354319
