;PINTS for FITMAN Simulation Output
;Experiment Information
;---------------------------------------------------------------------------
;Name: semi-LASER
;Created: 2017_10_30
;Comment: Density-matrix simulations of metabolites using PyGAMMA and metabolite parameters from V. Govindaraju et. al, NMR Biomed. 2000;13:129-153
;PI: bartha-olemew
;b0: 297.2
;49 Metabolites: alanine, aspartate, choline_1-CH2_2-CH2, choline_N(CH3)3_a, choline_N(CH3)3_b, creatine_N(CH3), creatine_X, d-glucose-alpha, d-glucose-beta, gaba, glutamate, glutamine, glutathione_cysteine, glutathione_glutamate, glutathione_glycine, glycine, gpc_7-CH2_8-CH2, gpc_glycerol, gpc_N(CH3)3_a, gpc_N(CH3)3_b, lactate, myoinositol, naa_acetyl, naa_aspartate, naag_acetyl, naag_aspartyl, naag_glutamate, pcho_N(CH3)3_a, pcho_N(CH3)3_b, pcho_X, pcr_N(CH3), pcr_X, peth, scyllo-inositol, taurine, lm1, lm2, lm3, lm4, lm5, lm6, lm7, lm8, lm9, lm10, lm11, lm12, lm13, lm14
;Simulation Results
;---------------------------------------------------------------------------
aspartate	95.0	0.117	0.087	0	2.60315461543	0.178653892308	117.557195894
aspartate	95.0	0.117	0.087	1	2.63321004478	0.155144387382	202.324002483
aspartate	95.0	0.117	0.087	2	2.66178300881	0.260585510429	230.193083809
aspartate	95.0	0.117	0.087	3	2.69183843816	0.35083691514	-83.3403032483
aspartate	95.0	0.117	0.087	4	2.77093866344	0.266085945973	8.37370433012
aspartate	95.0	0.117	0.087	5	2.78379157363	0.362470880551	241.561684606
aspartate	95.0	0.117	0.087	6	2.82956705682	0.199443456322	120.391351926
aspartate	95.0	0.117	0.087	7	2.84241996702	0.141122300869	-37.9029173712
aspartate	95.0	0.117	0.087	8	3.8701699882	0.26510791286	207.146529917
aspartate	95.0	0.117	0.087	9	3.8830228984	0.245336390294	71.4523794244
aspartate	95.0	0.117	0.087	10	3.90022541756	0.226290986566	-83.9132432248
aspartate	95.0	0.117	0.087	11	3.91307832775	0.212640286912	130.54860608
alanine	95.0	0.078	0.087	0	1.45445132454	0.310650532271	230.48290035
alanine	95.0	0.078	0.087	1	1.47880173911	0.483813280552	-18.9888177101
alanine	95.0	0.078	0.087	2	3.7382838008	0.122249683979	-7.57268414412
alanine	95.0	0.078	0.087	3	3.76261729028	0.350007454657	107.876463447
alanine	95.0	0.078	0.087	4	3.78696716847	0.387075120329	234.26573803
alanine	95.0	0.078	0.087	5	3.81130127456	0.112940127112	-7.17929842509
choline_N(CH3)3_a	95.0	0.165	0.121	0	3.18308188091	1.32739391283	-5.79694308658
choline_N(CH3)3_a	95.0	0.165	0.121	1	3.18499956184	0.0944305381412	123.874358578
choline_N(CH3)3_a	95.0	0.165	0.121	2	3.18499956207	0.103229096176	-19.7391512631
choline_N(CH3)3_a	95.0	0.165	0.121	3	3.18499956219	0.133902195572	210.244202874
choline_N(CH3)3_a	95.0	0.165	0.121	4	3.18499956244	0.0856930360781	-71.3383984494
choline_N(CH3)3_a	95.0	0.165	0.121	5	3.18499956237	0.10084637356	241.500935549
choline_N(CH3)3_a	95.0	0.165	0.121	6	3.18691732234	0.105395243345	-47.3452992765
choline_N(CH3)3_a	95.0	0.165	0.121	7	3.18691756059	0.117365954897	215.463283527
choline_N(CH3)3_a	95.0	0.165	0.121	8	3.18691786653	0.163868494523	87.1726050863
choline_N(CH3)3_a	95.0	0.165	0.121	9	3.18691773451	0.0423402541238	175.9394983
choline_N(CH3)3_a	95.0	0.165	0.121	10	3.1869179003	0.0116565263824	38.4496804012
choline_1-CH2_2-CH2	95.0	0.165	0.087	0	3.40528755443	0.00109280814641	125.96279758
choline_1-CH2_2-CH2	95.0	0.165	0.087	1	3.48361365624	0.251734460265	150.704251856
choline_1-CH2_2-CH2	95.0	0.165	0.087	2	3.4838127492	0.132367279436	169.470838736
choline_1-CH2_2-CH2	95.0	0.165	0.087	3	3.49446212678	0.153595357981	47.8199854011
choline_1-CH2_2-CH2	95.0	0.165	0.087	4	3.49441809057	0.00697875464434	246.137176245
choline_1-CH2_2-CH2	95.0	0.165	0.087	5	3.49451015708	0.00889653024968	-16.1185410808
choline_1-CH2_2-CH2	95.0	0.165	0.087	6	3.50044146364	0.388678242258	-13.9043151864
choline_1-CH2_2-CH2	95.0	0.165	0.087	7	3.50080286112	0.214910551133	-43.4864764105
choline_1-CH2_2-CH2	95.0	0.165	0.087	8	3.50095191714	0.00958117089234	222.004631332
choline_1-CH2_2-CH2	95.0	0.165	0.087	9	3.50738142484	0.195426320889	-63.6396312806
choline_1-CH2_2-CH2	95.0	0.165	0.087	10	3.50743404668	0.0290594700998	242.150460261
choline_1-CH2_2-CH2	95.0	0.165	0.087	11	3.51770934434	0.317731014026	194.275994641
choline_1-CH2_2-CH2	95.0	0.165	0.087	12	3.51755593319	0.0244430239364	127.102471468
choline_1-CH2_2-CH2	95.0	0.165	0.087	13	3.51797091101	0.0529559763529	-42.0507404964
choline_1-CH2_2-CH2	95.0	0.165	0.087	14	3.59567488242	0.00656013544907	50.2715271015
choline_1-CH2_2-CH2	95.0	0.165	0.087	15	3.96815265095	0.00179391291592	171.30221613
choline_1-CH2_2-CH2	95.0	0.165	0.087	16	4.02845490605	0.155956552177	148.209866393
choline_1-CH2_2-CH2	95.0	0.165	0.087	17	4.03727276767	0.16062629713	151.528537012
choline_1-CH2_2-CH2	95.0	0.165	0.087	18	4.03877248493	0.0889308052947	50.9411627092
choline_1-CH2_2-CH2	95.0	0.165	0.087	19	4.04572706425	0.194963258368	-1.70143749741
choline_1-CH2_2-CH2	95.0	0.165	0.087	20	4.04585662236	0.0320739839478	258.964234894
choline_1-CH2_2-CH2	95.0	0.165	0.087	21	4.04628113774	0.0486269199869	-71.9283931256
choline_1-CH2_2-CH2	95.0	0.165	0.087	22	4.04760337828	0.0885834624168	51.7846056904
choline_1-CH2_2-CH2	95.0	0.165	0.087	23	4.05169556343	0.0766165009885	-63.2462099311
choline_1-CH2_2-CH2	95.0	0.165	0.087	24	4.05453821998	0.193462669718	-2.20820959837
choline_1-CH2_2-CH2	95.0	0.165	0.087	25	4.05639419526	0.016362899337	252.762784518
choline_1-CH2_2-CH2	95.0	0.165	0.087	26	4.05649512241	0.0149264275593	0.320712588369
choline_1-CH2_2-CH2	95.0	0.165	0.087	27	4.06052680912	0.0769890792173	-63.8956812097
choline_1-CH2_2-CH2	95.0	0.165	0.087	28	4.06256941436	0.115068779808	196.6195892
choline_1-CH2_2-CH2	95.0	0.165	0.087	29	4.06288441363	0.00931607342876	34.4845730769
choline_1-CH2_2-CH2	95.0	0.165	0.087	30	4.06381701365	0.0186165603894	251.635341944
choline_1-CH2_2-CH2	95.0	0.165	0.087	31	4.06931808487	0.00980693345171	149.876234577
choline_1-CH2_2-CH2	95.0	0.165	0.087	32	4.06941901201	0.0292989887415	-67.1193416926
choline_1-CH2_2-CH2	95.0	0.165	0.087	33	4.07139691401	0.116212985068	195.011427719
choline_1-CH2_2-CH2	95.0	0.165	0.087	34	4.08020233248	0.0641494873045	158.80307118
choline_1-CH2_2-CH2	95.0	0.165	0.087	35	4.15854877634	0.00149893753155	-85.5273819801
creatine_X	95.0	0.296	0.081	0	3.913	1.9902791446	-7.95250901486
creatine_N(CH3)	95.0	0.296	0.09	0	3.027	2.98639507279	-1.99878882147
choline_N(CH3)3_b	95.0	0.165	0.121	0	3.18308188064	1.65812643465	-5.79693876171
choline_N(CH3)3_b	95.0	0.165	0.121	1	3.18499956214	0.124228678229	78.0880117461
choline_N(CH3)3_b	95.0	0.165	0.121	2	3.18499956228	0.282762302437	-10.0411694308
choline_N(CH3)3_b	95.0	0.165	0.121	3	3.1849995622	0.33733842223	-7.3066293243
choline_N(CH3)3_b	95.0	0.165	0.121	4	3.1849995623	0.0802498252864	187.247259756
choline_N(CH3)3_b	95.0	0.165	0.121	5	3.18499956218	0.353920877694	-4.73789919304
choline_N(CH3)3_b	95.0	0.165	0.121	6	3.18499956235	0.0413315317023	237.399538565
choline_N(CH3)3_b	95.0	0.165	0.121	7	3.18499956257	0.0260878152679	115.7580187
choline_N(CH3)3_b	95.0	0.165	0.121	8	3.18691768486	0.749154558061	-12.8510210005
choline_N(CH3)3_b	95.0	0.165	0.121	9	3.18691748395	0.0814175170519	78.4355243739
choline_N(CH3)3_b	95.0	0.165	0.121	10	3.18691771359	0.011781427995	225.018087789
choline_N(CH3)3_b	95.0	0.165	0.121	11	3.18691802962	0.0275153937062	166.561781991
choline_N(CH3)3_b	95.0	0.165	0.121	12	3.18691780258	0.0442885584659	-66.8887022898
d-glucose-alpha	95.0	0.049	0.087	0	3.31825103277	0.000894615767069	224.945930359
d-glucose-alpha	95.0	0.049	0.087	1	3.34962922121	0.00185713798127	-52.9831763487
d-glucose-alpha	95.0	0.049	0.087	2	3.3520258213	0.00363462302318	48.8869320431
d-glucose-alpha	95.0	0.049	0.087	3	3.35230278472	0.000982212324235	-16.6316680695
d-glucose-alpha	95.0	0.049	0.087	4	3.36163691406	0.128495297485	-47.462656562
d-glucose-alpha	95.0	0.049	0.087	5	3.36368993462	0.00485211449877	66.9237743713
d-glucose-alpha	95.0	0.049	0.087	6	3.36396763489	0.00115163408566	167.001339243
d-glucose-alpha	95.0	0.049	0.087	7	3.38340122456	0.00693815013144	101.847707706
d-glucose-alpha	95.0	0.049	0.087	8	3.39287107438	0.197519455575	5.25372640289
d-glucose-alpha	95.0	0.049	0.087	9	3.39395007327	0.130880795561	-27.2424833527
d-glucose-alpha	95.0	0.049	0.087	10	3.39410765758	0.0266238550659	238.060498531
d-glucose-alpha	95.0	0.049	0.087	11	3.39512626695	0.0157710727662	105.417721081
d-glucose-alpha	95.0	0.049	0.087	12	3.40386859369	0.0142759947881	-65.6731335501
d-glucose-alpha	95.0	0.049	0.087	13	3.42406336105	0.0819034072868	49.9027525939
d-glucose-alpha	95.0	0.049	0.087	14	3.42581871201	0.0683556810332	26.0815956345
d-glucose-alpha	95.0	0.049	0.087	15	3.42568302201	0.00946904075507	-63.941670048
d-glucose-alpha	95.0	0.049	0.087	16	3.43530729008	0.0198477823508	-1.40816256375
d-glucose-alpha	95.0	0.049	0.087	17	3.43727842802	0.00295804532204	47.495105705
d-glucose-alpha	95.0	0.049	0.087	18	3.46874824078	0.004927379721	93.1025331772
d-glucose-alpha	95.0	0.049	0.087	19	3.49511638119	0.218015935894	221.539758291
d-glucose-alpha	95.0	0.049	0.087	20	3.50777786923	0.229993439929	100.16795498
d-glucose-alpha	95.0	0.049	0.087	21	3.51599361019	0.000838147199713	260.862272223
d-glucose-alpha	95.0	0.049	0.087	22	3.52727188536	0.253928166009	253.907027736
d-glucose-alpha	95.0	0.049	0.087	23	3.53996485855	0.228091525479	122.477884898
d-glucose-alpha	95.0	0.049	0.087	24	3.66849464665	0.332565428425	-56.8399014728
d-glucose-alpha	95.0	0.049	0.087	25	3.7003532833	0.388477725556	-13.155854611
d-glucose-alpha	95.0	0.049	0.087	26	3.7100562116	0.0678513849362	129.498898165
d-glucose-alpha	95.0	0.049	0.087	27	3.71259355691	0.0472898999588	229.935704614
d-glucose-alpha	95.0	0.049	0.087	28	3.7217497625	0.028829805451	122.916477355
d-glucose-alpha	95.0	0.049	0.087	29	3.73220547769	0.445868230293	37.5078080903
d-glucose-alpha	95.0	0.049	0.087	30	3.73294227832	0.00830701024555	89.5002341887
d-glucose-alpha	95.0	0.049	0.087	31	3.75201134757	0.0369019667797	-62.4603875913
d-glucose-alpha	95.0	0.049	0.087	32	3.75274875898	0.0049958437834	45.2085655949
d-glucose-alpha	95.0	0.049	0.087	33	3.75317845337	0.0888632147163	217.156258793
d-glucose-alpha	95.0	0.049	0.087	34	3.76248397969	0.0742567209363	-45.6242617705
d-glucose-alpha	95.0	0.049	0.087	35	3.77310131975	0.146747806351	-37.5106051136
d-glucose-alpha	95.0	0.049	0.087	36	3.77417956665	0.139496559019	32.6493478487
d-glucose-alpha	95.0	0.049	0.087	37	3.79604783587	0.186391000306	-60.8895661206
d-glucose-alpha	95.0	0.049	0.087	38	3.80032449033	0.126638507718	97.8765042644
d-glucose-alpha	95.0	0.049	0.087	39	3.80652362325	0.0436914396678	39.5656379734
d-glucose-alpha	95.0	0.049	0.087	40	3.80790496009	0.124167455719	-50.8487436783
d-glucose-alpha	95.0	0.049	0.087	41	3.8107926111	0.129284155002	133.372268552
d-glucose-alpha	95.0	0.049	0.087	42	3.81304873648	0.0580808235651	266.509742724
d-glucose-alpha	95.0	0.049	0.087	43	3.81305708328	0.0182790844533	-89.2738608037
d-glucose-alpha	95.0	0.049	0.087	44	3.81821891571	0.085764637486	125.307829429
d-glucose-alpha	95.0	0.049	0.087	45	3.8224894544	0.0354875155795	77.9292538558
d-glucose-alpha	95.0	0.049	0.087	46	3.82813645949	0.151635568884	260.305901746
d-glucose-alpha	95.0	0.049	0.087	47	3.83327751054	0.169565164201	255.782681176
d-glucose-alpha	95.0	0.049	0.087	48	3.84805743607	0.062264801988	153.76242252
d-glucose-alpha	95.0	0.049	0.087	49	3.84847885789	0.107236656141	-55.1083504552
d-glucose-alpha	95.0	0.049	0.087	50	3.84848967313	0.110459666228	251.68505574
d-glucose-alpha	95.0	0.049	0.087	51	3.85274828535	0.0630751120864	170.768650392
d-glucose-alpha	95.0	0.049	0.087	52	3.85320575886	0.103535018916	3.95329269874
d-glucose-alpha	95.0	0.049	0.087	53	3.85362952315	0.0506188562548	227.087470642
d-glucose-alpha	95.0	0.049	0.087	54	3.89678522357	0.00672492518809	13.76945584
glutamate	95.0	0.898	0.088	0	1.96706804127	0.00411790763529	256.729419647
glutamate	95.0	0.898	0.088	1	1.99094252965	0.0572448128769	268.46430151
glutamate	95.0	0.898	0.088	2	1.9909810453	0.0292814883096	-51.423811116
glutamate	95.0	0.898	0.088	3	1.99400006985	0.0402733737066	-60.6113280927
glutamate	95.0	0.898	0.088	4	2.01485536067	0.0403699370362	100.553848178
glutamate	95.0	0.898	0.088	5	2.01680099928	0.0458438956578	235.392197441
glutamate	95.0	0.898	0.088	6	2.01799192697	0.0776431994763	68.8124911166
glutamate	95.0	0.898	0.088	7	2.04042374258	0.137193696567	135.377322641
glutamate	95.0	0.898	0.088	8	2.04202460837	0.027702603787	201.531031438
glutamate	95.0	0.898	0.088	9	2.04412977497	0.00708959735336	134.991809956
glutamate	95.0	0.898	0.088	10	2.06405000071	0.0623767324974	-11.7589437433
glutamate	95.0	0.898	0.088	11	2.06773235705	0.123980092876	-43.5826210616
glutamate	95.0	0.898	0.088	12	2.08373400035	0.0434321776745	202.180960075
glutamate	95.0	0.898	0.088	13	2.0916096957	0.0315455381586	64.1299962622
glutamate	95.0	0.898	0.088	14	2.09258231689	0.0705374767433	153.556774932
glutamate	95.0	0.898	0.088	15	2.10826232309	0.0677536372889	243.168093779
glutamate	95.0	0.898	0.088	16	2.10938326002	0.0325562930488	-79.3427415132
glutamate	95.0	0.898	0.088	17	2.11718319984	0.024930679492	264.769868015
glutamate	95.0	0.898	0.088	18	2.11766375294	0.0442253244718	211.208372162
glutamate	95.0	0.898	0.088	19	2.13343335061	0.0179661191707	26.1699027848
glutamate	95.0	0.898	0.088	20	2.13370905658	0.0565715674878	89.7054887268
glutamate	95.0	0.898	0.088	21	2.1414089918	0.0416842334021	-46.5547831456
glutamate	95.0	0.898	0.088	22	2.14323256942	0.0352261624424	-25.7611398396
glutamate	95.0	0.898	0.088	23	2.15745696313	0.0329319174569	148.389450747
glutamate	95.0	0.898	0.088	24	2.15947305764	0.0367880885028	130.565043175
glutamate	95.0	0.898	0.088	25	2.16730562707	0.047413507967	91.2346641389
glutamate	95.0	0.898	0.088	26	2.18329414391	0.040664921664	245.689263749
glutamate	95.0	0.898	0.088	27	2.19615384033	0.00170403013966	46.1474979116
glutamate	95.0	0.898	0.088	28	2.25493269956	0.00194811205963	267.114539841
glutamate	95.0	0.898	0.088	29	2.26791575868	0.00968222835315	260.36544667
glutamate	95.0	0.898	0.088	30	2.29152783045	0.0155138257021	9.97724279122
glutamate	95.0	0.898	0.088	31	2.31581517152	0.00544780103896	153.468403036
glutamate	95.0	0.898	0.088	32	2.32088567269	0.264028482818	-76.3738720028
glutamate	95.0	0.898	0.088	33	2.32123355956	0.100915982765	261.967597855
glutamate	95.0	0.898	0.088	34	2.34496517394	0.292720322865	26.2880622163
glutamate	95.0	0.898	0.088	35	2.34751437118	0.321592232092	29.8182649065
glutamate	95.0	0.898	0.088	36	2.36913854056	0.0933695422116	137.635118444
glutamate	95.0	0.898	0.088	37	2.37370235814	0.179944380187	151.14217039
glutamate	95.0	0.898	0.088	38	2.37397525583	0.0101184638235	-71.8377946647
glutamate	95.0	0.898	0.088	39	2.40097576736	0.0169613135331	48.9122038478
glutamate	95.0	0.898	0.088	40	2.42703748653	0.00705107355996	180.217023593
glutamate	95.0	0.898	0.088	41	3.72336209625	0.209381175952	187.29415296
glutamate	95.0	0.898	0.088	42	3.73950707695	0.220339285995	-5.3386796797
glutamate	95.0	0.898	0.088	43	3.74733500407	0.18357478918	-5.09020523658
glutamate	95.0	0.898	0.088	44	3.76351102458	0.209502907879	155.554562657
gaba	95.0	0.155	0.082	0	1.83609170247	0.0410674579633	196.382289786
gaba	95.0	0.155	0.082	1	1.83815637494	0.0534223239764	165.161750782
gaba	95.0	0.155	0.082	2	1.85696880793	0.0101591097987	21.2360497338
gaba	95.0	0.155	0.082	3	1.86064138081	0.0770349491596	-57.9444322258
gaba	95.0	0.155	0.082	4	1.86056142106	0.0351745168685	265.037090106
gaba	95.0	0.155	0.082	5	1.86148493875	0.0310650619713	34.8350284393
gaba	95.0	0.155	0.082	6	1.86263492705	0.0698233605258	-69.4094361583
gaba	95.0	0.155	0.082	7	1.86517561959	0.0184762553844	-63.9394750362
gaba	95.0	0.155	0.082	8	1.86579329637	0.00280302823719	253.675639868
gaba	95.0	0.155	0.082	9	1.86824473535	0.00927273419312	251.048386024
gaba	95.0	0.155	0.082	10	1.87964134091	0.00164559794836	70.1544745986
gaba	95.0	0.155	0.082	11	1.88228532261	0.0201573521034	85.3750626378
gaba	95.0	0.155	0.082	12	1.88607218834	0.168819983216	104.12133909
gaba	95.0	0.155	0.082	13	1.88631171701	0.124352990187	24.0392976718
gaba	95.0	0.155	0.082	14	1.88847342347	0.14156932678	60.072193489
gaba	95.0	0.155	0.082	15	1.8915963173	0.00875765712444	27.2449585276
gaba	95.0	0.155	0.082	16	1.89335261366	0.00891972238338	22.1354494576
gaba	95.0	0.155	0.082	17	1.90683793964	0.00402873305578	206.297256984
gaba	95.0	0.155	0.082	18	1.9091768625	0.00119100235358	94.1443439836
gaba	95.0	0.155	0.082	19	1.91031151268	0.0545417885857	189.31743991
gaba	95.0	0.155	0.082	20	1.91129471614	0.014622826676	-75.688967575
gaba	95.0	0.155	0.082	21	1.91162409487	0.0659701388827	101.013714578
gaba	95.0	0.155	0.082	22	1.91234680989	0.0205146773906	195.59132191
gaba	95.0	0.155	0.082	23	1.91365008586	0.0418744504587	78.7548066291
gaba	95.0	0.155	0.082	24	1.91673973267	0.00146831173304	146.10256337
gaba	95.0	0.155	0.082	25	1.91682328557	0.0148153806928	94.6616875818
gaba	95.0	0.155	0.082	26	1.93570839362	0.0464280322443	218.169554888
gaba	95.0	0.155	0.082	27	1.93776531495	0.0370853224641	255.752190566
gaba	95.0	0.155	0.082	28	2.26014292891	0.365929821623	-70.6113641436
gaba	95.0	0.155	0.082	29	2.27605880089	0.000997102801103	77.3078495622
gaba	95.0	0.155	0.082	30	2.27675169847	0.0008239029493	12.0891293079
gaba	95.0	0.155	0.082	31	2.28055951557	0.0113215971142	56.7008804566
gaba	95.0	0.155	0.082	32	2.28465947642	0.714523392856	24.3234251012
gaba	95.0	0.155	0.082	33	2.2874327927	0.0114777937135	-10.1897076333
gaba	95.0	0.155	0.082	34	2.3085703406	0.175118797262	142.654651249
gaba	95.0	0.155	0.082	35	2.31018308356	0.172657496458	140.298797416
gaba	95.0	0.155	0.082	36	2.98810237625	0.417207698357	249.335263119
gaba	95.0	0.155	0.082	37	3.00446935579	0.000857478852492	63.9114016846
gaba	95.0	0.155	0.082	38	3.00793525776	0.0750218742432	48.3667548142
gaba	95.0	0.155	0.082	39	3.01092227517	0.173061958376	18.7838349848
gaba	95.0	0.155	0.082	40	3.01393304345	0.486728890382	-11.0721856479
gaba	95.0	0.155	0.082	41	3.01571207342	0.0469196251297	-31.3994989083
gaba	95.0	0.155	0.082	42	3.0176904708	0.0528133060025	-47.7621463682
gaba	95.0	0.155	0.082	43	3.01952995975	0.0178398817425	-63.0936595144
gaba	95.0	0.155	0.082	44	3.03851839363	0.423819032639	103.080963361
glutamine	95.0	0.427	0.087	0	2.02959843313	0.00327805877953	7.03137808659
glutamine	95.0	0.427	0.087	1	2.04903832083	0.0022288363863	224.882733431
glutamine	95.0	0.427	0.087	2	2.05078450944	0.0055815747657	215.898768838
glutamine	95.0	0.427	0.087	3	2.05771963287	0.0053769642657	181.107335888
glutamine	95.0	0.427	0.087	4	2.05789178012	0.0065813496409	87.1726607577
glutamine	95.0	0.427	0.087	5	2.07830101924	0.0532525551567	44.6637062851
glutamine	95.0	0.427	0.087	6	2.07913261771	0.00350785611633	255.109658959
glutamine	95.0	0.427	0.087	7	2.08348312725	0.00382521057657	219.723162628
glutamine	95.0	0.427	0.087	8	2.08467424299	0.0589747056452	39.1429739899
glutamine	95.0	0.427	0.087	9	2.0994120015	0.0809922955968	216.857400045
glutamine	95.0	0.427	0.087	10	2.10110091148	0.0285133736544	184.397715141
glutamine	95.0	0.427	0.087	11	2.10307683112	0.0856610749145	181.846465999
glutamine	95.0	0.427	0.087	12	2.10479853377	0.00702807268407	-11.8645444199
glutamine	95.0	0.427	0.087	13	2.10493473898	0.0604585917659	217.372158719
glutamine	95.0	0.427	0.087	14	2.10705943378	0.052656135372	186.848545938
glutamine	95.0	0.427	0.087	15	2.10992018975	0.12817696843	118.930503523
glutamine	95.0	0.427	0.087	16	2.11574074582	0.0275017727838	112.772377534
glutamine	95.0	0.427	0.087	17	2.12154007131	0.00992918534261	-2.7731985587
glutamine	95.0	0.427	0.087	18	2.12427844833	0.0737853867796	217.086887494
glutamine	95.0	0.427	0.087	19	2.12762581022	0.0567114555212	-22.4103478589
glutamine	95.0	0.427	0.087	20	2.13015833943	0.0560409457351	-70.2227329436
glutamine	95.0	0.427	0.087	21	2.13172467131	0.174541116832	225.729693357
glutamine	95.0	0.427	0.087	22	2.13493755571	0.129512965793	243.415988208
glutamine	95.0	0.427	0.087	23	2.1368241746	0.0198789114936	240.510731365
glutamine	95.0	0.427	0.087	24	2.15336547463	0.106040288736	50.648494967
glutamine	95.0	0.427	0.087	25	2.15356223104	0.003718567839	229.207229499
glutamine	95.0	0.427	0.087	26	2.15502822922	0.066125830545	42.4464584053
glutamine	95.0	0.427	0.087	27	2.15542925651	0.00331059332801	185.903713285
glutamine	95.0	0.427	0.087	28	2.15894987717	0.00444812956347	184.123454432
glutamine	95.0	0.427	0.087	29	2.16411056855	0.00304884044617	69.8049623423
glutamine	95.0	0.427	0.087	30	2.17574695392	0.00798353952465	156.999815993
glutamine	95.0	0.427	0.087	31	2.17923162819	0.00422979556716	20.708215996
glutamine	95.0	0.427	0.087	32	2.18353662329	0.00583217010145	241.06717202
glutamine	95.0	0.427	0.087	33	2.20359517008	0.0071900520781	71.912509515
glutamine	95.0	0.427	0.087	34	2.33941149415	0.00172749579277	25.5244244717
glutamine	95.0	0.427	0.087	35	2.36511517036	0.00888167928666	-65.9869088606
glutamine	95.0	0.427	0.087	36	2.36527764771	0.0106081913678	256.934317029
glutamine	95.0	0.427	0.087	37	2.38741514168	0.00303065868052	29.0619532812
glutamine	95.0	0.427	0.087	38	2.38790468665	0.00197296165624	124.175084705
glutamine	95.0	0.427	0.087	39	2.38967215039	0.0128272330383	-19.2796769144
glutamine	95.0	0.427	0.087	40	2.39609645372	0.00313200473773	-54.6894659773
glutamine	95.0	0.427	0.087	41	2.39710305104	0.00447805111885	184.11596009
glutamine	95.0	0.427	0.087	42	2.41530081326	0.0120604179501	95.8526823144
glutamine	95.0	0.427	0.087	43	2.41669089227	0.238709909315	-88.5877089165
glutamine	95.0	0.427	0.087	44	2.41946065737	0.242067241326	-59.7559174685
glutamine	95.0	0.427	0.087	45	2.43853233984	0.072139599334	102.948012014
glutamine	95.0	0.427	0.087	46	2.43883311306	0.107039008914	26.491113902
glutamine	95.0	0.427	0.087	47	2.44153825927	0.135445674658	23.7731738354
glutamine	95.0	0.427	0.087	48	2.44790193931	0.174349893359	9.53447579918
glutamine	95.0	0.427	0.087	49	2.44817097296	0.138443637805	-30.0193806871
glutamine	95.0	0.427	0.087	50	2.44857155662	0.0735347146791	78.3854077879
glutamine	95.0	0.427	0.087	51	2.46685593241	0.160019592648	99.5612826041
glutamine	95.0	0.427	0.087	52	2.47096564601	0.0198415110128	-56.6877932525
glutamine	95.0	0.427	0.087	53	2.47338149369	0.160487477685	112.623055103
glutamine	95.0	0.427	0.087	54	2.49309782922	0.00348969724298	209.385849461
glutamine	95.0	0.427	0.087	55	2.49381314054	0.00293455705037	4.12124943621
glutamine	95.0	0.427	0.087	56	2.49661148291	0.0162022001835	56.1721756442
glutamine	95.0	0.427	0.087	57	2.50249445258	0.00476059767216	-31.6910618449
glutamine	95.0	0.427	0.087	58	2.52493856426	0.0117181563611	108.26307985
glutamine	95.0	0.427	0.087	59	3.73242569359	0.20356844652	191.535041904
glutamine	95.0	0.427	0.087	60	3.75307765161	0.4445305399	-11.7775265609
glutamine	95.0	0.427	0.087	61	3.77384717445	0.233451909189	147.295447933
d-glucose-beta	95.0	0.049	0.087	0	3.13226325685	0.00195158835508	239.655240343
d-glucose-beta	95.0	0.049	0.087	1	3.13327175766	0.000625615903283	-89.3491689042
d-glucose-beta	95.0	0.049	0.087	2	3.15999033876	0.00045272256622	-15.1387177877
d-glucose-beta	95.0	0.049	0.087	3	3.18004514682	0.00218905134693	229.560015848
d-glucose-beta	95.0	0.049	0.087	4	3.18500081962	0.00337629497752	214.627244435
d-glucose-beta	95.0	0.049	0.087	5	3.19507767206	0.00666607434585	177.316072487
d-glucose-beta	95.0	0.049	0.087	6	3.1961011039	0.0047240445267	236.66193709
d-glucose-beta	95.0	0.049	0.087	7	3.19817436453	0.0093785360236	169.965776993
d-glucose-beta	95.0	0.049	0.087	8	3.19858675256	0.00918539589243	250.788250068
d-glucose-beta	95.0	0.049	0.087	9	3.20047302155	0.0970257687953	-76.5341736846
d-glucose-beta	95.0	0.049	0.087	10	3.20055028274	0.00899340537904	267.308277982
d-glucose-beta	95.0	0.049	0.087	11	3.20213506428	0.0180379215958	245.823450452
d-glucose-beta	95.0	0.049	0.087	12	3.20380669702	0.0116529838698	-78.3294826855
d-glucose-beta	95.0	0.049	0.087	13	3.20570080294	0.0103372775422	-79.3052449619
d-glucose-beta	95.0	0.049	0.087	14	3.20679107353	0.00114184091164	-25.4015527296
d-glucose-beta	95.0	0.049	0.087	15	3.2115885965	0.00123194513198	252.930241762
d-glucose-beta	95.0	0.049	0.087	16	3.21199939533	0.00144738619773	-45.1028181394
d-glucose-beta	95.0	0.049	0.087	17	3.22183773397	0.00193686516767	231.634726809
d-glucose-beta	95.0	0.049	0.087	18	3.22281796337	0.00373534147207	-63.6235348221
d-glucose-beta	95.0	0.049	0.087	19	3.22496277572	0.00118548151138	-82.0608259863
d-glucose-beta	95.0	0.049	0.087	20	3.22615264385	0.0121208496829	-49.8011203
d-glucose-beta	95.0	0.049	0.087	21	3.22563167541	0.00806861230776	228.055689934
d-glucose-beta	95.0	0.049	0.087	22	3.2271880407	0.0918861243957	21.8391904583
d-glucose-beta	95.0	0.049	0.087	23	3.2281813379	0.0106551752545	58.5478518698
d-glucose-beta	95.0	0.049	0.087	24	3.22920647577	0.0282128818064	229.489441108
d-glucose-beta	95.0	0.049	0.087	25	3.23030726053	0.0749963353174	-40.5894323398
d-glucose-beta	95.0	0.049	0.087	26	3.23010453706	0.117126076432	-21.0614364883
d-glucose-beta	95.0	0.049	0.087	27	3.23129843205	0.00495668595033	46.0256182727
d-glucose-beta	95.0	0.049	0.087	28	3.23163977245	0.00418506259867	137.313940433
d-glucose-beta	95.0	0.049	0.087	29	3.2323553083	0.00623183376245	-6.93396591724
d-glucose-beta	95.0	0.049	0.087	30	3.23407886432	0.00148089186966	159.278199289
d-glucose-beta	95.0	0.049	0.087	31	3.23412946254	0.00320366848533	45.8072271302
d-glucose-beta	95.0	0.049	0.087	32	3.23715619294	0.00215342522923	87.7966227869
d-glucose-beta	95.0	0.049	0.087	33	3.24492635208	0.00155908467752	5.35836685058
d-glucose-beta	95.0	0.049	0.087	34	3.24732303237	0.00179474932368	51.5844128874
d-glucose-beta	95.0	0.049	0.087	35	3.25013935444	0.00108159869317	-13.4989067307
d-glucose-beta	95.0	0.049	0.087	36	3.25336069442	0.0122961144037	54.792025022
d-glucose-beta	95.0	0.049	0.087	37	3.25252085919	0.00506256879102	-44.8752053778
d-glucose-beta	95.0	0.049	0.087	38	3.25615112342	0.0255252571598	-82.0066227145
d-glucose-beta	95.0	0.049	0.087	39	3.25702540429	0.155161275346	64.014440698
d-glucose-beta	95.0	0.049	0.087	40	3.25846159829	0.00605946199502	211.55497486
d-glucose-beta	95.0	0.049	0.087	41	3.2609567767	0.00993172548295	149.687550601
d-glucose-beta	95.0	0.049	0.087	42	3.26403259453	0.00504382973254	159.81032278
d-glucose-beta	95.0	0.049	0.087	43	3.27183568905	0.00131105051965	103.156965668
d-glucose-beta	95.0	0.049	0.087	44	3.27422061941	0.00237689967751	141.148303714
d-glucose-beta	95.0	0.049	0.087	45	3.27705057309	0.000931148215983	81.6251392621
d-glucose-beta	95.0	0.049	0.087	46	3.27902799907	0.0017437461682	123.5341721
d-glucose-beta	95.0	0.049	0.087	47	3.29449292134	0.000414467118169	-66.8702472423
d-glucose-beta	95.0	0.049	0.087	48	3.29993368943	0.00144770865991	-18.8834391246
d-glucose-beta	95.0	0.049	0.087	49	3.30191391454	0.000460300679962	-4.12858410243
d-glucose-beta	95.0	0.049	0.087	50	3.32497048408	0.00305358880507	236.980681699
d-glucose-beta	95.0	0.049	0.087	51	3.32681106748	0.00257537448955	95.2156381787
d-glucose-beta	95.0	0.049	0.087	52	3.32875786796	0.000634269909978	80.3006511729
d-glucose-beta	95.0	0.049	0.087	53	3.33061868749	0.0013404274672	223.435444868
d-glucose-beta	95.0	0.049	0.087	54	3.33613138141	0.00125646398219	193.787007321
d-glucose-beta	95.0	0.049	0.087	55	3.34851075937	0.000888574123201	128.917771323
d-glucose-beta	95.0	0.049	0.087	56	3.35053497173	0.0431755856782	186.213306029
d-glucose-beta	95.0	0.049	0.087	57	3.35150447401	0.0628535909786	96.4040502289
d-glucose-beta	95.0	0.049	0.087	58	3.35142366433	0.0092149860765	-24.6852427596
d-glucose-beta	95.0	0.049	0.087	59	3.35197300233	0.0312138505132	44.1100893268
d-glucose-beta	95.0	0.049	0.087	60	3.35836067144	0.00123518699476	133.147347066
d-glucose-beta	95.0	0.049	0.087	61	3.36360221332	0.000904072936477	86.5573153409
d-glucose-beta	95.0	0.049	0.087	62	3.37354245031	0.00491101624545	-12.814811255
d-glucose-beta	95.0	0.049	0.087	63	3.37407960239	0.00731815726581	-74.4762357652
d-glucose-beta	95.0	0.049	0.087	64	3.37412519429	0.00672562411754	264.053330483
d-glucose-beta	95.0	0.049	0.087	65	3.37887368986	0.0385426337153	52.388181004
d-glucose-beta	95.0	0.049	0.087	66	3.38007297358	0.00389876335136	201.308588945
d-glucose-beta	95.0	0.049	0.087	67	3.38037081345	0.00653269649087	134.910608655
d-glucose-beta	95.0	0.049	0.087	68	3.3813536768	0.163523930609	-26.2958850299
d-glucose-beta	95.0	0.049	0.087	69	3.38151397961	0.106819901477	6.18790229054
d-glucose-beta	95.0	0.049	0.087	70	3.3819716998	0.0077576182824	252.290875471
d-glucose-beta	95.0	0.049	0.087	71	3.38198046593	0.0074589736799	-87.8750928813
d-glucose-beta	95.0	0.049	0.087	72	3.38748784074	0.0258049879899	-60.4984303854
d-glucose-beta	95.0	0.049	0.087	73	3.38762227031	0.0310856847818	-4.07838417927
d-glucose-beta	95.0	0.049	0.087	74	3.39629482564	0.0124200637217	-4.33267003127
d-glucose-beta	95.0	0.049	0.087	75	3.40083869504	0.00963065342047	-23.0115822372
d-glucose-beta	95.0	0.049	0.087	76	3.40962293752	0.248228129864	16.9260496127
d-glucose-beta	95.0	0.049	0.087	77	3.409605386	0.00206700216111	83.9519521359
d-glucose-beta	95.0	0.049	0.087	78	3.4114167057	0.0336411111842	-51.4481447793
d-glucose-beta	95.0	0.049	0.087	79	3.41165978548	0.0127156715841	267.948554603
d-glucose-beta	95.0	0.049	0.087	80	3.41466830626	0.00361100488807	-1.35951918397
d-glucose-beta	95.0	0.049	0.087	81	3.42562044701	0.0187306124175	107.847172217
d-glucose-beta	95.0	0.049	0.087	82	3.42585637754	0.0139818867592	-72.5101609156
d-glucose-beta	95.0	0.049	0.087	83	3.4259429494	0.010743826029	268.813022337
d-glucose-beta	95.0	0.049	0.087	84	3.42861988893	0.0378868880969	-51.7648633859
d-glucose-beta	95.0	0.049	0.087	85	3.42871007306	0.0433478859817	198.767004308
d-glucose-beta	95.0	0.049	0.087	86	3.43049475581	0.00441112568275	-67.7416196415
d-glucose-beta	95.0	0.049	0.087	87	3.43084363808	0.0208377610607	96.6011400203
d-glucose-beta	95.0	0.049	0.087	88	3.43126482505	0.0154428602605	238.269211557
d-glucose-beta	95.0	0.049	0.087	89	3.43362373913	0.046667006409	-73.7376373079
d-glucose-beta	95.0	0.049	0.087	90	3.4336448709	0.0396449167077	158.913376845
d-glucose-beta	95.0	0.049	0.087	91	3.44169040874	0.00731120678599	84.8650765178
d-glucose-beta	95.0	0.049	0.087	92	3.44404028091	0.0522132693686	88.8551879307
d-glucose-beta	95.0	0.049	0.087	93	3.44327315491	0.00138429246192	193.714917659
d-glucose-beta	95.0	0.049	0.087	94	3.44422683047	0.00923640329052	-68.4807210683
d-glucose-beta	95.0	0.049	0.087	95	3.44513733073	0.0458415512729	228.163975207
d-glucose-beta	95.0	0.049	0.087	96	3.4466364453	0.180089496337	9.94926580087
d-glucose-beta	95.0	0.049	0.087	97	3.44865242142	0.0200525400916	-64.8837220336
d-glucose-beta	95.0	0.049	0.087	98	3.44904429329	0.0296895758632	138.942379135
d-glucose-beta	95.0	0.049	0.087	99	3.44965702339	0.00103093642575	71.0752778034
d-glucose-beta	95.0	0.049	0.087	100	3.45020467939	0.0783477450919	-18.2119873214
d-glucose-beta	95.0	0.049	0.087	101	3.45036200481	0.0385266815791	207.208185483
d-glucose-beta	95.0	0.049	0.087	102	3.45242228578	0.00838238663694	-15.9051038781
d-glucose-beta	95.0	0.049	0.087	103	3.45444333991	0.0494864366924	37.7352287454
d-glucose-beta	95.0	0.049	0.087	104	3.45755567343	0.0243649561923	-23.3827468226
d-glucose-beta	95.0	0.049	0.087	105	3.4590841801	0.0277167833254	39.875046563
d-glucose-beta	95.0	0.049	0.087	106	3.46043183609	0.0210980951071	-20.3891107745
d-glucose-beta	95.0	0.049	0.087	107	3.46261848925	0.0225714604724	-78.7543136288
d-glucose-beta	95.0	0.049	0.087	108	3.46188893347	0.00432054039627	253.62275355
d-glucose-beta	95.0	0.049	0.087	109	3.46981879926	0.0344186166597	10.9791244953
d-glucose-beta	95.0	0.049	0.087	110	3.47217743307	0.00818078422789	193.380807148
d-glucose-beta	95.0	0.049	0.087	111	3.47242709792	0.0218914037163	-81.0292554451
d-glucose-beta	95.0	0.049	0.087	112	3.4731040849	0.0324778828249	-17.5214053442
d-glucose-beta	95.0	0.049	0.087	113	3.47429248939	0.0236828641012	208.880608457
d-glucose-beta	95.0	0.049	0.087	114	3.47570068585	0.16772450922	-40.6138337535
d-glucose-beta	95.0	0.049	0.087	115	3.47622706814	0.0186244949832	34.0037504852
d-glucose-beta	95.0	0.049	0.087	116	3.47762979644	0.0670395340352	227.685941812
d-glucose-beta	95.0	0.049	0.087	117	3.47861652063	0.0985433529737	-19.4486782203
d-glucose-beta	95.0	0.049	0.087	118	3.47947250041	0.0273006873289	18.5239757228
d-glucose-beta	95.0	0.049	0.087	119	3.47949585041	0.029371647992	164.023223427
d-glucose-beta	95.0	0.049	0.087	120	3.48049634109	0.000438576281268	82.4511576647
d-glucose-beta	95.0	0.049	0.087	121	3.48058989222	0.00819018036356	-70.0829521932
d-glucose-beta	95.0	0.049	0.087	122	3.48271578193	0.00694053945752	191.348736877
d-glucose-beta	95.0	0.049	0.087	123	3.48274311281	0.0111334970194	113.971427702
d-glucose-beta	95.0	0.049	0.087	124	3.50591554166	0.103618055356	223.729331964
d-glucose-beta	95.0	0.049	0.087	125	3.50795650163	0.0931858625658	119.670849438
d-glucose-beta	95.0	0.049	0.087	126	3.52429011352	0.0032151459688	14.8832639277
d-glucose-beta	95.0	0.049	0.087	127	3.52913310419	0.0027261476896	-4.48186944692
d-glucose-beta	95.0	0.049	0.087	128	3.54033382328	0.00145177559604	-38.9899170192
d-glucose-beta	95.0	0.049	0.087	129	3.54545475084	0.00129324083508	-23.6820358248
d-glucose-beta	95.0	0.049	0.087	130	3.55307842638	0.000411808091093	85.2044317777
d-glucose-beta	95.0	0.049	0.087	131	3.5578781287	0.000416467328955	78.837643401
d-glucose-beta	95.0	0.049	0.087	132	3.59575014574	0.00201358390345	133.542621143
d-glucose-beta	95.0	0.049	0.087	133	3.61975685857	0.000881931179319	-2.79098953691
d-glucose-beta	95.0	0.049	0.087	134	3.62418874712	0.00194473335178	-2.64446075578
d-glucose-beta	95.0	0.049	0.087	135	3.62716326274	0.001029903656	-10.9887486439
d-glucose-beta	95.0	0.049	0.087	136	3.64200711452	0.00102087463004	15.4334184673
d-glucose-beta	95.0	0.049	0.087	137	3.67045687188	0.00187653042927	-75.6554662775
d-glucose-beta	95.0	0.049	0.087	138	3.67239573825	0.00874746340626	268.03845187
d-glucose-beta	95.0	0.049	0.087	139	3.67332591309	0.0182634123447	-48.7820645925
d-glucose-beta	95.0	0.049	0.087	140	3.67533100561	0.11095091143	-54.1670306374
d-glucose-beta	95.0	0.049	0.087	141	3.67621940253	0.0339208864338	261.391866645
d-glucose-beta	95.0	0.049	0.087	142	3.67956489461	0.0246409110205	-87.013976222
d-glucose-beta	95.0	0.049	0.087	143	3.68861422612	0.00918835649812	244.847942942
d-glucose-beta	95.0	0.049	0.087	144	3.68980421183	0.0123910280254	143.247326159
d-glucose-beta	95.0	0.049	0.087	145	3.69229585491	0.0465688868653	208.498025938
d-glucose-beta	95.0	0.049	0.087	146	3.6932130642	0.0516035124963	138.615003272
d-glucose-beta	95.0	0.049	0.087	147	3.69458811198	0.0120358732652	237.681437557
d-glucose-beta	95.0	0.049	0.087	148	3.69721032808	0.00752687981011	133.985804763
d-glucose-beta	95.0	0.049	0.087	149	3.71153017608	0.00775588753465	171.500876673
d-glucose-beta	95.0	0.049	0.087	150	3.71704781161	0.158164650631	180.737047969
d-glucose-beta	95.0	0.049	0.087	151	3.7175909751	0.0874213844173	150.045505133
d-glucose-beta	95.0	0.049	0.087	152	3.7194282998	0.0204963116807	161.868543977
d-glucose-beta	95.0	0.049	0.087	153	3.73333625049	0.048763840619	120.722537649
d-glucose-beta	95.0	0.049	0.087	154	3.7339640513	0.222933819741	51.6032958365
d-glucose-beta	95.0	0.049	0.087	155	3.73829085422	0.00804939970763	113.137286161
d-glucose-beta	95.0	0.049	0.087	156	3.74150988582	0.00525785933182	57.5923462075
d-glucose-beta	95.0	0.049	0.087	157	3.74456440208	0.00182174037311	86.7162906076
d-glucose-beta	95.0	0.049	0.087	158	3.78124043634	0.00302808238338	3.84495553142
d-glucose-beta	95.0	0.049	0.087	159	3.85598398666	0.0034968828698	266.907420714
d-glucose-beta	95.0	0.049	0.087	160	3.85788328728	0.00619049699762	267.695337246
d-glucose-beta	95.0	0.049	0.087	161	3.86110548304	0.171114765566	237.336449753
d-glucose-beta	95.0	0.049	0.087	162	3.86384799156	0.106528880555	216.015686366
d-glucose-beta	95.0	0.049	0.087	163	3.86641483123	0.220714012479	197.042118614
d-glucose-beta	95.0	0.049	0.087	164	3.86950482999	0.00608589371758	206.100826444
d-glucose-beta	95.0	0.049	0.087	165	3.87183246681	0.00587802955454	168.337036655
d-glucose-beta	95.0	0.049	0.087	166	3.90254927271	0.225808539049	135.55071981
d-glucose-beta	95.0	0.049	0.087	167	3.90764264977	0.174707293968	99.4245763082
d-glucose-beta	95.0	0.049	0.087	168	4.61672217669	0.484235018029	134.038179378
d-glucose-beta	95.0	0.049	0.087	169	4.64353589166	0.449202737464	224.385592511
glutathione_cysteine	95.0	0.194	0.087	0	2.88158786835	0.0906732448446	206.710394312
glutathione_cysteine	95.0	0.194	0.087	1	2.90438113802	0.0655719904024	10.8587020222
glutathione_cysteine	95.0	0.194	0.087	2	2.92889438817	0.393868492518	87.6749936312
glutathione_cysteine	95.0	0.194	0.087	3	2.95168765785	0.426769824187	233.70146232
glutathione_cysteine	95.0	0.194	0.087	4	2.95222786887	0.375613884287	122.124109773
glutathione_cysteine	95.0	0.194	0.087	5	2.96913681216	0.443734031619	-81.1984877403
glutathione_cysteine	95.0	0.194	0.087	6	2.9995343887	0.0808410700836	-3.99935898894
glutathione_cysteine	95.0	0.194	0.087	7	3.01644333198	0.076176555583	151.154010011
glutathione_cysteine	95.0	0.194	0.087	8	4.54107552999	0.263137921495	208.936537361
glutathione_cysteine	95.0	0.194	0.087	9	4.55798447328	0.236140005879	-5.4044115869
glutathione_cysteine	95.0	0.194	0.087	10	4.56386879967	0.263295332294	-10.8692368586
glutathione_cysteine	95.0	0.194	0.087	11	4.58077774296	0.226096365855	158.723442203
glutathione_glycine	95.0	0.194	0.087	0	3.769	1.99043203038	-8.71681427769
glycine	95.0	0.068	0.087	0	3.548	1.99197386388	-8.83277252989
glutathione_glutamate	95.0	0.194	0.087	0	2.06336829863	0.00259397239114	43.0088531851
glutathione_glutamate	95.0	0.194	0.087	1	2.08480357034	0.00227608568131	160.331407235
glutathione_glutamate	95.0	0.194	0.087	2	2.08799314895	0.00587795615877	116.287665585
glutathione_glutamate	95.0	0.194	0.087	3	2.10928332749	0.00301847978725	-70.9915453103
glutathione_glutamate	95.0	0.194	0.087	4	2.11281857509	0.00275596786513	235.072874536
glutathione_glutamate	95.0	0.194	0.087	5	2.11536997153	0.0474256835751	32.4578703967
glutathione_glutamate	95.0	0.194	0.087	6	2.11861561635	0.10313199159	34.5697098205
glutathione_glutamate	95.0	0.194	0.087	7	2.13432941101	0.00307735878544	0.71721972508
glutathione_glutamate	95.0	0.194	0.087	8	2.13679450303	0.0946734128857	182.636952389
glutathione_glutamate	95.0	0.194	0.087	9	2.14035209537	0.208392595908	142.918245462
glutathione_glutamate	95.0	0.194	0.087	10	2.13984662525	0.0609396050292	201.274408219
glutathione_glutamate	95.0	0.194	0.087	11	2.14268703687	0.0733630715132	139.647996269
glutathione_glutamate	95.0	0.194	0.087	12	2.16113321044	0.0580331487236	265.604926628
glutathione_glutamate	95.0	0.194	0.087	13	2.16219422529	0.130361181388	-67.6236491987
glutathione_glutamate	95.0	0.194	0.087	14	2.16390422585	0.0745451186131	-68.059879724
glutathione_glutamate	95.0	0.194	0.087	15	2.16496893599	0.176706502199	251.862342961
glutathione_glutamate	95.0	0.194	0.087	16	2.17061728925	0.00269417176185	67.3652375782
glutathione_glutamate	95.0	0.194	0.087	17	2.18633268826	0.16244352299	35.6227865325
glutathione_glutamate	95.0	0.194	0.087	18	2.19265095206	0.00549033838504	177.667171615
glutathione_glutamate	95.0	0.194	0.087	19	2.19480388619	0.0016216067395	139.525726902
glutathione_glutamate	95.0	0.194	0.087	20	2.21425298712	0.00227723714178	-45.2579226539
glutathione_glutamate	95.0	0.194	0.087	21	2.21720916435	0.00267151276621	246.614172803
glutathione_glutamate	95.0	0.194	0.087	22	2.23832992615	0.0041877834157	53.6994011091
glutathione_glutamate	95.0	0.194	0.087	23	2.44896152036	0.0313989853029	2.59112720336
glutathione_glutamate	95.0	0.194	0.087	24	2.47132756068	0.0194715940055	121.876103542
glutathione_glutamate	95.0	0.194	0.087	25	2.47333135447	0.00622488482931	96.351363129
glutathione_glutamate	95.0	0.194	0.087	26	2.47343134436	0.0141546532652	178.655284803
glutathione_glutamate	95.0	0.194	0.087	27	2.49587725877	0.00694374705819	229.807728027
glutathione_glutamate	95.0	0.194	0.087	28	2.50242103727	0.228552917921	223.411003055
glutathione_glutamate	95.0	0.194	0.087	29	2.52108861939	0.245299696868	-45.643930773
glutathione_glutamate	95.0	0.194	0.087	30	2.5248785808	0.211088619618	-24.4199588088
glutathione_glutamate	95.0	0.194	0.087	31	2.52677935881	0.164597844758	-29.4696132147
glutathione_glutamate	95.0	0.194	0.087	32	2.54565724665	0.376910080728	63.7188876335
glutathione_glutamate	95.0	0.194	0.087	33	2.5493546242	0.20310652854	82.3748233919
glutathione_glutamate	95.0	0.194	0.087	34	2.57018364083	0.202243348328	170.153271323
glutathione_glutamate	95.0	0.194	0.087	35	2.57454219773	0.00830149594673	148.487075658
glutathione_glutamate	95.0	0.194	0.087	36	2.5745533193	0.00757201862738	221.23794474
glutathione_glutamate	95.0	0.194	0.087	37	2.5988894104	0.0247447698362	-83.9758755736
glutathione_glutamate	95.0	0.194	0.087	38	2.59963997161	0.013890517533	226.162832349
glutathione_glutamate	95.0	0.194	0.087	39	2.62366452827	0.0225654811132	37.9279171232
glutathione_glutamate	95.0	0.194	0.087	40	3.7478216948	0.226686593404	204.190718475
glutathione_glutamate	95.0	0.194	0.087	41	3.76912758595	0.466259304586	-11.4570797588
glutathione_glutamate	95.0	0.194	0.087	42	3.79047206796	0.22754886262	139.092547567
gpc_N(CH3)3_a	95.0	0.097	0.121	0	3.2100818801	1.3263660073	-6.35568458257
gpc_N(CH3)3_a	95.0	0.097	0.121	1	3.21199956067	0.106646658021	31.277931308
gpc_N(CH3)3_a	95.0	0.097	0.121	2	3.21199956093	0.105049770282	89.4124234389
gpc_N(CH3)3_a	95.0	0.097	0.121	3	3.211999561	0.119454273439	247.894377046
gpc_N(CH3)3_a	95.0	0.097	0.121	4	3.21199956069	0.0976041880073	194.167080947
gpc_N(CH3)3_a	95.0	0.097	0.121	5	3.21199956075	0.0643894505488	-80.5163128369
gpc_N(CH3)3_a	95.0	0.097	0.121	6	3.21391742868	0.0648762191801	59.8343453402
gpc_N(CH3)3_a	95.0	0.097	0.121	7	3.21391782653	0.165867244824	231.781155368
gpc_N(CH3)3_a	95.0	0.097	0.121	8	3.21391770518	0.0478918298797	-62.2990999658
gpc_N(CH3)3_a	95.0	0.097	0.121	9	3.21391805888	0.11851340291	199.1355943
gpc_N(CH3)3_a	95.0	0.097	0.121	10	3.21391763131	0.0573523705439	17.0349255087
gpc_N(CH3)3_b	95.0	0.097	0.121	0	3.21008187989	1.65799773767	-6.35568220076
gpc_N(CH3)3_b	95.0	0.097	0.121	1	3.2119995608	0.467222057791	-8.22175720924
gpc_N(CH3)3_b	95.0	0.097	0.121	2	3.21199956072	0.0789329956395	67.9704379799
gpc_N(CH3)3_b	95.0	0.097	0.121	3	3.211999561	0.271022868684	10.1881655125
gpc_N(CH3)3_b	95.0	0.097	0.121	4	3.21199956077	0.0637267460322	217.357208538
gpc_N(CH3)3_b	95.0	0.097	0.121	5	3.21199956081	0.0625678016379	209.767458022
gpc_N(CH3)3_b	95.0	0.097	0.121	6	3.21199956104	0.311340912725	-11.8606751406
gpc_N(CH3)3_b	95.0	0.097	0.121	7	3.21199956081	0.0214786535795	133.939450906
gpc_N(CH3)3_b	95.0	0.097	0.121	8	3.21199956116	0.00273849164619	-77.2690114012
gpc_N(CH3)3_b	95.0	0.097	0.121	9	3.21391754042	0.151408528197	48.5270632099
gpc_N(CH3)3_b	95.0	0.097	0.121	10	3.21391778475	0.741293797808	-7.88682864703
gpc_N(CH3)3_b	95.0	0.097	0.121	11	3.2139178803	0.0567062145929	165.013226996
gpc_N(CH3)3_b	95.0	0.097	0.121	12	3.21391793911	0.520544163606	-7.92186856749
gpc_N(CH3)3_b	95.0	0.097	0.121	13	3.2139181199	0.00164965153689	-84.4516105039
gpc_glycerol	95.0	0.097	0.087	0	3.53712165309	0.00155170768888	-84.449344646
gpc_glycerol	95.0	0.097	0.087	1	3.54410022421	0.00159786256139	217.466044191
gpc_glycerol	95.0	0.097	0.087	2	3.54638811193	0.00105862093856	123.596923304
gpc_glycerol	95.0	0.097	0.087	3	3.54917396702	0.00390853516392	242.221323224
gpc_glycerol	95.0	0.097	0.087	4	3.56197491731	0.0347990964906	202.174243023
gpc_glycerol	95.0	0.097	0.087	5	3.56192788218	0.0127300625476	59.3889731866
gpc_glycerol	95.0	0.097	0.087	6	3.56200822476	0.0134512187899	-47.4447896815
gpc_glycerol	95.0	0.097	0.087	7	3.56501351891	0.0224809820128	190.330963058
gpc_glycerol	95.0	0.097	0.087	8	3.5698110646	0.00667685081784	210.120901954
gpc_glycerol	95.0	0.097	0.087	9	3.57049486335	0.00902096280334	99.9242985002
gpc_glycerol	95.0	0.097	0.087	10	3.57306467691	0.014571444451	97.0062032316
gpc_glycerol	95.0	0.097	0.087	11	3.57849802279	0.017331496904	140.197748246
gpc_glycerol	95.0	0.097	0.087	12	3.58107823257	0.00244867462944	206.669196522
gpc_glycerol	95.0	0.097	0.087	13	3.58122879531	0.0364395125651	68.9615852671
gpc_glycerol	95.0	0.097	0.087	14	3.58128351126	0.0107963510182	-85.43914414
gpc_glycerol	95.0	0.097	0.087	15	3.59437057014	0.0112249053051	18.0988204886
gpc_glycerol	95.0	0.097	0.087	16	3.59538450944	0.0116921931733	86.6910870035
gpc_glycerol	95.0	0.097	0.087	17	3.59678339401	0.00325929028216	256.370888337
gpc_glycerol	95.0	0.097	0.087	18	3.59935492928	0.00363843873094	-89.9430220112
gpc_glycerol	95.0	0.097	0.087	19	3.60600984182	0.00185979565043	20.9406105182
gpc_glycerol	95.0	0.097	0.087	20	3.6116608234	0.100216096936	51.2968766521
gpc_glycerol	95.0	0.097	0.087	21	3.61351022951	0.0134547495195	126.98627046
gpc_glycerol	95.0	0.097	0.087	22	3.61684359797	0.0336959227507	-36.9865488103
gpc_glycerol	95.0	0.097	0.087	23	3.61775389846	0.0277805181091	18.5601608086
gpc_glycerol	95.0	0.097	0.087	24	3.61942412374	0.00258001090889	165.775928818
gpc_glycerol	95.0	0.097	0.087	25	3.62541486874	0.0676041009958	-55.0768278134
gpc_glycerol	95.0	0.097	0.087	26	3.62910816806	0.00751962717269	70.7941657942
gpc_glycerol	95.0	0.097	0.087	27	3.63059310297	0.0639400309157	-45.7151863741
gpc_glycerol	95.0	0.097	0.087	28	3.63098156124	0.0360620084064	244.918348413
gpc_glycerol	95.0	0.097	0.087	29	3.63312277017	0.00604669843558	112.372469222
gpc_glycerol	95.0	0.097	0.087	30	3.64745919003	0.0239293297505	217.413383082
gpc_glycerol	95.0	0.097	0.087	31	3.64746903531	0.0380895893025	95.5377703418
gpc_glycerol	95.0	0.097	0.087	32	3.64752007728	0.0560514473927	17.4978788586
gpc_glycerol	95.0	0.097	0.087	33	3.64977836096	0.0350070671258	89.2939432051
gpc_glycerol	95.0	0.097	0.087	34	3.65303739627	0.0157976012188	-80.1867910408
gpc_glycerol	95.0	0.097	0.087	35	3.6535081215	0.0205014686501	-24.3908918562
gpc_glycerol	95.0	0.097	0.087	36	3.6568299803	0.0236222961215	-30.4765981514
gpc_glycerol	95.0	0.097	0.087	37	3.65713142765	0.0119518586111	206.092186336
gpc_glycerol	95.0	0.097	0.087	38	3.65964296259	0.00379719943521	240.722076883
gpc_glycerol	95.0	0.097	0.087	39	3.6607185351	0.0267140370653	14.5292165767
gpc_glycerol	95.0	0.097	0.087	40	3.66262349048	0.00942525590745	232.901861941
gpc_glycerol	95.0	0.097	0.087	41	3.66274797825	0.0643009969841	-57.0841444914
gpc_glycerol	95.0	0.097	0.087	42	3.6627970794	0.0240226145626	131.883787637
gpc_glycerol	95.0	0.097	0.087	43	3.6758071991	0.000919760509011	107.57317997
gpc_glycerol	95.0	0.097	0.087	44	3.67721533164	0.00848082262747	249.802859409
gpc_glycerol	95.0	0.097	0.087	45	3.67781424085	0.00472645814106	48.2741810986
gpc_glycerol	95.0	0.097	0.087	46	3.67950688337	0.00508715725659	-51.2036471817
gpc_glycerol	95.0	0.097	0.087	47	3.68000972569	0.00164696966392	84.9699084066
gpc_glycerol	95.0	0.097	0.087	48	3.68128719493	0.00540524394735	177.297702975
gpc_glycerol	95.0	0.097	0.087	49	3.69071041699	0.00283262374192	237.282597023
gpc_glycerol	95.0	0.097	0.087	50	3.69735788331	0.0375096631429	-48.5821222566
gpc_glycerol	95.0	0.097	0.087	51	3.69720440499	0.0274182500255	254.071815799
gpc_glycerol	95.0	0.097	0.087	52	3.70088013604	0.0313106448553	184.838144465
gpc_glycerol	95.0	0.097	0.087	53	3.70245447363	0.0132462036094	263.576962073
gpc_glycerol	95.0	0.097	0.087	54	3.70744927384	0.0129723037836	191.201120455
gpc_glycerol	95.0	0.097	0.087	55	3.70913721753	0.0146884300061	144.224431265
gpc_glycerol	95.0	0.097	0.087	56	3.71139423424	0.000812867699642	-56.2201020683
gpc_glycerol	95.0	0.097	0.087	57	3.71240212775	0.0291584598121	103.512304638
gpc_glycerol	95.0	0.097	0.087	58	3.71232031878	0.0131753369485	199.851107296
gpc_glycerol	95.0	0.097	0.087	59	3.71249515818	0.00506027384244	40.9005193936
gpc_glycerol	95.0	0.097	0.087	60	3.73014455237	0.00481782335522	81.4942293937
gpc_glycerol	95.0	0.097	0.087	61	3.79209022585	0.00141861998684	19.1700074025
gpc_glycerol	95.0	0.097	0.087	62	3.80401456621	0.00786394717325	-28.3043434541
gpc_glycerol	95.0	0.097	0.087	63	3.80662121999	0.0104761518086	-16.5185385395
gpc_glycerol	95.0	0.097	0.087	64	3.81155354505	0.00155240980542	198.924468825
gpc_glycerol	95.0	0.097	0.087	65	3.81246118215	0.0182285571799	-79.7167283788
gpc_glycerol	95.0	0.097	0.087	66	3.8219021502	0.0154076405983	126.998579979
gpc_glycerol	95.0	0.097	0.087	67	3.8236775389	0.00119842333605	236.973951237
gpc_glycerol	95.0	0.097	0.087	68	3.82533546253	0.0110973629882	11.4498628127
gpc_glycerol	95.0	0.097	0.087	69	3.826891376	0.0123496581072	16.0209367132
gpc_glycerol	95.0	0.097	0.087	70	3.83616839228	0.00620848587871	-39.8702094924
gpc_glycerol	95.0	0.097	0.087	71	3.83737268802	0.0902643541531	87.7631660107
gpc_glycerol	95.0	0.097	0.087	72	3.83743717544	0.0874493487983	68.5693948664
gpc_glycerol	95.0	0.097	0.087	73	3.84026356605	0.00908293484233	83.7298360413
gpc_glycerol	95.0	0.097	0.087	74	3.84198499918	0.00712599127735	-38.4342653345
gpc_glycerol	95.0	0.097	0.087	75	3.84532177124	0.0057607588581	162.021134466
gpc_glycerol	95.0	0.097	0.087	76	3.85739784387	0.0050509981341	13.0374676674
gpc_glycerol	95.0	0.097	0.087	77	3.8575521831	0.0219749288369	187.166909685
gpc_glycerol	95.0	0.097	0.087	78	3.86301587226	0.0158770679737	71.6335263497
gpc_glycerol	95.0	0.097	0.087	79	3.86564566732	0.0171094730825	150.666950366
gpc_glycerol	95.0	0.097	0.087	80	3.87301474667	0.0542749033214	-54.165528099
gpc_glycerol	95.0	0.097	0.087	81	3.87463710204	0.0200908915721	-58.0488528739
gpc_glycerol	95.0	0.097	0.087	82	3.87711040454	0.00173721963639	-79.7014289072
gpc_glycerol	95.0	0.097	0.087	83	3.88014930752	0.0653600658242	-24.2540476222
gpc_glycerol	95.0	0.097	0.087	84	3.88053700844	0.00812346760253	203.826146513
gpc_glycerol	95.0	0.097	0.087	85	3.88267873654	0.00596481180776	158.024036346
gpc_glycerol	95.0	0.097	0.087	86	3.88504855277	0.0359294713131	108.766176303
gpc_glycerol	95.0	0.097	0.087	87	3.88542453394	0.0037005875747	179.334810526
gpc_glycerol	95.0	0.097	0.087	88	3.89008734653	0.035143390765	266.173597647
gpc_glycerol	95.0	0.097	0.087	89	3.89034115273	0.0491506652213	-88.3620122451
gpc_glycerol	95.0	0.097	0.087	90	3.89069404916	0.00850204627736	5.87192692566
gpc_glycerol	95.0	0.097	0.087	91	3.89253276981	0.0022078490811	122.077964922
gpc_glycerol	95.0	0.097	0.087	92	3.89356312014	0.0303507270682	249.0200145
gpc_glycerol	95.0	0.097	0.087	93	3.89490409603	0.0451896487612	-12.6203134407
gpc_glycerol	95.0	0.097	0.087	94	3.89546617716	0.00619930442334	-78.040630881
gpc_glycerol	95.0	0.097	0.087	95	3.89821850678	0.0136573559024	231.489456401
gpc_glycerol	95.0	0.097	0.087	96	3.89998870258	0.0447471890071	-80.4801920788
gpc_glycerol	95.0	0.097	0.087	97	3.90015599439	0.0419901696095	-0.518873871948
gpc_glycerol	95.0	0.097	0.087	98	3.90038953833	0.0595287045783	117.532273238
gpc_glycerol	95.0	0.097	0.087	99	3.90234373639	0.0190405260174	-75.214360778
gpc_glycerol	95.0	0.097	0.087	100	3.90240667232	0.0436074103052	70.2895837167
gpc_glycerol	95.0	0.097	0.087	101	3.90426544044	0.0153813332193	181.616171523
gpc_glycerol	95.0	0.097	0.087	102	3.90413724061	0.0475819562452	-1.71539537624
gpc_glycerol	95.0	0.097	0.087	103	3.90665754566	0.0351274500274	238.73352409
gpc_glycerol	95.0	0.097	0.087	104	3.90801031229	0.0161352832547	29.5602394457
gpc_glycerol	95.0	0.097	0.087	105	3.90965106595	0.0102286584641	162.149789119
gpc_glycerol	95.0	0.097	0.087	106	3.91105194497	0.00683637651286	224.007292213
gpc_glycerol	95.0	0.097	0.087	107	3.91221973518	0.0395711293879	74.3771487995
gpc_glycerol	95.0	0.097	0.087	108	3.91453539416	0.0374025064809	33.1558911123
gpc_glycerol	95.0	0.097	0.087	109	3.91603695335	0.00905460989965	150.514743242
gpc_glycerol	95.0	0.097	0.087	110	3.91668853709	0.00711384714992	3.87076219183
gpc_glycerol	95.0	0.097	0.087	111	3.91926491916	0.0347260771472	228.809033902
gpc_glycerol	95.0	0.097	0.087	112	3.92030429792	0.0621759955188	-3.54623625627
gpc_glycerol	95.0	0.097	0.087	113	3.92362132966	0.0651000793625	31.3998146396
gpc_glycerol	95.0	0.097	0.087	114	3.92339013962	0.0263487119738	140.592088192
gpc_glycerol	95.0	0.097	0.087	115	3.92527810152	0.0103346975617	109.455158597
gpc_glycerol	95.0	0.097	0.087	116	3.92702354205	0.00730987634668	249.184680095
gpc_glycerol	95.0	0.097	0.087	117	3.93018278932	0.0124247326444	235.13375606
gpc_glycerol	95.0	0.097	0.087	118	3.93180972127	0.0595367532726	21.2896839973
gpc_glycerol	95.0	0.097	0.087	119	3.93409129689	0.0166270838232	247.659459275
gpc_glycerol	95.0	0.097	0.087	120	3.94366086651	0.00813676948801	123.838457365
gpc_glycerol	95.0	0.097	0.087	121	3.94432926832	0.00584824099242	16.3339334704
gpc_glycerol	95.0	0.097	0.087	122	3.94594586238	0.0116791592769	119.09802721
gpc_glycerol	95.0	0.097	0.087	123	3.94772747455	0.00236359139545	202.57540027
gpc_glycerol	95.0	0.097	0.087	124	3.94950485951	0.0185748562855	103.804475817
gpc_glycerol	95.0	0.097	0.087	125	3.95034989145	0.0132609653322	42.9703781381
gpc_glycerol	95.0	0.097	0.087	126	3.95350400826	0.012053208608	175.6072392
gpc_glycerol	95.0	0.097	0.087	127	3.95753847857	0.00283999670387	20.8556129672
gpc_glycerol	95.0	0.097	0.087	128	3.96070886501	0.0578896001171	-85.7210330796
gpc_glycerol	95.0	0.097	0.087	129	3.96077117058	0.0670259153486	247.749690952
gpc_glycerol	95.0	0.097	0.087	130	3.96555307488	0.0122253606105	42.9889763526
gpc_glycerol	95.0	0.097	0.087	131	3.9712001445	0.0300166398149	-5.17557313484
gpc_glycerol	95.0	0.097	0.087	132	3.97218450993	0.00463799527484	169.772339161
gpc_glycerol	95.0	0.097	0.087	133	3.9734376796	0.0143599987615	230.234031268
gpc_glycerol	95.0	0.097	0.087	134	3.98089816727	0.00340068845892	-39.7872323139
gpc_glycerol	95.0	0.097	0.087	135	3.98093748923	0.0123972992565	245.991186542
gpc_glycerol	95.0	0.097	0.087	136	3.98096792734	0.0110176266676	21.4745132813
gpc_glycerol	95.0	0.097	0.087	137	3.9810178318	0.0129398213444	193.163824209
gpc_glycerol	95.0	0.097	0.087	138	3.98313880554	0.0105010866801	85.8674613722
gpc_glycerol	95.0	0.097	0.087	139	3.98536453393	0.0064257649049	1.65197899997
gpc_glycerol	95.0	0.097	0.087	140	3.98842450408	0.0108763172073	59.8122418652
gpc_glycerol	95.0	0.097	0.087	141	3.99085659676	0.0101861210067	264.639682753
gpc_glycerol	95.0	0.097	0.087	142	3.99829034924	0.00438290288699	26.9450071749
gpc_glycerol	95.0	0.097	0.087	143	4.00146745403	0.00405349993434	13.6507667788
gpc_glycerol	95.0	0.097	0.087	144	4.00269944645	0.00414467405269	112.777566415
gpc_glycerol	95.0	0.097	0.087	145	4.0065617582	0.00236385672466	149.983579249
gpc_glycerol	95.0	0.097	0.087	146	4.00824283197	0.00566628021303	2.73514359275
gpc_glycerol	95.0	0.097	0.087	147	4.0148140493	0.0016145684937	-18.1034999589
gpc_glycerol	95.0	0.097	0.087	148	4.01782892618	0.00195733541072	35.4258413337
gpc_7-CH2_8-CH2	95.0	0.097	0.087	0	3.59557808424	0.000786501097562	101.802368627
gpc_7-CH2_8-CH2	95.0	0.097	0.087	1	3.64367777519	0.443524062734	150.866339617
gpc_7-CH2_8-CH2	95.0	0.097	0.087	2	3.64368355239	0.0255973613938	33.2488901581
gpc_7-CH2_8-CH2	95.0	0.097	0.087	3	3.65425523214	0.220088948149	43.9340758359
gpc_7-CH2_8-CH2	95.0	0.097	0.087	4	3.65425836579	0.0105805127968	220.097500411
gpc_7-CH2_8-CH2	95.0	0.097	0.087	5	3.65868519722	0.30715954392	-4.52558204668
gpc_7-CH2_8-CH2	95.0	0.097	0.087	6	3.65878195288	0.24894465703	-7.42467536319
gpc_7-CH2_8-CH2	95.0	0.097	0.087	7	3.65901798398	0.0061176691741	131.054241848
gpc_7-CH2_8-CH2	95.0	0.097	0.087	8	3.66367661512	0.204797541968	-61.3836205736
gpc_7-CH2_8-CH2	95.0	0.097	0.087	9	3.6636737941	0.0181729952584	69.0259538995
gpc_7-CH2_8-CH2	95.0	0.097	0.087	10	3.6636796249	0.0152232299434	162.187707691
gpc_7-CH2_8-CH2	95.0	0.097	0.087	11	3.67395852353	0.441831520524	188.02872374
gpc_7-CH2_8-CH2	95.0	0.097	0.087	12	3.67379101706	0.0120174334134	103.687671578
gpc_7-CH2_8-CH2	95.0	0.097	0.087	13	3.6740962265	0.00619464304989	23.4379824985
gpc_7-CH2_8-CH2	95.0	0.097	0.087	14	3.72172131336	0.000843177839064	225.625065832
gpc_7-CH2_8-CH2	95.0	0.097	0.087	15	4.27791132398	0.0906525999927	156.702495486
gpc_7-CH2_8-CH2	95.0	0.097	0.087	16	4.28688561879	0.0899389488633	158.059171678
gpc_7-CH2_8-CH2	95.0	0.097	0.087	17	4.28818766407	0.0413122626051	47.1119272734
gpc_7-CH2_8-CH2	95.0	0.097	0.087	18	4.29317273722	0.0672426942364	-7.53577756451
gpc_7-CH2_8-CH2	95.0	0.097	0.087	19	4.29587174764	0.0891428631581	159.158432995
gpc_7-CH2_8-CH2	95.0	0.097	0.087	20	4.29738210408	0.050267438538	42.0742445122
gpc_7-CH2_8-CH2	95.0	0.097	0.087	21	4.29773160967	0.0570272008673	-62.2269244453
gpc_7-CH2_8-CH2	95.0	0.097	0.087	22	4.30215011936	0.0636464875639	-7.96869328135
gpc_7-CH2_8-CH2	95.0	0.097	0.087	23	4.30615438911	0.0410082401676	48.816694343
gpc_7-CH2_8-CH2	95.0	0.097	0.087	24	4.30658673879	0.0416421925602	-56.4012287857
gpc_7-CH2_8-CH2	95.0	0.097	0.087	25	4.30770158194	0.179250594861	178.706446788
gpc_7-CH2_8-CH2	95.0	0.097	0.087	26	4.30847592693	0.00508730259524	100.785282594
gpc_7-CH2_8-CH2	95.0	0.097	0.087	27	4.31114206479	0.060665355901	-8.3210646201
gpc_7-CH2_8-CH2	95.0	0.097	0.087	28	4.31313171859	0.0167857472798	156.526921254
gpc_7-CH2_8-CH2	95.0	0.097	0.087	29	4.31387413118	0.0116498410806	26.3285156161
gpc_7-CH2_8-CH2	95.0	0.097	0.087	30	4.31557564822	0.0417569864003	-56.8380619194
gpc_7-CH2_8-CH2	95.0	0.097	0.087	31	4.31670652575	0.180840139274	176.350604767
gpc_7-CH2_8-CH2	95.0	0.097	0.087	32	4.3174537663	0.0408969233414	49.5074913049
gpc_7-CH2_8-CH2	95.0	0.097	0.087	33	4.31789720277	0.0112401814974	-26.1711842327
gpc_7-CH2_8-CH2	95.0	0.097	0.087	34	4.32244875445	0.0579409963177	-8.56713489032
gpc_7-CH2_8-CH2	95.0	0.097	0.087	35	4.32615338315	0.088470178715	195.725525148
gpc_7-CH2_8-CH2	95.0	0.097	0.087	36	4.32644270594	0.0408557859392	49.8168222215
gpc_7-CH2_8-CH2	95.0	0.097	0.087	37	4.32687501785	0.0418506996821	-57.1020988246
gpc_7-CH2_8-CH2	95.0	0.097	0.087	38	4.32849361207	0.0302685330173	118.888124337
gpc_7-CH2_8-CH2	95.0	0.097	0.087	39	4.33144638111	0.0566663203671	-8.52736684718
gpc_7-CH2_8-CH2	95.0	0.097	0.087	40	4.33586397748	0.041885524637	-57.0879246726
gpc_7-CH2_8-CH2	95.0	0.097	0.087	41	4.33744764159	0.0903014358296	195.829984413
gpc_7-CH2_8-CH2	95.0	0.097	0.087	42	4.34643330913	0.0913497715227	196.19935245
naa_aspartate	95.0	1.0	0.069	0	2.42994709835	0.276533654014	96.8558246323
naa_aspartate	95.0	1.0	0.069	1	2.46264923676	0.14268046629	143.419022251
naa_aspartate	95.0	1.0	0.069	2	2.48240722506	0.0784293438155	232.061612295
naa_aspartate	95.0	1.0	0.069	3	2.51510951649	0.305972453224	-60.7528019411
naa_aspartate	95.0	1.0	0.069	4	2.63340732088	0.0767730049182	22.5817318573
naa_aspartate	95.0	1.0	0.069	5	2.64673837786	0.32650564661	223.29476419
naa_aspartate	95.0	1.0	0.069	6	2.68586757115	0.281748148502	165.406779238
naa_aspartate	95.0	1.0	0.069	7	2.6991986108	0.147695255337	24.3978365676
naa_aspartate	95.0	1.0	0.069	8	4.33805226897	0.106424783035	-28.5038478193
naa_aspartate	95.0	1.0	0.069	9	4.3513830937	0.0778396860994	182.688806434
naa_aspartate	95.0	1.0	0.069	10	4.35958461114	0.115250956907	123.741070728
naa_aspartate	95.0	1.0	0.069	11	4.3707545707	0.0948953790665	9.91081884505
naa_aspartate	95.0	1.0	0.069	12	4.37291590033	0.0809492467302	-28.4400404074
naa_aspartate	95.0	1.0	0.069	13	4.38408539298	0.115899024275	228.846974928
naa_aspartate	95.0	1.0	0.069	14	4.39228650928	0.0773434537249	166.471015783
naa_aspartate	95.0	1.0	0.069	15	4.40561779602	0.111103420122	29.2389065695
myoinositol	95.0	0.578	0.087	0	3.14830362726	0.00108658189414	-18.0990517169
myoinositol	95.0	0.578	0.087	1	3.15736967482	0.000860125919898	-59.8784246595
myoinositol	95.0	0.578	0.087	2	3.17865875453	0.000866155304972	36.5542981504
myoinositol	95.0	0.578	0.087	3	3.18741798899	0.00233032478762	57.1506278414
myoinositol	95.0	0.578	0.087	4	3.18772796561	0.00135119112068	5.04505482256
myoinositol	95.0	0.578	0.087	5	3.18939356493	0.00124398536194	1.87863091262
myoinositol	95.0	0.578	0.087	6	3.23595925798	0.0800647544827	-14.0562828412
myoinositol	95.0	0.578	0.087	7	3.236962391	0.0299528632116	45.9599906683
myoinositol	95.0	0.578	0.087	8	3.26501462538	0.043441444931	240.37044071
myoinositol	95.0	0.578	0.087	9	3.26710946734	0.0134011478196	97.4934202643
myoinositol	95.0	0.578	0.087	10	3.26752339078	0.125919854559	-28.2572118736
myoinositol	95.0	0.578	0.087	11	3.26745869991	0.00376808127676	181.635119733
myoinositol	95.0	0.578	0.087	12	3.2678947889	0.00717613311877	241.403940407
myoinositol	95.0	0.578	0.087	13	3.26981074605	0.0129566578337	175.194926172
myoinositol	95.0	0.578	0.087	14	3.26999263665	0.00671892056359	-78.46821392
myoinositol	95.0	0.578	0.087	15	3.29798721892	0.127266965817	89.3430417151
myoinositol	95.0	0.578	0.087	16	3.29944040042	0.0996581228691	25.7697542156
myoinositol	95.0	0.578	0.087	17	3.30110558345	0.00165961706884	112.474706737
myoinositol	95.0	0.578	0.087	18	3.34544819022	0.00128022870922	28.8237357054
myoinositol	95.0	0.578	0.087	19	3.34727025946	0.00175246020671	24.0565271352
myoinositol	95.0	0.578	0.087	20	3.35642634758	0.00181083881567	-11.8486242907
myoinositol	95.0	0.578	0.087	21	3.37807451283	0.00730057716843	50.5453185233
myoinositol	95.0	0.578	0.087	22	3.38692235571	0.00173713735033	12.8437029202
myoinositol	95.0	0.578	0.087	23	3.38843798204	0.00182597739171	4.69984085412
myoinositol	95.0	0.578	0.087	24	3.4965835273	0.214363700378	181.211162172
myoinositol	95.0	0.578	0.087	25	3.49748631154	0.156013031318	7.05767518008
myoinositol	95.0	0.578	0.087	26	3.50607774027	0.185013462747	105.665266182
myoinositol	95.0	0.578	0.087	27	3.5072058141	0.162491219434	-8.23883178806
myoinositol	95.0	0.578	0.087	28	3.53065243949	0.482473884831	210.445725754
myoinositol	95.0	0.578	0.087	29	3.54009651383	0.507909265899	124.346681828
myoinositol	95.0	0.578	0.087	30	3.54164509713	0.0325976297038	124.627726121
myoinositol	95.0	0.578	0.087	31	3.58595612843	0.610162761128	-27.2198597412
myoinositol	95.0	0.578	0.087	32	3.61683329761	0.404383857305	-6.45037651364
myoinositol	95.0	0.578	0.087	33	3.61945822446	0.432919885733	5.50339015156
myoinositol	95.0	0.578	0.087	34	3.65023976492	0.206045924645	229.04699101
myoinositol	95.0	0.578	0.087	35	3.65046845813	0.166834118638	159.181312315
myoinositol	95.0	0.578	0.087	36	4.04425368334	0.20719760729	71.8970598533
myoinositol	95.0	0.578	0.087	37	4.04441660481	0.0184871078786	-10.5921106219
myoinositol	95.0	0.578	0.087	38	4.05386489898	0.404337601061	-2.09784362641
myoinositol	95.0	0.578	0.087	39	4.05415112026	0.231529297138	-23.0728668195
myoinositol	95.0	0.578	0.087	40	4.06340716927	0.113180017208	-74.1374935408
myoinositol	95.0	0.578	0.087	41	4.06352881373	0.081435328472	-49.8798476335
myoinositol	95.0	0.578	0.087	42	4.06369081632	0.0990412273885	265.099796198
lactate	95.0	0.039	0.087	0	1.30248226661	0.239997802029	190.618590479
lactate	95.0	0.039	0.087	1	1.32581457627	0.916596449735	178.282672125
lactate	95.0	0.039	0.087	2	4.06255628652	0.0998420821613	-29.1987713551
lactate	95.0	0.039	0.087	3	4.08584103498	0.286346825412	106.623977943
lactate	95.0	0.039	0.087	4	4.10918132871	0.300428627463	236.445791327
lactate	95.0	0.039	0.087	5	4.13253700483	0.0951376450768	19.3311244201
naa_acetyl	95.0	1.0	0.13	0	2.008	1.80563275927	38.2036460899
naag_glutamate	95.0	0.16	0.087	0	1.871	0.55527343522	57.7624759776
naag_glutamate	95.0	0.16	0.087	1	2.039	0.629462382133	36.3479474664
naag_glutamate	95.0	0.16	0.087	2	2.17	0.734720813814	33.2450231632
naag_glutamate	95.0	0.16	0.087	3	2.18	0.752995774235	31.0694796454
naag_glutamate	95.0	0.16	0.087	4	4.118	0.994607397549	-6.13002143394
naag_aspartyl	95.0	0.16	0.087	0	2.46274169543	0.278133902869	91.0671928794
naag_aspartyl	95.0	0.16	0.087	1	2.49450147826	0.155438291539	138.947973185
naag_aspartyl	95.0	0.16	0.087	2	2.51627255614	0.0945417954891	180.602350941
naag_aspartyl	95.0	0.16	0.087	3	2.54803233898	0.345062593591	-66.556033761
naag_aspartyl	95.0	0.16	0.087	4	2.68014621287	0.131980812384	62.2830504594
naag_aspartyl	95.0	0.16	0.087	5	2.69524501619	0.309265949288	217.33092454
naag_aspartyl	95.0	0.16	0.087	6	2.73367707359	0.275139916195	174.258799894
naag_aspartyl	95.0	0.16	0.087	7	2.7487758769	0.140260938706	16.2670515047
naag_aspartyl	95.0	0.16	0.087	8	4.57372264483	0.263586277569	238.120146778
naag_aspartyl	95.0	0.16	0.087	9	4.58882144815	0.19076107943	57.5183584747
naag_aspartyl	95.0	0.16	0.087	10	4.60548242767	0.134635966492	-69.4793737255
naag_aspartyl	95.0	0.16	0.087	11	4.62058123099	0.249046290927	126.741931932
naag_acetyl	95.0	0.16	0.13	0	2.032	1.87085672906	36.2957272165
pcho_N(CH3)3_a	95.0	0.058	0.121	0	3.2060818805	1.32593743571	-6.2822898679
pcho_N(CH3)3_a	95.0	0.058	0.121	1	3.20799956091	0.0597737211425	-57.4556218853
pcho_N(CH3)3_a	95.0	0.058	0.121	2	3.20799956122	0.116245699678	257.4090685
pcho_N(CH3)3_a	95.0	0.058	0.121	3	3.20799956095	0.0846184729626	194.93382443
pcho_N(CH3)3_a	95.0	0.058	0.121	4	3.20799956109	0.0978303392388	59.580043225
pcho_N(CH3)3_a	95.0	0.058	0.121	5	3.20799956117	0.0623364852129	83.0214681297
pcho_N(CH3)3_a	95.0	0.058	0.121	6	3.20991777801	0.201349293059	225.63581332
pcho_N(CH3)3_a	95.0	0.058	0.121	7	3.20991767232	0.0532598234204	-71.3318795841
pcho_N(CH3)3_a	95.0	0.058	0.121	8	3.20991759412	0.0842675800888	31.681647575
pcho_N(CH3)3_a	95.0	0.058	0.121	9	3.20991799989	0.124963684948	203.030418907
pcho_N(CH3)3_a	95.0	0.058	0.121	10	3.20991829721	0.0563442125794	188.604682285
pcho_X	95.0	0.058	0.087	0	3.54205005565	0.00157558483708	82.4142721117
pcho_X	95.0	0.058	0.087	1	3.62470675403	0.440651759352	160.963788079
pcho_X	95.0	0.058	0.087	2	3.62486445768	0.0154281527503	223.869456114
pcho_X	95.0	0.058	0.087	3	3.63118594082	0.10121057609	92.8879410275
pcho_X	95.0	0.058	0.087	4	3.63354006775	0.116266893094	72.4961163803
pcho_X	95.0	0.058	0.087	5	3.63354360984	0.00346840600199	-2.40280644788
pcho_X	95.0	0.058	0.087	6	3.64066824542	0.335832301147	-3.95747196501
pcho_X	95.0	0.058	0.087	7	3.64134281994	0.0137187138866	264.534729035
pcho_X	95.0	0.058	0.087	8	3.64823199611	0.0691293572981	-87.0391093924
pcho_X	95.0	0.058	0.087	9	3.64823331038	0.0112521485416	205.998770336
pcho_X	95.0	0.058	0.087	10	3.64824412572	0.0443910387299	269.201956604
pcho_X	95.0	0.058	0.087	11	3.65059085588	0.0905691801096	244.393869595
pcho_X	95.0	0.058	0.087	12	3.65059520074	0.00961508086765	155.196945697
pcho_X	95.0	0.058	0.087	13	3.65679028155	0.452447883661	180.652313231
pcho_X	95.0	0.058	0.087	14	3.65664517235	0.000639315062028	52.0350008109
pcho_X	95.0	0.058	0.087	15	4.18372970344	0.00121756581317	28.6635315088
pcho_X	95.0	0.058	0.087	16	4.24498730798	0.0916719879027	163.010727717
pcho_X	95.0	0.058	0.087	17	4.25117623034	0.0182838812349	98.6461141426
pcho_X	95.0	0.058	0.087	18	4.25353002872	0.0235306787764	72.2953277529
pcho_X	95.0	0.058	0.087	19	4.25414734785	0.0911891189419	164.802849684
pcho_X	95.0	0.058	0.087	20	4.26034183364	0.0182505108254	100.789013835
pcho_X	95.0	0.058	0.087	21	4.26042599344	0.0418571875557	-3.44179904282
pcho_X	95.0	0.058	0.087	22	4.26193398259	0.0308397128634	-10.3482381155
pcho_X	95.0	0.058	0.087	23	4.26269565333	0.0231447542019	73.9601740005
pcho_X	95.0	0.058	0.087	24	4.26331980495	0.0903737081836	166.37478838
pcho_X	95.0	0.058	0.087	25	4.26596979985	0.0162491153205	44.3792209549
pcho_X	95.0	0.058	0.087	26	4.26622459071	0.0319708245084	159.915709584
pcho_X	95.0	0.058	0.087	27	4.2682295992	0.0231308084586	-83.4202208585
pcho_X	95.0	0.058	0.087	28	4.26951916315	0.0182278962655	102.66662976
pcho_X	95.0	0.058	0.087	29	4.27022158751	0.0680888094965	-6.99504483718
pcho_X	95.0	0.058	0.087	30	4.27058339758	0.0178673412222	253.249844489
pcho_X	95.0	0.058	0.087	31	4.27187302922	0.0227894135286	75.5390329943
pcho_X	95.0	0.058	0.087	32	4.27228196813	0.00268860628102	206.745248245
pcho_X	95.0	0.058	0.087	33	4.27517035164	0.101634522624	171.857583744
pcho_X	95.0	0.058	0.087	34	4.27706821875	0.0801127596596	188.602647696
pcho_X	95.0	0.058	0.087	35	4.27739365253	0.0231479530139	-84.8926272564
pcho_X	95.0	0.058	0.087	36	4.27939669369	0.0638790911505	-7.67031956347
pcho_X	95.0	0.058	0.087	37	4.27974747222	0.0182126377286	251.372076504
pcho_X	95.0	0.058	0.087	38	4.28144755342	0.0182030835425	104.61207381
pcho_X	95.0	0.058	0.087	39	4.28152751838	0.0152325444728	-74.6255439181
pcho_X	95.0	0.058	0.087	40	4.28302246773	0.0112930370619	212.697370242
pcho_X	95.0	0.058	0.087	41	4.28380142513	0.0224247761608	77.3667816825
pcho_X	95.0	0.058	0.087	42	4.28441940717	0.088245498306	168.992584187
pcho_X	95.0	0.058	0.087	43	4.28622754855	0.083254921915	187.336799873
pcho_X	95.0	0.058	0.087	44	4.28656905173	0.0231500428983	-86.0333359317
pcho_X	95.0	0.058	0.087	45	4.28892291781	0.0185155896157	249.839784754
pcho_X	95.0	0.058	0.087	46	4.28933355904	0.000564206329697	160.765357052
pcho_X	95.0	0.058	0.087	47	4.29062489313	0.0182009337964	105.639396156
pcho_X	95.0	0.058	0.087	48	4.29133479768	0.0593474093173	-8.57026464659
pcho_X	95.0	0.058	0.087	49	4.29168741111	0.0066668318112	239.256181598
pcho_X	95.0	0.058	0.087	50	4.29297881002	0.0222153779187	78.5037004858
pcho_X	95.0	0.058	0.087	51	4.29539927557	0.0859625320732	186.558457459
pcho_X	95.0	0.058	0.087	52	4.29800588064	0.00355524482448	177.314962491
pcho_X	95.0	0.058	0.087	53	4.29832482014	0.0248073653789	45.5539358592
pcho_X	95.0	0.058	0.087	54	4.29849781429	0.0231536150539	-86.9808028807
pcho_X	95.0	0.058	0.087	55	4.30052755768	0.0567618998432	-9.18845847447
pcho_X	95.0	0.058	0.087	56	4.300851686	0.018813076799	248.400868343
pcho_X	95.0	0.058	0.087	57	4.30732252134	0.0887567480998	186.19486556
pcho_X	95.0	0.058	0.087	58	4.30767344445	0.0231373483618	-87.273624697
pcho_X	95.0	0.058	0.087	59	4.31002736134	0.0189775800304	247.756439809
pcho_X	95.0	0.058	0.087	60	4.3164956366	0.090344874634	186.336321776
pcho_X	95.0	0.058	0.087	61	4.38082028267	0.00064727902282	132.793153731
pcr_X	95.0	0.422	0.081	0	3.93	1.99039985283	-7.86570872429
pcr_N(CH3)	95.0	0.422	0.09	0	3.029	2.98731541214	-2.04526483496
pcho_N(CH3)3_b	95.0	0.058	0.121	0	3.20608188019	1.65737625918	-6.28228674309
pcho_N(CH3)3_b	95.0	0.058	0.121	1	3.20799956102	0.457804383516	-6.28659160625
pcho_N(CH3)3_b	95.0	0.058	0.121	2	3.20799956113	0.038639951641	243.011187965
pcho_N(CH3)3_b	95.0	0.058	0.121	3	3.20799956085	0.0942000403478	82.8702937853
pcho_N(CH3)3_b	95.0	0.058	0.121	4	3.20799956094	0.0626831891715	96.5443931326
pcho_N(CH3)3_b	95.0	0.058	0.121	5	3.2079995611	0.0471425904131	186.303675776
pcho_N(CH3)3_b	95.0	0.058	0.121	6	3.20799956141	0.18433342658	-13.7824058888
pcho_N(CH3)3_b	95.0	0.058	0.121	7	3.20991715367	0.12032237793	67.5847781807
pcho_N(CH3)3_b	95.0	0.058	0.121	8	3.20991778285	0.74604370679	-7.24236861586
pcho_N(CH3)3_b	95.0	0.058	0.121	9	3.20991724193	0.00790768650008	252.249098655
pcho_N(CH3)3_b	95.0	0.058	0.121	10	3.20991798202	0.0404018206689	160.951898833
pcho_N(CH3)3_b	95.0	0.058	0.121	11	3.20991802934	0.0405904285941	153.856117278
peth	95.0	0.126	0.087	0	3.11672856915	0.00107393048624	-47.6830266444
peth	95.0	0.126	0.087	1	3.19890662146	0.425152208903	162.417334514
peth	95.0	0.126	0.087	2	3.19873012631	0.0139433908763	-60.9692248395
peth	95.0	0.126	0.087	3	3.19907176336	0.00565709795514	48.6613606568
peth	95.0	0.126	0.087	4	3.20942359372	0.205357816258	60.1069702407
peth	95.0	0.126	0.087	5	3.2091589816	0.00240420567946	-65.2821850145
peth	95.0	0.126	0.087	6	3.2096625645	0.0127723992931	118.452804978
peth	95.0	0.126	0.087	7	3.21559759378	0.379082908164	-3.70560648061
peth	95.0	0.126	0.087	8	3.21518723131	0.0082084633006	131.189904326
peth	95.0	0.126	0.087	9	3.2160790825	0.0167288184356	261.814515262
peth	95.0	0.126	0.087	10	3.22234590403	0.0189462425017	130.936650774
peth	95.0	0.126	0.087	11	3.22246580835	0.209859814012	-73.1149835817
peth	95.0	0.126	0.087	12	3.23266916106	0.430325344036	182.138487218
peth	95.0	0.126	0.087	13	3.2325290494	0.0169402667962	74.9935874032
peth	95.0	0.126	0.087	14	3.23281524204	0.00204583192568	-75.7548988371
peth	95.0	0.126	0.087	15	3.88827853336	0.00131514365747	34.0821855076
peth	95.0	0.126	0.087	16	3.94596580524	0.0842462569495	165.193321184
peth	95.0	0.126	0.087	17	3.94773528254	0.084480564399	164.925504495
peth	95.0	0.126	0.087	18	3.949505195	0.084712352613	164.667185013
peth	95.0	0.126	0.087	19	3.95616922684	0.0413445528428	60.0786087943
peth	95.0	0.126	0.087	20	3.95793903445	0.0414377618614	59.8991683415
peth	95.0	0.126	0.087	21	3.95970982298	0.0415262073683	59.7190398362
peth	95.0	0.126	0.087	22	3.96345878705	0.10621069791	-11.6911295124
peth	95.0	0.126	0.087	23	3.96611556697	0.11193189694	-10.9321577833
peth	95.0	0.126	0.087	24	3.96921187108	0.0415392078427	-75.0336498055
peth	95.0	0.126	0.087	25	3.9701240973	0.0236831528954	220.748423982
peth	95.0	0.126	0.087	26	3.97098100828	0.0414489148121	-74.8605941659
peth	95.0	0.126	0.087	27	3.97191776296	0.0877489086229	162.437254549
peth	95.0	0.126	0.087	28	3.97274999976	0.0413550518593	-74.6849797177
peth	95.0	0.126	0.087	29	3.97368748827	0.0879807852937	162.345482344
peth	95.0	0.126	0.087	30	3.97972741541	0.0886593997621	183.834934409
peth	95.0	0.126	0.087	31	3.98008497677	0.0170942867583	-57.5505039376
peth	95.0	0.126	0.087	32	3.98060340712	0.00124261012839	241.82856458
peth	95.0	0.126	0.087	33	3.98149659375	0.0881178368505	183.827614499
peth	95.0	0.126	0.087	34	3.9821231045	0.0425430145774	57.9267675345
peth	95.0	0.126	0.087	35	3.98326610926	0.0875544626142	183.816425935
peth	95.0	0.126	0.087	36	3.98389298211	0.0426110458935	57.8259620031
peth	95.0	0.126	0.087	37	3.98674994644	0.0187510944928	39.1976957032
peth	95.0	0.126	0.087	38	3.98762904672	0.0065021397872	120.6664032
peth	95.0	0.126	0.087	39	3.98940467775	0.118209289211	-6.21975896925
peth	95.0	0.126	0.087	40	3.99116383508	0.0421859454483	-16.2385750314
peth	95.0	0.126	0.087	41	3.99314552716	0.00721550246748	-69.7116489375
peth	95.0	0.126	0.087	42	3.99366395751	0.00648467203706	133.866526713
peth	95.0	0.126	0.087	43	3.99516436321	0.0403550279852	-72.7221131366
peth	95.0	0.126	0.087	44	3.9969342808	0.0402894919265	-72.5867214511
peth	95.0	0.126	0.087	45	4.00375726558	0.00302871863468	48.7739823529
peth	95.0	0.126	0.087	46	4.00554106438	0.0874509883825	186.577379851
peth	95.0	0.126	0.087	47	4.00745177611	0.0791433476363	183.380891751
peth	95.0	0.126	0.087	48	4.0861004598	0.000924455632241	158.511564126
scyllo-inositol	95.0	0.044	0.087	0	3.34	5.9785711097	-7.93960219666
taurine	95.0	0.117	0.085	0	3.2209127337	0.217884776691	247.886277222
taurine	95.0	0.117	0.085	1	3.22397870406	0.22216662557	203.140750803
taurine	95.0	0.117	0.085	2	3.24319229388	0.456892736661	3.92352604598
taurine	95.0	0.117	0.085	3	3.24589840944	0.455071153537	-6.88698441164
taurine	95.0	0.117	0.085	4	3.24772584198	0.021870976311	-27.4190916967
taurine	95.0	0.117	0.085	5	3.26532934784	0.274332510891	104.234396312
taurine	95.0	0.117	0.085	6	3.26768692835	0.263258211045	138.282256636
taurine	95.0	0.117	0.085	7	3.39881286344	0.260639967832	207.122463196
taurine	95.0	0.117	0.085	8	3.40117086037	0.272405711113	240.570893266
taurine	95.0	0.117	0.085	9	3.41877394265	0.0217781055918	11.3271411893
taurine	95.0	0.117	0.085	10	3.42060162747	0.453844781861	-9.19359580085
taurine	95.0	0.117	0.085	11	3.4233090073	0.458479373469	-19.8427019278
taurine	95.0	0.117	0.085	12	3.44252147965	0.221926182072	141.157650782
taurine	95.0	0.117	0.085	13	3.4455870826	0.219191163325	95.6977581212
lm1	95.0	1.0	0.945781	L	50.72009	3.550126	-1.138201
lm2	95.0	1.0	1.475781	L	54.12614	2.855701	0.05457026
lm3	95.0	1.0	1.705781	L	68.32043	3.90728	-0.06015777
lm4	95.0	1.0	2.115781	L	96.4358	4.719139	-0.09620739
lm5	95.0	1.0	2.315781	L	69.70896	2.784562	-0.5775946
lm6	95.0	1.0	3.015781	L	42.72932	1.01768	-0.6582785
lm7	95.0	1.0	3.9854041	L	29.64625	1.209407	0.2889715
lm8	95.0	1.0	7.125781	L	274.476	4.046641	0.3027004
lm9	95.0	1.0	7.855781	L	37.37627	1.313574	0.02022181
lm10	95.0	1.0	2.655781	L	121.4557	2.349968	-0.5826102
lm11	95.0	1.0	1.235781	L	30.68139	0.7444791	-1.138201
lm12	95.0	1.0	-0.62824	L	1789.202	21.51878	-3.652967
lm13	95.0	1.0	3.295781	L	109.4958	1.665539	0.1635756
lm14	95.0	1.0	3.705781	L	169.6304	4.873533	-1.354319
