;PINTS for FITMAN Simulation Output
;Experiment Information
;---------------------------------------------------------------------------
;Name: semi-LASER
;Created: 2017_10_30
;Comment: Density-matrix simulations of metabolites using PyGAMMA and metabolite parameters from V. Govindaraju et. al, NMR Biomed. 2000;13:129-153
;PI: bartha-olemew
;b0: 297.2
;49 Metabolites: alanine, aspartate, choline_1-CH2_2-CH2, choline_N(CH3)3_a, choline_N(CH3)3_b, creatine_N(CH3), creatine_X, d-glucose-alpha, d-glucose-beta, gaba, glutamate, glutamine, glutathione_cysteine, glutathione_glutamate, glutathione_glycine, glycine, gpc_7-CH2_8-CH2, gpc_glycerol, gpc_N(CH3)3_a, gpc_N(CH3)3_b, lactate, myoinositol, naa_acetyl, naa_aspartate, naag_acetyl, naag_aspartyl, naag_glutamate, pcho_N(CH3)3_a, pcho_N(CH3)3_b, pcho_X, pcr_N(CH3), pcr_X, peth, scyllo-inositol, taurine, lm1, lm2, lm3, lm4, lm5, lm6, lm7, lm8, lm9, lm10, lm11, lm12, lm13, lm14
;Simulation Results
;---------------------------------------------------------------------------
choline_1-CH2_2-CH2	215.0	0.165	0.087	0	3.40528755443	0.00270829798274	261.155842218
choline_1-CH2_2-CH2	215.0	0.165	0.087	1	3.48364899921	0.309444743211	14.6860340749
choline_1-CH2_2-CH2	215.0	0.165	0.087	2	3.49446044896	0.159613711062	129.992122367
choline_1-CH2_2-CH2	215.0	0.165	0.087	3	3.49451015708	0.0160219516853	205.860378598
choline_1-CH2_2-CH2	215.0	0.165	0.087	4	3.4999969574	0.16574903914	13.5079824047
choline_1-CH2_2-CH2	215.0	0.165	0.087	5	3.50001051972	0.0443401791002	225.879874289
choline_1-CH2_2-CH2	215.0	0.165	0.087	6	3.50094136667	0.145747048743	-51.8498923309
choline_1-CH2_2-CH2	215.0	0.165	0.087	7	3.50095191714	0.0366946232718	172.630717764
choline_1-CH2_2-CH2	215.0	0.165	0.087	8	3.50738522228	0.177741824249	210.26332728
choline_1-CH2_2-CH2	215.0	0.165	0.087	9	3.5073726194	0.0482745561916	-41.7734798561
choline_1-CH2_2-CH2	215.0	0.165	0.087	10	3.51772747246	0.378423571839	-26.9698248141
choline_1-CH2_2-CH2	215.0	0.165	0.087	11	3.51797091101	0.0381929538505	243.081400434
choline_1-CH2_2-CH2	215.0	0.165	0.087	12	3.59567488242	0.00267173609559	116.740958399
choline_1-CH2_2-CH2	215.0	0.165	0.087	13	3.96815265095	0.00118293043549	22.7432648049
choline_1-CH2_2-CH2	215.0	0.165	0.087	14	4.02842233892	0.177571595364	13.3069884255
choline_1-CH2_2-CH2	215.0	0.165	0.087	15	4.03724665821	0.177464804809	15.2264707162
choline_1-CH2_2-CH2	215.0	0.165	0.087	16	4.0387725936	0.0891103622568	133.426851974
choline_1-CH2_2-CH2	215.0	0.165	0.087	17	4.04542430725	0.108534283089	37.254016468
choline_1-CH2_2-CH2	215.0	0.165	0.087	18	4.04618985628	0.102034268611	-38.840989865
choline_1-CH2_2-CH2	215.0	0.165	0.087	19	4.04760346181	0.088670576174	134.564603816
choline_1-CH2_2-CH2	215.0	0.165	0.087	20	4.05169541939	0.0762861046072	214.764122654
choline_1-CH2_2-CH2	215.0	0.165	0.087	21	4.05404460124	0.072109525426	37.1974189898
choline_1-CH2_2-CH2	215.0	0.165	0.087	22	4.05512114876	0.0893186083651	-31.1770918357
choline_1-CH2_2-CH2	215.0	0.165	0.087	23	4.05649512241	0.0105923672324	38.7618307634
choline_1-CH2_2-CH2	215.0	0.165	0.087	24	4.06052670134	0.0768104669616	213.936232194
choline_1-CH2_2-CH2	215.0	0.165	0.087	25	4.06260126595	0.177345607284	-24.9615499606
choline_1-CH2_2-CH2	215.0	0.165	0.087	26	4.06381701365	0.00173486955396	206.617464895
choline_1-CH2_2-CH2	215.0	0.165	0.087	27	4.06931808487	0.0293950664503	172.152952914
choline_1-CH2_2-CH2	215.0	0.165	0.087	28	4.06941901201	0.0212205526596	244.380700677
choline_1-CH2_2-CH2	215.0	0.165	0.087	29	4.07134569694	0.144208860773	-34.0608572047
choline_1-CH2_2-CH2	215.0	0.165	0.087	30	4.07996127587	0.0327175714756	-79.5813911612
choline_1-CH2_2-CH2	215.0	0.165	0.087	31	4.08042102971	0.0248720595094	139.28625318
alanine	215.0	0.078	0.087	0	1.45446445724	0.406508398797	237.253458599
alanine	215.0	0.078	0.087	1	1.47880988763	0.439428080913	-75.7490771811
alanine	215.0	0.078	0.087	2	3.7382838008	0.115272119331	96.6415779139
alanine	215.0	0.078	0.087	3	3.76249391994	0.237941489494	267.480619008
alanine	215.0	0.078	0.087	4	3.76288099347	0.0999042279374	-88.2649575629
alanine	215.0	0.078	0.087	5	3.78694217341	0.326737443015	76.9444610488
alanine	215.0	0.078	0.087	6	3.81130127456	0.114162801691	247.87249587
aspartate	215.0	0.117	0.087	0	2.60315461543	0.0624660026339	31.9149642036
aspartate	215.0	0.117	0.087	1	2.63321004478	0.157065343859	152.348362507
aspartate	215.0	0.117	0.087	2	2.66178300881	0.404601360263	28.645663461
aspartate	215.0	0.117	0.087	3	2.69183843816	0.309060448887	65.852931701
aspartate	215.0	0.117	0.087	4	2.77093866344	0.363646831146	127.736290192
aspartate	215.0	0.117	0.087	5	2.78379157363	0.348777404526	171.25426162
aspartate	215.0	0.117	0.087	6	2.82956705682	0.0496328814465	145.744662001
aspartate	215.0	0.117	0.087	7	2.84241996702	0.147400330122	95.7471765267
aspartate	215.0	0.117	0.087	8	3.8701699882	0.230566851077	136.028748209
aspartate	215.0	0.117	0.087	9	3.8830228984	0.185476565873	162.522052286
aspartate	215.0	0.117	0.087	10	3.90022541756	0.241322281806	173.840447395
aspartate	215.0	0.117	0.087	11	3.91307832775	0.227721006325	220.978155827
choline_N(CH3)3_a	215.0	0.165	0.121	0	3.18308188091	1.33146305939	-5.44351761158
choline_N(CH3)3_a	215.0	0.165	0.121	1	3.18499956199	0.144171327485	214.968278285
choline_N(CH3)3_a	215.0	0.165	0.121	2	3.18499956225	0.0688746771482	-50.3223843016
choline_N(CH3)3_a	215.0	0.165	0.121	3	3.1849995622	0.222733069369	164.18599151
choline_N(CH3)3_a	215.0	0.165	0.121	4	3.1849995624	0.0584843468991	57.5929921329
choline_N(CH3)3_a	215.0	0.165	0.121	5	3.18499956257	0.047748138103	72.2730810663
choline_N(CH3)3_a	215.0	0.165	0.121	6	3.18691759606	0.0894346659621	-52.6052245169
choline_N(CH3)3_a	215.0	0.165	0.121	7	3.1869178771	0.0653996230255	51.7325363816
choline_N(CH3)3_a	215.0	0.165	0.121	8	3.18691787202	0.0949386807576	-0.867901721972
choline_N(CH3)3_a	215.0	0.165	0.121	9	3.18691771924	0.106000868032	237.556125043
choline_N(CH3)3_a	215.0	0.165	0.121	10	3.18691782883	0.0669111314039	155.747843634
creatine_N(CH3)	215.0	0.296	0.09	0	3.027	2.98686331502	-2.02962945377
creatine_X	215.0	0.296	0.081	0	3.913	1.98897341691	-7.649454455
choline_N(CH3)3_b	215.0	0.165	0.121	0	3.18308188064	1.66320960904	-5.44350589658
choline_N(CH3)3_b	215.0	0.165	0.121	1	3.18499956211	0.323285560159	-2.45251827936
choline_N(CH3)3_b	215.0	0.165	0.121	2	3.18499956204	0.0738950573076	197.227730513
choline_N(CH3)3_b	215.0	0.165	0.121	3	3.18499956221	0.167427687577	98.1674380856
choline_N(CH3)3_b	215.0	0.165	0.121	4	3.18499956213	0.0214349045713	-71.3907851453
choline_N(CH3)3_b	215.0	0.165	0.121	5	3.18499956218	0.150336176778	123.348269127
choline_N(CH3)3_b	215.0	0.165	0.121	6	3.18691764271	0.660730854348	-10.307728049
choline_N(CH3)3_b	215.0	0.165	0.121	7	3.18691793027	0.390014324939	2.95572141827
choline_N(CH3)3_b	215.0	0.165	0.121	8	3.18691775632	0.0767520834543	198.498863632
choline_N(CH3)3_b	215.0	0.165	0.121	9	3.18691775754	0.0892397436755	187.937268231
choline_N(CH3)3_b	215.0	0.165	0.121	10	3.1869178583	0.0464860389978	173.323504967
choline_N(CH3)3_b	215.0	0.165	0.121	11	3.18691801768	0.0364152501918	66.7096799111
choline_N(CH3)3_b	215.0	0.165	0.121	12	3.18691827863	0.12058315367	-17.2412868606
d-glucose-alpha	215.0	0.049	0.087	0	3.31842342185	0.00333090930379	22.1602030686
d-glucose-alpha	215.0	0.049	0.087	1	3.3496269216	0.00317934618385	61.7100228482
d-glucose-alpha	215.0	0.049	0.087	2	3.35209970266	0.0138432604504	34.8223211077
d-glucose-alpha	215.0	0.049	0.087	3	3.36154743079	0.0653814033975	18.9163407065
d-glucose-alpha	215.0	0.049	0.087	4	3.36196571205	0.0473584777114	-8.16150577717
d-glucose-alpha	215.0	0.049	0.087	5	3.36138229712	0.00469241166928	265.351560557
d-glucose-alpha	215.0	0.049	0.087	6	3.36239681239	0.0134185257061	-37.4101678747
d-glucose-alpha	215.0	0.049	0.087	7	3.36371226325	0.0193393142679	34.3052554774
d-glucose-alpha	215.0	0.049	0.087	8	3.36395423705	0.00796663534366	-5.40970076403
d-glucose-alpha	215.0	0.049	0.087	9	3.38335800267	0.0140583351231	-25.6229371329
d-glucose-alpha	215.0	0.049	0.087	10	3.39315249207	0.332841235437	10.7580242363
d-glucose-alpha	215.0	0.049	0.087	11	3.39491956185	0.08104240258	-36.3399059279
d-glucose-alpha	215.0	0.049	0.087	12	3.40387865315	0.014828680404	-27.0881070997
d-glucose-alpha	215.0	0.049	0.087	13	3.42508288479	0.195023717884	-35.4073183192
d-glucose-alpha	215.0	0.049	0.087	14	3.43529855804	0.0123588486656	-45.3055810394
d-glucose-alpha	215.0	0.049	0.087	15	3.43710797574	0.0020434758833	-60.8213091739
d-glucose-alpha	215.0	0.049	0.087	16	3.43746092581	0.0014986166682	258.106557543
d-glucose-alpha	215.0	0.049	0.087	17	3.46877330513	0.00348297005182	-65.9439084219
d-glucose-alpha	215.0	0.049	0.087	18	3.49510946377	0.259996592036	140.930320457
d-glucose-alpha	215.0	0.049	0.087	19	3.50779659362	0.152634209128	222.769299502
d-glucose-alpha	215.0	0.049	0.087	20	3.52715555414	0.127166321108	123.094237139
d-glucose-alpha	215.0	0.049	0.087	21	3.52745704192	0.0454808980243	66.6471464498
d-glucose-alpha	215.0	0.049	0.087	22	3.53997150015	0.318175446991	192.39610822
d-glucose-alpha	215.0	0.049	0.087	23	3.59923526209	0.000468343305724	174.016935614
d-glucose-alpha	215.0	0.049	0.087	24	3.66850775595	0.307079620516	20.8219657152
d-glucose-alpha	215.0	0.049	0.087	25	3.70030964723	0.35412774378	-15.0551911316
d-glucose-alpha	215.0	0.049	0.087	26	3.7100561521	0.0594047009464	-24.6215418451
d-glucose-alpha	215.0	0.049	0.087	27	3.71259354238	0.0909979310278	-83.3436715579
d-glucose-alpha	215.0	0.049	0.087	28	3.72174687806	0.0486194939339	-2.3646967958
d-glucose-alpha	215.0	0.049	0.087	29	3.73203024813	0.209856614691	-15.9172346174
d-glucose-alpha	215.0	0.049	0.087	30	3.73241309045	0.115810944134	179.818108733
d-glucose-alpha	215.0	0.049	0.087	31	3.73293596312	0.0064165128982	71.6178788032
d-glucose-alpha	215.0	0.049	0.087	32	3.75201096307	0.043921819786	218.879198814
d-glucose-alpha	215.0	0.049	0.087	33	3.75311515552	0.094271250518	-39.1597871806
d-glucose-alpha	215.0	0.049	0.087	34	3.76248818592	0.021271420211	142.766258314
d-glucose-alpha	215.0	0.049	0.087	35	3.77381541353	0.300931683945	7.19361746161
d-glucose-alpha	215.0	0.049	0.087	36	3.79604609192	0.165611753377	-80.6675042196
d-glucose-alpha	215.0	0.049	0.087	37	3.80032062211	0.100132930457	-48.7553604846
d-glucose-alpha	215.0	0.049	0.087	38	3.80652242669	0.0832123921275	18.4339172823
d-glucose-alpha	215.0	0.049	0.087	39	3.80790504289	0.0791408870035	-49.6663131836
d-glucose-alpha	215.0	0.049	0.087	40	3.81079500282	0.239651096641	77.035043153
d-glucose-alpha	215.0	0.049	0.087	41	3.81304923803	0.142154838152	38.7278711701
d-glucose-alpha	215.0	0.049	0.087	42	3.81817433307	0.0284510082243	192.48791036
d-glucose-alpha	215.0	0.049	0.087	43	3.81826581616	0.0129899079115	116.426579665
d-glucose-alpha	215.0	0.049	0.087	44	3.82248240514	0.0278603694817	111.718196301
d-glucose-alpha	215.0	0.049	0.087	45	3.82813407973	0.147979502248	-42.02246361
d-glucose-alpha	215.0	0.049	0.087	46	3.83326942819	0.0264960273168	104.426000171
d-glucose-alpha	215.0	0.049	0.087	47	3.84835149307	0.15457510321	254.114933011
d-glucose-alpha	215.0	0.049	0.087	48	3.84846715691	0.124540423668	-47.3910528177
d-glucose-alpha	215.0	0.049	0.087	49	3.85320195222	0.111857317973	75.6562030056
d-glucose-alpha	215.0	0.049	0.087	50	3.85329224547	0.143254476386	190.684436617
d-glucose-alpha	215.0	0.049	0.087	51	3.89676888537	0.00312824851832	-2.39140762372
d-glucose-alpha	215.0	0.049	0.087	52	3.92858714585	0.00378859765021	-14.8944624141
glutamate	215.0	0.898	0.088	0	1.96706804127	0.00898768901508	76.9971205769
glutamate	215.0	0.898	0.088	1	1.99094252965	0.0127717458729	216.195151279
glutamate	215.0	0.898	0.088	2	1.9909810453	0.00745158149641	114.88015845
glutamate	215.0	0.898	0.088	3	1.99400006985	0.021909430179	162.184378861
glutamate	215.0	0.898	0.088	4	2.01485536067	0.0365156721506	-79.5165196514
glutamate	215.0	0.898	0.088	5	2.01728463142	0.102637824073	244.932939641
glutamate	215.0	0.898	0.088	6	2.01806205099	0.0300170918541	-53.6031082328
glutamate	215.0	0.898	0.088	7	2.04018765675	0.050057331075	10.2751149064
glutamate	215.0	0.898	0.088	8	2.04133139345	0.0761449074199	118.828379734
glutamate	215.0	0.898	0.088	9	2.04412977497	0.049733022657	11.858651885
glutamate	215.0	0.898	0.088	10	2.06405000071	0.0360661273914	246.280546974
glutamate	215.0	0.898	0.088	11	2.06745024183	0.0609151923818	53.7211617044
glutamate	215.0	0.898	0.088	12	2.06757806156	0.0318715638107	144.228740421
glutamate	215.0	0.898	0.088	13	2.06815184861	0.0484275419765	255.635097749
glutamate	215.0	0.898	0.088	14	2.08373400035	0.0334687461166	-13.1841073389
glutamate	215.0	0.898	0.088	15	2.09177616914	0.088535962758	26.999877137
glutamate	215.0	0.898	0.088	16	2.0931028643	0.0426710338044	163.586398162
glutamate	215.0	0.898	0.088	17	2.1088939369	0.106199093141	47.1912719307
glutamate	215.0	0.898	0.088	18	2.11718319984	0.0116429494532	264.250835248
glutamate	215.0	0.898	0.088	19	2.11766375294	0.110037432783	-69.5545135318
glutamate	215.0	0.898	0.088	20	2.13365523203	0.121821641492	222.365696925
glutamate	215.0	0.898	0.088	21	2.1414089918	0.0355443234425	22.2699425815
glutamate	215.0	0.898	0.088	22	2.14323256942	0.015610479113	22.0755405776
glutamate	215.0	0.898	0.088	23	2.15745696313	0.0203323964967	95.6920487255
glutamate	215.0	0.898	0.088	24	2.15947305764	0.0248029358599	12.1830153412
glutamate	215.0	0.898	0.088	25	2.16730562707	0.00671335796361	9.33336505675
glutamate	215.0	0.898	0.088	26	2.18329414391	0.0525162214858	158.481155392
glutamate	215.0	0.898	0.088	27	2.26789714524	0.00491152399284	48.5603153354
glutamate	215.0	0.898	0.088	28	2.29137621004	0.0142196614024	184.007168894
glutamate	215.0	0.898	0.088	29	2.31581345787	0.0033995596434	-24.3368928533
glutamate	215.0	0.898	0.088	30	2.32093385552	0.34651714162	238.853559637
glutamate	215.0	0.898	0.088	31	2.32105122405	0.125992674056	-74.1987913938
glutamate	215.0	0.898	0.088	32	2.34490713167	0.35635330743	67.0213623711
glutamate	215.0	0.898	0.088	33	2.34745718284	0.397822514929	-15.0180462398
glutamate	215.0	0.898	0.088	34	2.36914349505	0.110412978541	199.048752763
glutamate	215.0	0.898	0.088	35	2.37373738171	0.0762133071185	157.887272965
glutamate	215.0	0.898	0.088	36	2.37397522379	0.00624723059309	79.6875642791
glutamate	215.0	0.898	0.088	37	2.40138405511	0.0107601455266	230.436604491
glutamate	215.0	0.898	0.088	38	2.4270281037	0.00520139310961	20.652009086
glutamate	215.0	0.898	0.088	39	3.72336728614	0.245470687243	92.8909729636
glutamate	215.0	0.898	0.088	40	3.73950647025	0.140778950303	22.8106404527
glutamate	215.0	0.898	0.088	41	3.74733196311	0.163420615449	-53.1979301372
glutamate	215.0	0.898	0.088	42	3.76341085903	0.0525567714766	-80.6367791736
glutamate	215.0	0.898	0.088	43	3.76353641633	0.171342140325	253.820325321
glutamine	215.0	0.427	0.087	0	2.02959843313	0.00830144898312	232.008370789
glutamine	215.0	0.427	0.087	1	2.04903832083	0.0018737682688	129.523191948
glutamine	215.0	0.427	0.087	2	2.05078450944	0.00275056231651	131.577154183
glutamine	215.0	0.427	0.087	3	2.05771963287	0.00276157001902	47.2305964444
glutamine	215.0	0.427	0.087	4	2.05789178012	0.00307060748291	-32.5990695483
glutamine	215.0	0.427	0.087	5	2.06949146946	0.00195393459831	60.1961962371
glutamine	215.0	0.427	0.087	6	2.07829147853	0.0505137590019	205.68729882
glutamine	215.0	0.427	0.087	7	2.08348312725	0.00444017254231	114.172029971
glutamine	215.0	0.427	0.087	8	2.08467424299	0.0703611976646	63.4505002496
glutamine	215.0	0.427	0.087	9	2.0994120015	0.0669354593182	108.686194141
glutamine	215.0	0.427	0.087	10	2.10110091148	0.0254104072114	68.4872657496
glutamine	215.0	0.427	0.087	11	2.10307683112	0.0880689899156	5.12031639628
glutamine	215.0	0.427	0.087	12	2.10492743643	0.0711482102706	-26.5746321653
glutamine	215.0	0.427	0.087	13	2.10705943378	0.0571215970816	-67.1454173616
glutamine	215.0	0.427	0.087	14	2.10978222351	0.0531362360693	250.735325131
glutamine	215.0	0.427	0.087	15	2.11007205827	0.0707697745956	160.766143406
glutamine	215.0	0.427	0.087	16	2.11574074582	0.0161688117485	98.1956535698
glutamine	215.0	0.427	0.087	17	2.12154007131	0.0312996958121	-59.4682938498
glutamine	215.0	0.427	0.087	18	2.12427844833	0.132710854772	-87.1058588814
glutamine	215.0	0.427	0.087	19	2.12762581022	0.0607797832699	188.982842128
glutamine	215.0	0.427	0.087	20	2.1304975438	0.111577236998	122.898634552
glutamine	215.0	0.427	0.087	21	2.13213545785	0.0750942795228	113.060227553
glutamine	215.0	0.427	0.087	22	2.13493755571	0.094645610668	-29.3368472903
glutamine	215.0	0.427	0.087	23	2.1368241746	0.0266031860915	10.6718781733
glutamine	215.0	0.427	0.087	24	2.15336547463	0.0553123170379	241.581768115
glutamine	215.0	0.427	0.087	25	2.15356223104	0.00654399601571	-35.8249552639
glutamine	215.0	0.427	0.087	26	2.15507795375	0.102568553932	226.28875737
glutamine	215.0	0.427	0.087	27	2.15894987717	0.0038777887636	220.627092129
glutamine	215.0	0.427	0.087	28	2.17574695392	0.00663073193504	31.1182763006
glutamine	215.0	0.427	0.087	29	2.17923162819	0.00313016225644	91.336088115
glutamine	215.0	0.427	0.087	30	2.18393655763	0.00710018221348	235.743713818
glutamine	215.0	0.427	0.087	31	2.20359517008	0.00257311733252	178.065848501
glutamine	215.0	0.427	0.087	32	2.36519453999	0.0133515425699	74.9306885996
glutamine	215.0	0.427	0.087	33	2.38766733106	0.00769510370212	-74.1902139344
glutamine	215.0	0.427	0.087	34	2.3896699618	0.0114189653798	161.330356333
glutamine	215.0	0.427	0.087	35	2.39641331622	0.0123517424743	86.9142461875
glutamine	215.0	0.427	0.087	36	2.41661110442	0.244405452341	-41.745864865
glutamine	215.0	0.427	0.087	37	2.4194435154	0.0963423464437	193.790536735
glutamine	215.0	0.427	0.087	38	2.41948453032	0.0455015944352	-82.9564034191
glutamine	215.0	0.427	0.087	39	2.43872973952	0.201946292564	112.690987087
glutamine	215.0	0.427	0.087	40	2.44153218634	0.166095097314	119.174024559
glutamine	215.0	0.427	0.087	41	2.44785103862	0.321864414353	-72.2824001501
glutamine	215.0	0.427	0.087	42	2.44857155662	0.130909716599	266.397622925
glutamine	215.0	0.427	0.087	43	2.46685581272	0.172610866404	212.783498481
glutamine	215.0	0.427	0.087	44	2.4709642799	0.0152502799002	108.485739391
glutamine	215.0	0.427	0.087	45	2.47337651489	0.170484750083	74.5436593839
glutamine	215.0	0.427	0.087	46	2.49353743865	0.00484170484296	-54.9218482223
glutamine	215.0	0.427	0.087	47	2.49661310316	0.012437855186	239.253126657
glutamine	215.0	0.427	0.087	48	2.50237798557	0.00906066622476	115.181836561
glutamine	215.0	0.427	0.087	49	2.52492792614	0.0153131194984	-5.13188490717
glutamine	215.0	0.427	0.087	50	3.73243105698	0.23389523127	105.917733903
glutamine	215.0	0.427	0.087	51	3.75309301388	0.449826813784	-9.54376921638
glutamine	215.0	0.427	0.087	52	3.77384231092	0.247053545359	241.984425082
d-glucose-beta	215.0	0.049	0.087	0	3.13263783408	0.00293028953645	88.1844062832
d-glucose-beta	215.0	0.049	0.087	1	3.15870128865	0.00103519521128	198.477446688
d-glucose-beta	215.0	0.049	0.087	2	3.18000789313	0.00157837194524	262.429095605
d-glucose-beta	215.0	0.049	0.087	3	3.1848501588	0.00184115347403	214.026996059
d-glucose-beta	215.0	0.049	0.087	4	3.19507767206	0.00250140005616	215.278269137
d-glucose-beta	215.0	0.049	0.087	5	3.1961011039	0.000863459859813	114.01152925
d-glucose-beta	215.0	0.049	0.087	6	3.19817436453	0.00284972759932	218.426581752
d-glucose-beta	215.0	0.049	0.087	7	3.19858675256	0.0043368803717	-26.8226092048
d-glucose-beta	215.0	0.049	0.087	8	3.20059853647	0.138116868547	-57.8376954796
d-glucose-beta	215.0	0.049	0.087	9	3.20298974911	0.0136116960933	-82.7033052404
d-glucose-beta	215.0	0.049	0.087	10	3.2045948496	0.00661827827814	257.497869786
d-glucose-beta	215.0	0.049	0.087	11	3.20572560052	0.00958965942179	-84.4446151435
d-glucose-beta	215.0	0.049	0.087	12	3.21172213467	0.00145232218952	-38.5395006076
d-glucose-beta	215.0	0.049	0.087	13	3.22228110561	0.00579391802	-65.7976775402
d-glucose-beta	215.0	0.049	0.087	14	3.22611572242	0.0210805825513	-50.9018237465
d-glucose-beta	215.0	0.049	0.087	15	3.22535769294	0.00258164282536	263.090099683
d-glucose-beta	215.0	0.049	0.087	16	3.22739530056	0.112995077625	23.6561304458
d-glucose-beta	215.0	0.049	0.087	17	3.22943549158	0.114008568771	-56.4679951625
d-glucose-beta	215.0	0.049	0.087	18	3.22959901666	0.0230749611945	33.2336593315
d-glucose-beta	215.0	0.049	0.087	19	3.23092303712	0.0804455203174	263.161702252
d-glucose-beta	215.0	0.049	0.087	20	3.23129843205	0.00809925489813	28.5406537816
d-glucose-beta	215.0	0.049	0.087	21	3.2323553083	0.00785755350918	-53.1056363385
d-glucose-beta	215.0	0.049	0.087	22	3.23411040708	0.00247594915834	-51.5435036409
d-glucose-beta	215.0	0.049	0.087	23	3.23715619294	0.00238113623758	2.91628482257
d-glucose-beta	215.0	0.049	0.087	24	3.24732303237	0.0014200536257	59.1942176544
d-glucose-beta	215.0	0.049	0.087	25	3.25013935444	0.000439794370783	50.3650701309
d-glucose-beta	215.0	0.049	0.087	26	3.25212820118	0.00194935311177	21.0832801537
d-glucose-beta	215.0	0.049	0.087	27	3.25313239374	0.0222498651049	80.0301983815
d-glucose-beta	215.0	0.049	0.087	28	3.25681568102	0.26014233818	77.6023473708
d-glucose-beta	215.0	0.049	0.087	29	3.25846159829	0.00853069065295	89.4829790029
d-glucose-beta	215.0	0.049	0.087	30	3.26096767699	0.00965547871371	93.484380416
d-glucose-beta	215.0	0.049	0.087	31	3.26403259453	0.00384250503739	106.406128361
d-glucose-beta	215.0	0.049	0.087	32	3.27422061941	0.00121518405369	143.33231504
d-glucose-beta	215.0	0.049	0.087	33	3.27851127164	0.00268513847008	110.460859236
d-glucose-beta	215.0	0.049	0.087	34	3.28229835442	0.00049012953036	48.5649974983
d-glucose-beta	215.0	0.049	0.087	35	3.29988202003	0.00274902119089	158.540120074
d-glucose-beta	215.0	0.049	0.087	36	3.30191391454	0.000650915155434	173.044844161
d-glucose-beta	215.0	0.049	0.087	37	3.32678578605	0.00211644181288	227.41292091
d-glucose-beta	215.0	0.049	0.087	38	3.33061719179	0.00128885942283	-60.2536544852
d-glucose-beta	215.0	0.049	0.087	39	3.33613019996	0.00101474534288	172.80558446
d-glucose-beta	215.0	0.049	0.087	40	3.34851387387	0.0014372575988	-61.90649192
d-glucose-beta	215.0	0.049	0.087	41	3.351172651	0.119468058006	-24.1982266334
d-glucose-beta	215.0	0.049	0.087	42	3.35160622525	0.0729811263548	-58.4642691677
d-glucose-beta	215.0	0.049	0.087	43	3.35212530121	0.00118480182157	164.825033436
d-glucose-beta	215.0	0.049	0.087	44	3.35404328471	0.000503557938169	212.423829238
d-glucose-beta	215.0	0.049	0.087	45	3.35835951117	0.00236055197122	208.231905276
d-glucose-beta	215.0	0.049	0.087	46	3.36359748954	0.00437843652563	86.1373261481
d-glucose-beta	215.0	0.049	0.087	47	3.37353365553	0.0120125751204	-57.7923914446
d-glucose-beta	215.0	0.049	0.087	48	3.37410285327	0.0112304307015	9.86850832889
d-glucose-beta	215.0	0.049	0.087	49	3.38007650539	0.11723821697	-5.48271625997
d-glucose-beta	215.0	0.049	0.087	50	3.38074101867	0.0779070085965	165.867506412
d-glucose-beta	215.0	0.049	0.087	51	3.381007184	0.0265168885233	66.4142247204
d-glucose-beta	215.0	0.049	0.087	52	3.38131600708	0.0276691841765	130.468005049
d-glucose-beta	215.0	0.049	0.087	53	3.38231014932	0.0402206110052	-0.662223097758
d-glucose-beta	215.0	0.049	0.087	54	3.38748893725	0.00436993213731	-61.0175792475
d-glucose-beta	215.0	0.049	0.087	55	3.38762719525	0.007826041032	88.9749178793
d-glucose-beta	215.0	0.049	0.087	56	3.39629632276	0.0110379736258	158.799650478
d-glucose-beta	215.0	0.049	0.087	57	3.40084162523	0.013745763351	108.740929182
d-glucose-beta	215.0	0.049	0.087	58	3.40984311471	0.0661612772827	75.8708982925
d-glucose-beta	215.0	0.049	0.087	59	3.4100302691	0.134414913154	56.0789020734
d-glucose-beta	215.0	0.049	0.087	60	3.40969454401	0.000519046328814	196.383480204
d-glucose-beta	215.0	0.049	0.087	61	3.4109382264	0.179710276577	-32.8836442978
d-glucose-beta	215.0	0.049	0.087	62	3.41467618686	0.00229115725395	-9.40714392616
d-glucose-beta	215.0	0.049	0.087	63	3.42578728605	0.071789064255	240.7479787
d-glucose-beta	215.0	0.049	0.087	64	3.42861989982	0.0280328720413	244.162710569
d-glucose-beta	215.0	0.049	0.087	65	3.42871018771	0.0381255065939	152.158308512
d-glucose-beta	215.0	0.049	0.087	66	3.43049148825	0.00679822139148	203.270121255
d-glucose-beta	215.0	0.049	0.087	67	3.43105287446	0.0453782771757	118.425016641
d-glucose-beta	215.0	0.049	0.087	68	3.43362374708	0.0218960950667	130.452206825
d-glucose-beta	215.0	0.049	0.087	69	3.43364490359	0.0285842969071	31.2596785306
d-glucose-beta	215.0	0.049	0.087	70	3.44168989739	0.00607635738217	211.902121933
d-glucose-beta	215.0	0.049	0.087	71	3.44327188447	0.0255977251273	233.274375257
d-glucose-beta	215.0	0.049	0.087	72	3.44434025817	0.0654978849386	165.725484504
d-glucose-beta	215.0	0.049	0.087	73	3.44423342068	0.0213042027052	-21.9092259346
d-glucose-beta	215.0	0.049	0.087	74	3.44653140902	0.187725850841	0.458469586443
d-glucose-beta	215.0	0.049	0.087	75	3.44878726666	0.0549880816189	128.801926223
d-glucose-beta	215.0	0.049	0.087	76	3.44893306269	0.0331393140618	210.487154389
d-glucose-beta	215.0	0.049	0.087	77	3.4496950556	0.0139442574804	-83.6745974278
d-glucose-beta	215.0	0.049	0.087	78	3.45029016062	0.0766818624321	48.2768222564
d-glucose-beta	215.0	0.049	0.087	79	3.45242119794	0.023877350195	43.0622044588
d-glucose-beta	215.0	0.049	0.087	80	3.45418557043	0.0303761030428	-58.4129435272
d-glucose-beta	215.0	0.049	0.087	81	3.45512480555	0.00735743407641	248.135391044
d-glucose-beta	215.0	0.049	0.087	82	3.45702801905	0.015547611633	79.3689080371
d-glucose-beta	215.0	0.049	0.087	83	3.45780154726	0.00992870954412	9.71597323788
d-glucose-beta	215.0	0.049	0.087	84	3.4590837236	0.0325695747644	187.061660011
d-glucose-beta	215.0	0.049	0.087	85	3.46043210806	0.0155176114861	130.36850797
d-glucose-beta	215.0	0.049	0.087	86	3.46188605701	0.0147769756092	29.6177632728
d-glucose-beta	215.0	0.049	0.087	87	3.46279108205	0.0153541301755	-23.2792585271
d-glucose-beta	215.0	0.049	0.087	88	3.46981978752	0.0376086104242	-58.388113455
d-glucose-beta	215.0	0.049	0.087	89	3.47275477887	0.0729740082344	212.098830735
d-glucose-beta	215.0	0.049	0.087	90	3.47429239736	0.0210348612481	194.569158523
d-glucose-beta	215.0	0.049	0.087	91	3.47532355847	0.0016197475427	260.131175166
d-glucose-beta	215.0	0.049	0.087	92	3.47576635494	0.0991404039746	31.6418628897
d-glucose-beta	215.0	0.049	0.087	93	3.4761389118	0.0306860225836	117.015588907
d-glucose-beta	215.0	0.049	0.087	94	3.47753014848	0.0728545748673	-18.640887717
d-glucose-beta	215.0	0.049	0.087	95	3.47807920684	0.0470632253706	113.328896786
d-glucose-beta	215.0	0.049	0.087	96	3.47831958381	0.0204357895961	101.744310708
d-glucose-beta	215.0	0.049	0.087	97	3.47950678735	0.0654730919669	-21.8609041329
d-glucose-beta	215.0	0.049	0.087	98	3.48051056223	0.00317302235122	224.641026354
d-glucose-beta	215.0	0.049	0.087	99	3.48064521725	0.0141761498729	-72.5483259744
d-glucose-beta	215.0	0.049	0.087	100	3.48272932561	0.0355307985368	-49.9808857038
d-glucose-beta	215.0	0.049	0.087	101	3.50531759928	0.0134516211592	-70.0169290724
d-glucose-beta	215.0	0.049	0.087	102	3.50562260319	0.00340650991221	209.374717622
d-glucose-beta	215.0	0.049	0.087	103	3.50621303104	0.0288703977518	40.1960688952
d-glucose-beta	215.0	0.049	0.087	104	3.50795879936	0.0736071668227	-29.3838473703
d-glucose-beta	215.0	0.049	0.087	105	3.52423562948	0.000541371375842	261.085750451
d-glucose-beta	215.0	0.049	0.087	106	3.52433792029	0.00041330470086	180.841680905
d-glucose-beta	215.0	0.049	0.087	107	3.54033413267	0.00153326548067	155.044971015
d-glucose-beta	215.0	0.049	0.087	108	3.54545340404	0.000980453690824	117.290011204
d-glucose-beta	215.0	0.049	0.087	109	3.55313312906	0.0023216377747	-75.6927750091
d-glucose-beta	215.0	0.049	0.087	110	3.55792958793	0.00195837144457	183.89706746
d-glucose-beta	215.0	0.049	0.087	111	3.57419036251	0.000413376118186	196.339951599
d-glucose-beta	215.0	0.049	0.087	112	3.62418872133	0.00112431924542	127.040338751
d-glucose-beta	215.0	0.049	0.087	113	3.6271659048	0.00108360246351	122.782663269
d-glucose-beta	215.0	0.049	0.087	114	3.67063213749	0.00679906192885	208.121312266
d-glucose-beta	215.0	0.049	0.087	115	3.67329497524	0.0187541823494	-53.1770363177
d-glucose-beta	215.0	0.049	0.087	116	3.67549851878	0.110793923248	-59.797276968
d-glucose-beta	215.0	0.049	0.087	117	3.67578962728	0.0461119398851	259.20112033
d-glucose-beta	215.0	0.049	0.087	118	3.67930039281	0.0117401639966	-75.0322024609
d-glucose-beta	215.0	0.049	0.087	119	3.67980137391	0.0139192833441	264.661280661
d-glucose-beta	215.0	0.049	0.087	120	3.68946491728	0.0272583011434	-59.5230935931
d-glucose-beta	215.0	0.049	0.087	121	3.69260042891	0.0520449059407	-50.3993684701
d-glucose-beta	215.0	0.049	0.087	122	3.69323961411	0.0449703112312	256.306470396
d-glucose-beta	215.0	0.049	0.087	123	3.69458818898	0.00693555833879	-27.8770540748
d-glucose-beta	215.0	0.049	0.087	124	3.69721234036	0.00276600390549	-26.7397646144
d-glucose-beta	215.0	0.049	0.087	125	3.71098474911	0.00265881764288	207.362684999
d-glucose-beta	215.0	0.049	0.087	126	3.71224723236	0.00293616419597	85.5393401076
d-glucose-beta	215.0	0.049	0.087	127	3.71701312479	0.180337503769	58.8681785052
d-glucose-beta	215.0	0.049	0.087	128	3.7185783528	0.014429368554	212.920023913
d-glucose-beta	215.0	0.049	0.087	129	3.73382492313	0.223705889383	46.4808279315
d-glucose-beta	215.0	0.049	0.087	130	3.73441914252	0.0820061207032	20.4321169245
d-glucose-beta	215.0	0.049	0.087	131	3.73829337284	0.00367419953994	91.2651288922
d-glucose-beta	215.0	0.049	0.087	132	3.74150982642	0.00501166116899	13.309484009
d-glucose-beta	215.0	0.049	0.087	133	3.78126157381	0.00607978580881	218.265505059
d-glucose-beta	215.0	0.049	0.087	134	3.85598398335	0.0067090897753	212.048545521
d-glucose-beta	215.0	0.049	0.087	135	3.85788326076	0.0122450473176	202.741386715
d-glucose-beta	215.0	0.049	0.087	136	3.86109578719	0.184093562617	170.528926564
d-glucose-beta	215.0	0.049	0.087	137	3.86357296252	0.0651600509751	129.15770443
d-glucose-beta	215.0	0.049	0.087	138	3.86442567364	0.0365683707885	65.0772075984
d-glucose-beta	215.0	0.049	0.087	139	3.86641609228	0.231661838066	57.5385873322
d-glucose-beta	215.0	0.049	0.087	140	3.86950481457	0.0135573286572	47.3480497565
d-glucose-beta	215.0	0.049	0.087	141	3.87183246267	0.00627856357333	24.3999298544
d-glucose-beta	215.0	0.049	0.087	142	3.90242951749	0.153735323551	-64.8959340201
d-glucose-beta	215.0	0.049	0.087	143	3.90294989575	0.0384977237934	225.822103124
d-glucose-beta	215.0	0.049	0.087	144	3.90766211047	0.136017289351	191.684763955
d-glucose-beta	215.0	0.049	0.087	145	4.61672595951	0.480538067058	-57.0843656559
d-glucose-beta	215.0	0.049	0.087	146	4.64353228215	0.431592382078	54.7331692651
gaba	215.0	0.155	0.082	0	1.83609170247	0.0286735729618	83.3236208812
gaba	215.0	0.155	0.082	1	1.83815637494	0.0201228186087	225.682898682
gaba	215.0	0.155	0.082	2	1.85696880793	0.00528435730585	31.9418842762
gaba	215.0	0.155	0.082	3	1.8602291224	0.0421584865123	-14.2240661924
gaba	215.0	0.155	0.082	4	1.86111941663	0.0104631517452	-82.0582502784
gaba	215.0	0.155	0.082	5	1.86148493875	0.0280731468781	251.351524602
gaba	215.0	0.155	0.082	6	1.86229036019	0.0185482038641	-26.2745327007
gaba	215.0	0.155	0.082	7	1.86262428444	0.0149327203854	-85.2331426628
gaba	215.0	0.155	0.082	8	1.8630071922	0.0207487777719	165.426224616
gaba	215.0	0.155	0.082	9	1.86517561959	0.00938479378511	160.776952997
gaba	215.0	0.155	0.082	10	1.86824473535	0.00619036080097	73.7098027654
gaba	215.0	0.155	0.082	11	1.87964134091	0.00216877622474	203.215014451
gaba	215.0	0.155	0.082	12	1.88215323006	0.0159334856424	156.783153375
gaba	215.0	0.155	0.082	13	1.88412656267	0.0125242161777	186.346135167
gaba	215.0	0.155	0.082	14	1.8861066162	0.091277579526	94.5884920163
gaba	215.0	0.155	0.082	15	1.88689367913	0.176531311144	39.3889100749
gaba	215.0	0.155	0.082	16	1.88921031536	0.0354777570926	-14.4749166179
gaba	215.0	0.155	0.082	17	1.89144386813	0.014430691889	-54.9259620783
gaba	215.0	0.155	0.082	18	1.89327876399	0.00176328354094	-89.2612419428
gaba	215.0	0.155	0.082	19	1.89335261366	0.0107511745809	269.55312897
gaba	215.0	0.155	0.082	20	1.90683793964	0.0103747045309	-45.9412602544
gaba	215.0	0.155	0.082	21	1.9091768625	0.001099001179	254.756662812
gaba	215.0	0.155	0.082	22	1.91056130752	0.113978923146	223.735269402
gaba	215.0	0.155	0.082	23	1.91161829605	0.0946503913845	145.527866049
gaba	215.0	0.155	0.082	24	1.91234680989	0.0258332498614	212.219366666
gaba	215.0	0.155	0.082	25	1.91367668493	0.047864597532	145.889764608
gaba	215.0	0.155	0.082	26	1.91680663864	0.0128333781051	72.4938700388
gaba	215.0	0.155	0.082	27	1.93570839362	0.0317408026352	-60.1200157747
gaba	215.0	0.155	0.082	28	1.93776531495	0.026695794254	21.9558019859
gaba	215.0	0.155	0.082	29	2.26016108102	0.420920617381	240.272065723
gaba	215.0	0.155	0.082	30	2.28051035751	0.0104970807404	100.673910159
gaba	215.0	0.155	0.082	31	2.28467764292	0.699232195448	26.855800998
gaba	215.0	0.155	0.082	32	2.28748466303	0.0101917222921	-49.6418721654
gaba	215.0	0.155	0.082	33	2.29214535111	0.00143129915343	65.4949046108
gaba	215.0	0.155	0.082	34	2.30856939978	0.138052615522	180.762902762
gaba	215.0	0.155	0.082	35	2.31017840755	0.153526708382	177.712580972
gaba	215.0	0.155	0.082	36	2.98810074292	0.440176876835	219.272987904
gaba	215.0	0.155	0.082	37	3.00785002818	0.070751830235	114.160791061
gaba	215.0	0.155	0.082	38	3.01090804057	0.173289567048	46.1258613169
gaba	215.0	0.155	0.082	39	3.01389782524	0.507663870887	-17.6977671261
gaba	215.0	0.155	0.082	40	3.0156540145	0.0485784764481	-53.6846089859
gaba	215.0	0.155	0.082	41	3.01768950492	0.0515838601904	248.777895253
gaba	215.0	0.155	0.082	42	3.0195244092	0.0193360800708	230.132878073
gaba	215.0	0.155	0.082	43	3.03851835976	0.434283763586	141.853948036
glycine	215.0	0.068	0.087	0	3.548	1.9908384289	-9.06962018461
glutathione_glutamate	215.0	0.194	0.087	0	2.10928332749	0.00176378776031	-68.6870551832
glutathione_glutamate	215.0	0.194	0.087	1	2.11281857509	0.00204594516707	221.55993077
glutathione_glutamate	215.0	0.194	0.087	2	2.11536997153	0.0718631945596	119.971926805
glutathione_glutamate	215.0	0.194	0.087	3	2.11861561635	0.0882425948153	58.6449580015
glutathione_glutamate	215.0	0.194	0.087	4	2.13679450303	0.0728777719847	49.5471605396
glutathione_glutamate	215.0	0.194	0.087	5	2.14040001632	0.31248042142	-64.9057514122
glutathione_glutamate	215.0	0.194	0.087	6	2.14268703687	0.0862137900649	244.196913955
glutathione_glutamate	215.0	0.194	0.087	7	2.16186778644	0.19090585505	159.205671076
glutathione_glutamate	215.0	0.194	0.087	8	2.16462222244	0.203664662626	107.260176089
glutathione_glutamate	215.0	0.194	0.087	9	2.18632346964	0.187749770012	-50.5328546864
glutathione_glutamate	215.0	0.194	0.087	10	2.19183755794	0.00179492464456	195.882911583
glutathione_glutamate	215.0	0.194	0.087	11	2.21720916435	0.00238422211941	-53.392292577
glutathione_glutamate	215.0	0.194	0.087	12	2.44896764111	0.0933441728984	187.298914354
glutathione_glutamate	215.0	0.194	0.087	13	2.47132755985	0.0865167128341	-6.43937711091
glutathione_glutamate	215.0	0.194	0.087	14	2.4733846536	0.063160392873	-35.0600079339
glutathione_glutamate	215.0	0.194	0.087	15	2.49587792822	0.0715723347993	162.535787855
glutathione_glutamate	215.0	0.194	0.087	16	2.50238564979	0.0363517634126	-37.5225091716
glutathione_glutamate	215.0	0.194	0.087	17	2.50246419983	0.038806297884	259.675254563
glutathione_glutamate	215.0	0.194	0.087	18	2.52109143292	0.0707980598413	80.5061088212
glutathione_glutamate	215.0	0.194	0.087	19	2.52487857022	0.0395059524649	136.505660105
glutathione_glutamate	215.0	0.194	0.087	20	2.52676266476	0.115805826994	132.519932152
glutathione_glutamate	215.0	0.194	0.087	21	2.54517874597	0.0373946827266	260.833360213
glutathione_glutamate	215.0	0.194	0.087	22	2.54621688415	0.0667931086091	-55.0773735626
glutathione_glutamate	215.0	0.194	0.087	23	2.54935131086	0.0317773561446	52.6666522567
glutathione_glutamate	215.0	0.194	0.087	24	2.54935938617	0.0265016151757	-19.0794769616
glutathione_glutamate	215.0	0.194	0.087	25	2.57018020232	0.0679622004048	23.4533899045
glutathione_glutamate	215.0	0.194	0.087	26	2.57454753898	0.0895526828132	246.674730757
glutathione_glutamate	215.0	0.194	0.087	27	2.59907925494	0.142093513973	40.6692606498
glutathione_glutamate	215.0	0.194	0.087	28	2.623665076	0.0765967372132	214.043176735
glutathione_glutamate	215.0	0.194	0.087	29	3.74782165313	0.230563449751	121.026064878
glutathione_glutamate	215.0	0.194	0.087	30	3.76911004552	0.414686509037	-9.89044222941
glutathione_glutamate	215.0	0.194	0.087	31	3.79046840541	0.244917549827	223.843313977
glutathione_glycine	215.0	0.194	0.087	0	3.769	1.99032799914	-8.67617738626
glutathione_cysteine	215.0	0.194	0.087	0	2.88158786835	0.112475307316	110.359810397
glutathione_cysteine	215.0	0.194	0.087	1	2.90438113802	0.121892339247	18.1572606976
glutathione_cysteine	215.0	0.194	0.087	2	2.92889438817	0.332694744871	80.6345508006
glutathione_cysteine	215.0	0.194	0.087	3	2.95168765785	0.373639219404	-59.7366756565
glutathione_cysteine	215.0	0.194	0.087	4	2.95222786887	0.330325790885	8.93195309444
glutathione_cysteine	215.0	0.194	0.087	5	2.96913681216	0.390961327858	-32.1817761655
glutathione_cysteine	215.0	0.194	0.087	6	2.9995343887	0.10672007182	-11.0457079515
glutathione_cysteine	215.0	0.194	0.087	7	3.01644333198	0.131997659923	247.9941272
glutathione_cysteine	215.0	0.194	0.087	8	4.54107552999	0.293235143186	91.3378210684
glutathione_cysteine	215.0	0.194	0.087	9	4.55798447328	0.206748968602	30.3092262106
glutathione_cysteine	215.0	0.194	0.087	10	4.56386879967	0.228386345423	-28.1426376108
glutathione_cysteine	215.0	0.194	0.087	11	4.58077774296	0.206347321582	264.518957139
gpc_N(CH3)3_b	215.0	0.097	0.121	0	3.21008187989	1.66033548295	-6.1166615252
gpc_N(CH3)3_b	215.0	0.097	0.121	1	3.21199956083	0.10885404385	84.6779287389
gpc_N(CH3)3_b	215.0	0.097	0.121	2	3.21199956069	0.340484427547	-6.78816130961
gpc_N(CH3)3_b	215.0	0.097	0.121	3	3.21199956077	0.268616748019	7.91858381263
gpc_N(CH3)3_b	215.0	0.097	0.121	4	3.21199956048	0.0369650132417	193.512850544
gpc_N(CH3)3_b	215.0	0.097	0.121	5	3.21199956089	0.196977975203	-19.6384789435
gpc_N(CH3)3_b	215.0	0.097	0.121	6	3.21199956104	0.026475634189	137.534713849
gpc_N(CH3)3_b	215.0	0.097	0.121	7	3.21199956147	0.0102560503361	266.773702191
gpc_N(CH3)3_b	215.0	0.097	0.121	8	3.21199956095	0.141386354058	-18.1291200361
gpc_N(CH3)3_b	215.0	0.097	0.121	9	3.21391783082	0.630029123364	-16.4035787733
gpc_N(CH3)3_b	215.0	0.097	0.121	10	3.21391733881	0.0235752000501	182.222045616
gpc_N(CH3)3_b	215.0	0.097	0.121	11	3.21391774608	0.82601606978	-6.12958735548
gpc_N(CH3)3_b	215.0	0.097	0.121	12	3.21391777595	0.779840174758	-5.88137729133
gpc_N(CH3)3_b	215.0	0.097	0.121	13	3.21391789368	0.0186396670711	110.400377481
gpc_N(CH3)3_b	215.0	0.097	0.121	14	3.21391788068	0.611646879072	-4.95064839977
gpc_N(CH3)3_b	215.0	0.097	0.121	15	3.21391774409	0.0118852622885	228.100155729
gpc_N(CH3)3_b	215.0	0.097	0.121	16	3.2139181199	0.0215041056724	27.4807722773
gpc_7-CH2_8-CH2	215.0	0.097	0.087	0	3.59557808424	0.000969754265751	-52.7808522034
gpc_7-CH2_8-CH2	215.0	0.097	0.087	1	3.64367017031	0.397118640756	-23.3162803387
gpc_7-CH2_8-CH2	215.0	0.097	0.087	2	3.64350840162	0.00669280252148	174.517847953
gpc_7-CH2_8-CH2	215.0	0.097	0.087	3	3.6438348234	0.00713894938593	40.9210175386
gpc_7-CH2_8-CH2	215.0	0.097	0.087	4	3.65425545423	0.209196955687	100.118071503
gpc_7-CH2_8-CH2	215.0	0.097	0.087	5	3.654252535	0.015207675667	225.990628828
gpc_7-CH2_8-CH2	215.0	0.097	0.087	6	3.65867527498	0.393195907204	-14.7012267038
gpc_7-CH2_8-CH2	215.0	0.097	0.087	7	3.66367661628	0.210487458854	242.036843372
gpc_7-CH2_8-CH2	215.0	0.097	0.087	8	3.66367576346	0.0227165128124	11.2975927575
gpc_7-CH2_8-CH2	215.0	0.097	0.087	9	3.67395040774	0.451580543071	9.47384305237
gpc_7-CH2_8-CH2	215.0	0.097	0.087	10	3.67388961176	0.020685495128	150.748816301
gpc_7-CH2_8-CH2	215.0	0.097	0.087	11	3.72172131336	0.00107617756143	146.334403852
gpc_7-CH2_8-CH2	215.0	0.097	0.087	12	4.27792332086	0.0876202365161	-18.5011682262
gpc_7-CH2_8-CH2	215.0	0.097	0.087	13	4.28689486157	0.0904773276782	-22.9125496997
gpc_7-CH2_8-CH2	215.0	0.097	0.087	14	4.28818766407	0.0418564748119	104.695738598
gpc_7-CH2_8-CH2	215.0	0.097	0.087	15	4.29319313003	0.0776798647415	-10.8993065228
gpc_7-CH2_8-CH2	215.0	0.097	0.087	16	4.2958786527	0.091954955302	-25.152207717
gpc_7-CH2_8-CH2	215.0	0.097	0.087	17	4.29753215847	0.0606046652613	96.2071894184
gpc_7-CH2_8-CH2	215.0	0.097	0.087	18	4.29760893564	0.0409399243669	246.844646997
gpc_7-CH2_8-CH2	215.0	0.097	0.087	19	4.29821322583	0.036227439811	61.3771563292
gpc_7-CH2_8-CH2	215.0	0.097	0.087	20	4.30217092508	0.0749702033684	-4.99284724859
gpc_7-CH2_8-CH2	215.0	0.097	0.087	21	4.30615438911	0.0419765158406	104.022162298
gpc_7-CH2_8-CH2	215.0	0.097	0.087	22	4.30658673879	0.0408221136271	247.502480472
gpc_7-CH2_8-CH2	215.0	0.097	0.087	23	4.30761418028	0.141862993888	-14.6560126682
gpc_7-CH2_8-CH2	215.0	0.097	0.087	24	4.30824868073	0.0942044913972	16.2480161067
gpc_7-CH2_8-CH2	215.0	0.097	0.087	25	4.31115890658	0.0728758321998	1.84645371118
gpc_7-CH2_8-CH2	215.0	0.097	0.087	26	4.31313171859	0.0164140949919	217.363110085
gpc_7-CH2_8-CH2	215.0	0.097	0.087	27	4.31387413118	0.0204615279501	28.1447752751
gpc_7-CH2_8-CH2	215.0	0.097	0.087	28	4.31557564822	0.0408056043585	247.574381833
gpc_7-CH2_8-CH2	215.0	0.097	0.087	29	4.31669253195	0.174614682002	-1.47293854185
gpc_7-CH2_8-CH2	215.0	0.097	0.087	30	4.31752903925	0.0503303091462	98.055192632
gpc_7-CH2_8-CH2	215.0	0.097	0.087	31	4.32246222483	0.071907090328	8.88912405656
gpc_7-CH2_8-CH2	215.0	0.097	0.087	32	4.32616077014	0.0783629404393	12.3195618533
gpc_7-CH2_8-CH2	215.0	0.097	0.087	33	4.32644270595	0.0415518754189	105.478513829
gpc_7-CH2_8-CH2	215.0	0.097	0.087	34	4.32687501785	0.0409236778765	246.926478322
gpc_7-CH2_8-CH2	215.0	0.097	0.087	35	4.32831487917	0.0149894930459	151.406679538
gpc_7-CH2_8-CH2	215.0	0.097	0.087	36	4.32864716427	0.00381336931599	17.6215625016
gpc_7-CH2_8-CH2	215.0	0.097	0.087	37	4.33145467504	0.0726041802878	11.2547514937
gpc_7-CH2_8-CH2	215.0	0.097	0.087	38	4.33586397748	0.0410768749023	246.174462053
gpc_7-CH2_8-CH2	215.0	0.097	0.087	39	4.33745728071	0.0795693736299	5.07004451141
gpc_7-CH2_8-CH2	215.0	0.097	0.087	40	4.34644340618	0.0812667155951	0.219178992281
gpc_7-CH2_8-CH2	215.0	0.097	0.087	41	4.37657161832	0.00135738610898	229.13898776
gpc_glycerol	215.0	0.097	0.087	0	3.53712165309	0.00303773863778	244.129542873
gpc_glycerol	215.0	0.097	0.087	1	3.54410022421	0.00356541723616	167.010297189
gpc_glycerol	215.0	0.097	0.087	2	3.54638811193	0.0020337436725	89.4286937621
gpc_glycerol	215.0	0.097	0.087	3	3.54917396702	0.00675345422261	6.56169101703
gpc_glycerol	215.0	0.097	0.087	4	3.56192782366	0.0174196732223	116.539335493
gpc_glycerol	215.0	0.097	0.087	5	3.56192788218	0.00617038406741	-14.3983073495
gpc_glycerol	215.0	0.097	0.087	6	3.56200822476	0.00210539252781	195.168151826
gpc_glycerol	215.0	0.097	0.087	7	3.56204824741	0.0140427885278	60.8945979241
gpc_glycerol	215.0	0.097	0.087	8	3.56463347212	0.00808644659035	58.1314299849
gpc_glycerol	215.0	0.097	0.087	9	3.56574445655	0.00593691406156	269.232449049
gpc_glycerol	215.0	0.097	0.087	10	3.5698110646	0.00709314818475	37.2007702081
gpc_glycerol	215.0	0.097	0.087	11	3.57049486335	0.00561723244186	268.918758862
gpc_glycerol	215.0	0.097	0.087	12	3.57304061122	0.00832220965278	134.683900741
gpc_glycerol	215.0	0.097	0.087	13	3.57798243373	0.0135057990596	166.304763951
gpc_glycerol	215.0	0.097	0.087	14	3.58122372138	0.0182779388012	51.5434198838
gpc_glycerol	215.0	0.097	0.087	15	3.58115717219	0.0177377813394	219.665026852
gpc_glycerol	215.0	0.097	0.087	16	3.58128351126	0.00812606224952	165.73262523
gpc_glycerol	215.0	0.097	0.087	17	3.58297543498	0.00180647121411	-77.8021879741
gpc_glycerol	215.0	0.097	0.087	18	3.59436997824	0.00817443309201	13.279003383
gpc_glycerol	215.0	0.097	0.087	19	3.59561533423	0.0152013245589	-31.6552351434
gpc_glycerol	215.0	0.097	0.087	20	3.59678339401	0.00530522941408	25.8854262937
gpc_glycerol	215.0	0.097	0.087	21	3.59935492928	0.00132987454374	-63.0357310572
gpc_glycerol	215.0	0.097	0.087	22	3.60600984182	0.00337168993701	5.20766243258
gpc_glycerol	215.0	0.097	0.087	23	3.6116156128	0.0272749918977	264.396675449
gpc_glycerol	215.0	0.097	0.087	24	3.61161569591	0.00691163269994	-57.9007326634
gpc_glycerol	215.0	0.097	0.087	25	3.61168545599	0.00464583051143	16.6946632611
gpc_glycerol	215.0	0.097	0.087	26	3.61170816056	0.0180987393362	157.069285492
gpc_glycerol	215.0	0.097	0.087	27	3.61351022951	0.0193954356188	86.5557127713
gpc_glycerol	215.0	0.097	0.087	28	3.6171489804	0.0401730081552	163.852203618
gpc_glycerol	215.0	0.097	0.087	29	3.61746620722	0.014769904927	-46.5502119389
gpc_glycerol	215.0	0.097	0.087	30	3.61942412374	0.00389142123617	234.111315742
gpc_glycerol	215.0	0.097	0.087	31	3.62479239281	0.0243336508163	70.5318172573
gpc_glycerol	215.0	0.097	0.087	32	3.6251028457	0.0161788824167	157.262558919
gpc_glycerol	215.0	0.097	0.087	33	3.62612395938	0.0277566598252	-49.2227516582
gpc_glycerol	215.0	0.097	0.087	34	3.63058428847	0.0623163026974	-80.8335754443
gpc_glycerol	215.0	0.097	0.087	35	3.63077358765	0.0199521267147	172.027662776
gpc_glycerol	215.0	0.097	0.087	36	3.63098156124	0.0463881331599	233.400371528
gpc_glycerol	215.0	0.097	0.087	37	3.63312277017	0.00870171606785	5.08448922915
gpc_glycerol	215.0	0.097	0.087	38	3.64734277252	0.0668387771608	136.890788343
gpc_glycerol	215.0	0.097	0.087	39	3.64746906428	0.00333315942907	258.460770771
gpc_glycerol	215.0	0.097	0.087	40	3.64755296401	0.0293618364727	45.5086973209
gpc_glycerol	215.0	0.097	0.087	41	3.64766382201	0.0131637575412	-25.9996738686
gpc_glycerol	215.0	0.097	0.087	42	3.64933404729	0.00627642228427	53.4948818083
gpc_glycerol	215.0	0.097	0.087	43	3.6507524004	0.0155618835324	123.363199667
gpc_glycerol	215.0	0.097	0.087	44	3.65303739627	0.00860425498424	-51.5654124843
gpc_glycerol	215.0	0.097	0.087	45	3.6535081215	0.0143386796101	246.025290903
gpc_glycerol	215.0	0.097	0.087	46	3.6568299803	0.0242993829194	130.489723536
gpc_glycerol	215.0	0.097	0.087	47	3.65713142765	0.011468464991	4.29324447527
gpc_glycerol	215.0	0.097	0.087	48	3.65964296259	0.0158973835614	65.1745490077
gpc_glycerol	215.0	0.097	0.087	49	3.65999676312	0.00116686561061	-60.2970431295
gpc_glycerol	215.0	0.097	0.087	50	3.66080049344	0.017551405261	169.993257744
gpc_glycerol	215.0	0.097	0.087	51	3.66278422396	0.0647544390949	68.7477749701
gpc_glycerol	215.0	0.097	0.087	52	3.66271414667	0.0544687532834	218.565425056
gpc_glycerol	215.0	0.097	0.087	53	3.66490770063	0.000859597198214	160.420139026
gpc_glycerol	215.0	0.097	0.087	54	3.67721533164	0.0140858709167	21.6393848014
gpc_glycerol	215.0	0.097	0.087	55	3.67781424085	0.00240835502679	254.784772236
gpc_glycerol	215.0	0.097	0.087	56	3.67932529317	0.00237597636504	-27.1910569016
gpc_glycerol	215.0	0.097	0.087	57	3.67958304443	0.00354219136677	-80.7353009475
gpc_glycerol	215.0	0.097	0.087	58	3.68070985328	0.00779964512131	49.9274094451
gpc_glycerol	215.0	0.097	0.087	59	3.69071041699	0.00515344653915	1.78285769245
gpc_glycerol	215.0	0.097	0.087	60	3.69717347993	0.0403238637657	262.800080576
gpc_glycerol	215.0	0.097	0.087	61	3.69721287716	0.0120096617418	132.587840463
gpc_glycerol	215.0	0.097	0.087	62	3.69851817336	0.00370578476324	-44.6301162687
gpc_glycerol	215.0	0.097	0.087	63	3.70064618949	0.0121238411313	161.814269354
gpc_glycerol	215.0	0.097	0.087	64	3.70123719352	0.00261375147668	29.0067826545
gpc_glycerol	215.0	0.097	0.087	65	3.70245447363	0.00539730762044	217.894983042
gpc_glycerol	215.0	0.097	0.087	66	3.70709486346	0.00724724212642	32.8273240016
gpc_glycerol	215.0	0.097	0.087	67	3.70832917738	0.00842235707134	201.177964945
gpc_glycerol	215.0	0.097	0.087	68	3.70913721753	0.0118784959074	-38.4314536439
gpc_glycerol	215.0	0.097	0.087	69	3.71216048561	0.0208717862427	241.364233093
gpc_glycerol	215.0	0.097	0.087	70	3.71219148913	0.00678747592927	73.2821083463
gpc_glycerol	215.0	0.097	0.087	71	3.71232031878	0.00937500258716	-69.5042666362
gpc_glycerol	215.0	0.097	0.087	72	3.71249515818	0.00732111022513	-9.88294943951
gpc_glycerol	215.0	0.097	0.087	73	3.72996629265	0.00502312045347	-25.2475923256
gpc_glycerol	215.0	0.097	0.087	74	3.73045811385	0.00394298635127	108.12754812
gpc_glycerol	215.0	0.097	0.087	75	3.73175213004	0.00084673890572	37.3423568185
gpc_glycerol	215.0	0.097	0.087	76	3.79209022585	0.00268575532088	41.8924932423
gpc_glycerol	215.0	0.097	0.087	77	3.80401456621	0.00333473751826	261.703711628
gpc_glycerol	215.0	0.097	0.087	78	3.80650602466	0.00313061936389	250.298615446
gpc_glycerol	215.0	0.097	0.087	79	3.80797506672	0.00182196117616	114.77545133
gpc_glycerol	215.0	0.097	0.087	80	3.81246118215	0.00980731774769	-3.24601781961
gpc_glycerol	215.0	0.097	0.087	81	3.8219021502	0.0127116254798	113.249700316
gpc_glycerol	215.0	0.097	0.087	82	3.8236775389	0.00330349461413	113.080748629
gpc_glycerol	215.0	0.097	0.087	83	3.82533546253	0.00738311505744	103.684320075
gpc_glycerol	215.0	0.097	0.087	84	3.826891376	0.00590737796655	97.9497322216
gpc_glycerol	215.0	0.097	0.087	85	3.83716774119	0.0263352617548	122.779359178
gpc_glycerol	215.0	0.097	0.087	86	3.8373306606	0.0726798717346	251.675014529
gpc_glycerol	215.0	0.097	0.087	87	3.84026356605	0.0107967003899	171.275579827
gpc_glycerol	215.0	0.097	0.087	88	3.84158553945	0.00971412844747	26.365180594
gpc_glycerol	215.0	0.097	0.087	89	3.84208833958	0.00904437077058	-47.6131042522
gpc_glycerol	215.0	0.097	0.087	90	3.84532177124	0.00756341772528	3.40087110951
gpc_glycerol	215.0	0.097	0.087	91	3.8572302806	0.0106565171241	-48.1731357517
gpc_glycerol	215.0	0.097	0.087	92	3.85748643756	0.00625166186767	74.6073869783
gpc_glycerol	215.0	0.097	0.087	93	3.8576232975	0.0332646846433	257.320718568
gpc_glycerol	215.0	0.097	0.087	94	3.86324871061	0.0342942765983	253.996905583
gpc_glycerol	215.0	0.097	0.087	95	3.86574192952	0.0470698795964	-39.5488422363
gpc_glycerol	215.0	0.097	0.087	96	3.87259474796	0.0315278094445	223.622914485
gpc_glycerol	215.0	0.097	0.087	97	3.87428551652	0.0280988726404	18.6198160152
gpc_glycerol	215.0	0.097	0.087	98	3.87711040454	0.00234944174051	111.8144295
gpc_glycerol	215.0	0.097	0.087	99	3.88014930752	0.0516517489976	120.186882036
gpc_glycerol	215.0	0.097	0.087	100	3.88053700844	0.0114372194247	48.5463940174
gpc_glycerol	215.0	0.097	0.087	101	3.88267873654	0.00360214709567	-72.6705749957
gpc_glycerol	215.0	0.097	0.087	102	3.88515864458	0.0547503651367	236.438017219
gpc_glycerol	215.0	0.097	0.087	103	3.89008734653	0.059202590388	228.012337055
gpc_glycerol	215.0	0.097	0.087	104	3.89040558606	0.0245612430786	43.0431176199
gpc_glycerol	215.0	0.097	0.087	105	3.89253276981	0.00280643752771	-24.4171040799
gpc_glycerol	215.0	0.097	0.087	106	3.89332608754	0.0477330517348	225.809838124
gpc_glycerol	215.0	0.097	0.087	107	3.89482815195	0.0230561422969	159.445036176
gpc_glycerol	215.0	0.097	0.087	108	3.89431166586	0.0607842706979	-20.5684849946
gpc_glycerol	215.0	0.097	0.087	109	3.89520514343	0.0314201426408	209.655082895
gpc_glycerol	215.0	0.097	0.087	110	3.89595799836	0.0607159513369	-24.8579088712
gpc_glycerol	215.0	0.097	0.087	111	3.89821850678	0.0072587347342	21.7678052605
gpc_glycerol	215.0	0.097	0.087	112	3.90011136364	0.0325995350818	158.771927481
gpc_glycerol	215.0	0.097	0.087	113	3.90025269102	0.0842703939298	14.5053850423
gpc_glycerol	215.0	0.097	0.087	114	3.90227656174	0.0241242220949	4.09218974677
gpc_glycerol	215.0	0.097	0.087	115	3.90240667232	0.0303662073066	-76.7239921348
gpc_glycerol	215.0	0.097	0.087	116	3.90405675362	0.0499614746083	-14.9334490205
gpc_glycerol	215.0	0.097	0.087	117	3.90438530917	0.0145803252122	133.49970726
gpc_glycerol	215.0	0.097	0.087	118	3.90665754566	0.0262330307313	-1.57308729083
gpc_glycerol	215.0	0.097	0.087	119	3.90801031229	0.0212393887259	132.600510546
gpc_glycerol	215.0	0.097	0.087	120	3.91006319562	0.0104679634704	232.69314214
gpc_glycerol	215.0	0.097	0.087	121	3.91221973518	0.0616456427681	140.779747623
gpc_glycerol	215.0	0.097	0.087	122	3.91468969967	0.00861656543647	27.7753054159
gpc_glycerol	215.0	0.097	0.087	123	3.91465503985	0.0683723386062	126.420924081
gpc_glycerol	215.0	0.097	0.087	124	3.91632072121	0.00893657321425	153.027345018
gpc_glycerol	215.0	0.097	0.087	125	3.91668853709	0.0257676737216	-86.5798819736
gpc_glycerol	215.0	0.097	0.087	126	3.92003875301	0.0656517572012	124.23159312
gpc_glycerol	215.0	0.097	0.087	127	3.91948983091	0.0151010234087	-86.7023237626
gpc_glycerol	215.0	0.097	0.087	128	3.91981509692	0.0100859256895	59.0159642407
gpc_glycerol	215.0	0.097	0.087	129	3.92423142221	0.0667791560158	-42.3191077558
gpc_glycerol	215.0	0.097	0.087	130	3.92376966262	0.0505444440712	-47.1057676457
gpc_glycerol	215.0	0.097	0.087	131	3.92430452189	0.0115854623757	210.118230795
gpc_glycerol	215.0	0.097	0.087	132	3.92702354205	0.0195810507296	17.7095594339
gpc_glycerol	215.0	0.097	0.087	133	3.93018278932	0.0176182278863	30.6412108381
gpc_glycerol	215.0	0.097	0.087	134	3.93171752243	0.0277672233588	186.311572154
gpc_glycerol	215.0	0.097	0.087	135	3.93185977592	0.011912988396	-3.77478358923
gpc_glycerol	215.0	0.097	0.087	136	3.93424057545	0.0103639580175	155.079027144
gpc_glycerol	215.0	0.097	0.087	137	3.94366086651	0.0022194721693	267.148356915
gpc_glycerol	215.0	0.097	0.087	138	3.94432926832	0.00541659214647	201.374979593
gpc_glycerol	215.0	0.097	0.087	139	3.94594586238	0.00401165273675	119.888533096
gpc_glycerol	215.0	0.097	0.087	140	3.94805771658	0.0236881941304	255.169320843
gpc_glycerol	215.0	0.097	0.087	141	3.94993119394	0.010462214173	254.83866665
gpc_glycerol	215.0	0.097	0.087	142	3.95034989145	0.0205146135879	196.1476903
gpc_glycerol	215.0	0.097	0.087	143	3.95350400826	0.00677152577244	120.569076798
gpc_glycerol	215.0	0.097	0.087	144	3.95753847857	0.00521961821684	193.285867726
gpc_glycerol	215.0	0.097	0.087	145	3.96065382964	0.0205004665349	214.113782823
gpc_glycerol	215.0	0.097	0.087	146	3.96076058661	0.0680951644185	93.8416308421
gpc_glycerol	215.0	0.097	0.087	147	3.96555307488	0.0144425661695	-28.9678490392
gpc_glycerol	215.0	0.097	0.087	148	3.97107937599	0.0141014700803	224.365555878
gpc_glycerol	215.0	0.097	0.087	149	3.97218450993	0.000895083576291	-40.4051266154
gpc_glycerol	215.0	0.097	0.087	150	3.9734376796	0.00876437555222	182.860816733
gpc_glycerol	215.0	0.097	0.087	151	3.98093881482	0.0139362160164	-42.8836861161
gpc_glycerol	215.0	0.097	0.087	152	3.98093748923	0.00667223963789	96.4904842873
gpc_glycerol	215.0	0.097	0.087	153	3.9810178318	0.00695759186254	234.60801057
gpc_glycerol	215.0	0.097	0.087	154	3.98313880554	0.00710377985121	19.2310150389
gpc_glycerol	215.0	0.097	0.087	155	3.98536453393	0.00221323860166	132.184214452
gpc_glycerol	215.0	0.097	0.087	156	3.98842450408	0.0105702005387	0.573980772561
gpc_glycerol	215.0	0.097	0.087	157	3.99085659676	0.00672205307334	90.0818537593
gpc_glycerol	215.0	0.097	0.087	158	3.99829034924	0.00197030091583	90.5824283846
gpc_glycerol	215.0	0.097	0.087	159	4.00146745403	0.00176037790435	65.8123207463
gpc_glycerol	215.0	0.097	0.087	160	4.00269944645	0.00292428816837	-72.8844049919
gpc_glycerol	215.0	0.097	0.087	161	4.0065617582	0.0102427729152	142.139730414
gpc_glycerol	215.0	0.097	0.087	162	4.00824283197	0.00232456121742	-50.2706647848
gpc_glycerol	215.0	0.097	0.087	163	4.0148140493	0.00193102567014	-45.7372799591
gpc_glycerol	215.0	0.097	0.087	164	4.01782892618	0.000848860761177	197.176617142
gpc_N(CH3)3_a	215.0	0.097	0.121	0	3.2100818801	1.32823617298	-6.11666671498
gpc_N(CH3)3_a	215.0	0.097	0.121	1	3.21199956045	0.167184215647	110.619288908
gpc_N(CH3)3_a	215.0	0.097	0.121	2	3.21199956062	0.0316782664434	-52.3254086499
gpc_N(CH3)3_a	215.0	0.097	0.121	3	3.21199956066	0.103203464511	239.750320959
gpc_N(CH3)3_a	215.0	0.097	0.121	4	3.21199956103	0.111380877522	5.06339080237
gpc_N(CH3)3_a	215.0	0.097	0.121	5	3.21199956096	0.0332527781983	169.352492467
gpc_N(CH3)3_a	215.0	0.097	0.121	6	3.21391782628	0.184217291764	44.8978280832
gpc_N(CH3)3_a	215.0	0.097	0.121	7	3.21391755934	0.154546936412	-47.7809648687
gpc_N(CH3)3_a	215.0	0.097	0.121	8	3.21391779088	0.0365755905035	208.913101216
gpc_N(CH3)3_a	215.0	0.097	0.121	9	3.21391764216	0.0361581578891	159.985416263
lactate	215.0	0.039	0.087	0	1.30248561585	0.217260116104	189.401030854
lactate	215.0	0.039	0.087	1	1.32581224961	0.753226739634	257.586310662
lactate	215.0	0.039	0.087	2	4.06255628652	0.110662060629	96.2279699424
lactate	215.0	0.039	0.087	3	4.08586499938	0.326415660757	265.9937447
lactate	215.0	0.039	0.087	4	4.10919667661	0.339839281627	77.163263485
lactate	215.0	0.039	0.087	5	4.13253700483	0.105877430998	251.758095409
naa_acetyl	215.0	1.0	0.13	0	2.008	1.80600893876	37.6474929162
naa_aspartate	215.0	1.0	0.069	0	2.42994718891	0.185726928533	-80.9943473745
naa_aspartate	215.0	1.0	0.069	1	2.46264917558	0.250716094001	252.273344131
naa_aspartate	215.0	1.0	0.069	2	2.48240727682	0.260471576292	144.531918518
naa_aspartate	215.0	1.0	0.069	3	2.51510971059	0.0880458685746	171.328726515
naa_aspartate	215.0	1.0	0.069	4	2.63340731612	0.317824332386	53.3386981471
naa_aspartate	215.0	1.0	0.069	5	2.64673843332	0.0686999869162	70.1699184598
naa_aspartate	215.0	1.0	0.069	6	2.6858675755	0.175573538576	-76.6577162701
naa_aspartate	215.0	1.0	0.069	7	2.69919863021	0.276749492222	-27.3595040184
naa_aspartate	215.0	1.0	0.069	8	4.33805226897	0.122597300974	48.0525226684
naa_aspartate	215.0	1.0	0.069	9	4.3513830937	0.0768892213649	89.1293779188
naa_aspartate	215.0	1.0	0.069	10	4.35958461114	0.138935829825	-89.7636462543
naa_aspartate	215.0	1.0	0.069	11	4.3707545707	0.0698910685008	32.8569274835
naa_aspartate	215.0	1.0	0.069	12	4.37291590033	0.074335373171	-51.3390075486
naa_aspartate	215.0	1.0	0.069	13	4.38408539298	0.121708217289	70.4543236723
naa_aspartate	215.0	1.0	0.069	14	4.39228650928	0.0795716822066	257.901277406
naa_aspartate	215.0	1.0	0.069	15	4.40561779602	0.134088878832	-51.1557314981
myoinositol	215.0	0.578	0.087	0	3.14666717957	0.000863132919871	-26.1857920947
myoinositol	215.0	0.578	0.087	1	3.14830362726	0.000899325546434	-46.1477141486
myoinositol	215.0	0.578	0.087	2	3.1561701155	0.00094490061508	224.361986816
myoinositol	215.0	0.578	0.087	3	3.17925434788	0.00171925651181	-38.1432228472
myoinositol	215.0	0.578	0.087	4	3.18772796561	0.00171077204985	181.154306686
myoinositol	215.0	0.578	0.087	5	3.18939356493	0.00142842538765	202.726660618
myoinositol	215.0	0.578	0.087	6	3.23577347605	0.0684103957361	-19.2915662197
myoinositol	215.0	0.578	0.087	7	3.23672937869	0.0197715104125	228.520152246
myoinositol	215.0	0.578	0.087	8	3.23748626601	0.00490226228482	52.0255691393
myoinositol	215.0	0.578	0.087	9	3.23786812094	0.00162797319936	-89.8749480847
myoinositol	215.0	0.578	0.087	10	3.26490684787	0.00318533362085	60.4009380222
myoinositol	215.0	0.578	0.087	11	3.26508807032	0.0120294169695	-2.830227929
myoinositol	215.0	0.578	0.087	12	3.26727339745	0.0300695134085	199.538457108
myoinositol	215.0	0.578	0.087	13	3.26757114047	0.142544454966	-11.7876819511
myoinositol	215.0	0.578	0.087	14	3.26786885792	0.00368611170169	137.594831764
myoinositol	215.0	0.578	0.087	15	3.26981074605	0.00993038800309	27.0680255054
myoinositol	215.0	0.578	0.087	16	3.26999263665	0.00890143478986	180.592791287
myoinositol	215.0	0.578	0.087	17	3.29801512586	0.0453381966066	87.9696797781
myoinositol	215.0	0.578	0.087	18	3.2991638692	0.100760125288	-24.038916416
myoinositol	215.0	0.578	0.087	19	3.29852574849	0.000925429874839	145.125966141
myoinositol	215.0	0.578	0.087	20	3.34544819022	0.00136710100179	143.056342685
myoinositol	215.0	0.578	0.087	21	3.34727025946	0.00148876795681	140.772893852
myoinositol	215.0	0.578	0.087	22	3.34749047416	0.00196787420358	-17.3019876189
myoinositol	215.0	0.578	0.087	23	3.35599244961	0.00277410691569	17.7909364778
myoinositol	215.0	0.578	0.087	24	3.37845194327	0.00516870528256	146.125817058
myoinositol	215.0	0.578	0.087	25	3.38681359276	0.00314980799988	-16.2029971801
myoinositol	215.0	0.578	0.087	26	3.38843798204	0.00164273200137	11.493891227
myoinositol	215.0	0.578	0.087	27	3.49661966313	0.239193696767	149.789549728
myoinositol	215.0	0.578	0.087	28	3.49711259449	0.0338853301476	29.5625119084
myoinositol	215.0	0.578	0.087	29	3.49825840105	0.00651669425029	231.00688186
myoinositol	215.0	0.578	0.087	30	3.50623569335	0.0880037114556	-44.3265916068
myoinositol	215.0	0.578	0.087	31	3.50722154637	0.262770826071	225.936972671
myoinositol	215.0	0.578	0.087	32	3.53077982514	0.525863964553	91.4159127447
myoinositol	215.0	0.578	0.087	33	3.53965920621	0.389152138598	203.581532109
myoinositol	215.0	0.578	0.087	34	3.54108622127	0.0557071344823	-0.846872551077
myoinositol	215.0	0.578	0.087	35	3.54097582211	0.0701402985649	-29.0419258663
myoinositol	215.0	0.578	0.087	36	3.58599276517	0.628635703933	23.7481740332
myoinositol	215.0	0.578	0.087	37	3.61667967228	0.354526290099	-8.27394623897
myoinositol	215.0	0.578	0.087	38	3.61689239771	0.143613537721	234.3612566
myoinositol	215.0	0.578	0.087	39	3.61938382476	0.380250845476	-52.0481159505
myoinositol	215.0	0.578	0.087	40	3.61998460439	0.000898619409366	17.2754606775
myoinositol	215.0	0.578	0.087	41	3.6503005558	0.0666078909094	103.340272713
myoinositol	215.0	0.578	0.087	42	3.65050958493	0.244426798946	5.07137765624
myoinositol	215.0	0.578	0.087	43	4.04421815165	0.126606923292	213.476313012
myoinositol	215.0	0.578	0.087	44	4.04419513764	0.0293956417166	116.2854225
myoinositol	215.0	0.578	0.087	45	4.04441660481	0.00500162050048	20.1713572359
myoinositol	215.0	0.578	0.087	46	4.05388539883	0.260890783965	-4.94228304971
myoinositol	215.0	0.578	0.087	47	4.05365799311	0.0255598766601	105.573718773
myoinositol	215.0	0.578	0.087	48	4.05389031554	0.00246103519087	170.431099425
myoinositol	215.0	0.578	0.087	49	4.05411680095	0.0266958745285	236.131218089
myoinositol	215.0	0.578	0.087	50	4.06355480285	0.124699777026	135.316008893
myoinositol	215.0	0.578	0.087	51	4.06336805166	0.00572538996445	-7.14454237498
myoinositol	215.0	0.578	0.087	52	4.06358996032	0.0261480488074	229.0697081
naag_acetyl	215.0	0.16	0.13	0	2.032	1.90454040023	53.4949817886
naag_aspartyl	215.0	0.16	0.087	0	2.46274169543	0.141595098638	-53.0795325747
naag_aspartyl	215.0	0.16	0.087	1	2.49450147826	0.284598984346	246.988106415
naag_aspartyl	215.0	0.16	0.087	2	2.51627255614	0.357752625348	132.786866761
naag_aspartyl	215.0	0.16	0.087	3	2.54803233898	0.123448822613	264.501604739
naag_aspartyl	215.0	0.16	0.087	4	2.68014621287	0.276153635557	78.1913078421
naag_aspartyl	215.0	0.16	0.087	5	2.69524501619	0.101442014143	-66.7325700172
naag_aspartyl	215.0	0.16	0.087	6	2.73367707359	0.172503189686	-89.6211069377
naag_aspartyl	215.0	0.16	0.087	7	2.7487758769	0.217219744804	-44.619162304
naag_aspartyl	215.0	0.16	0.087	8	4.57372264483	0.188181836458	173.818156009
naag_aspartyl	215.0	0.16	0.087	9	4.58882144815	0.0945698732469	230.410335172
naag_aspartyl	215.0	0.16	0.087	10	4.60548242767	0.0389985191432	127.298182442
naag_aspartyl	215.0	0.16	0.087	11	4.62058123099	0.211097941787	169.924681516
naag_glutamate	215.0	0.16	0.087	0	1.871	0.505494738221	49.1020911675
naag_glutamate	215.0	0.16	0.087	1	2.039	0.644552015076	56.0835226081
naag_glutamate	215.0	0.16	0.087	2	2.17	0.69796290098	41.9492681959
naag_glutamate	215.0	0.16	0.087	3	2.18	0.70996962877	39.8585913861
naag_glutamate	215.0	0.16	0.087	4	4.118	0.994517421916	-6.10515123261
pcho_N(CH3)3_a	215.0	0.058	0.121	0	3.2060818805	1.32845863091	-5.97532951885
pcho_N(CH3)3_a	215.0	0.058	0.121	1	3.20799956064	0.133153752965	157.699612692
pcho_N(CH3)3_a	215.0	0.058	0.121	2	3.20799956101	0.163050175854	-33.1322029376
pcho_N(CH3)3_a	215.0	0.058	0.121	3	3.2079995611	0.101179315328	93.9202904466
pcho_N(CH3)3_a	215.0	0.058	0.121	4	3.20799956143	0.0363434559065	68.450271441
pcho_N(CH3)3_a	215.0	0.058	0.121	5	3.20799956117	0.007507262672	268.366389843
pcho_N(CH3)3_a	215.0	0.058	0.121	6	3.20991767104	0.0618348043738	85.9632590279
pcho_N(CH3)3_a	215.0	0.058	0.121	7	3.2099176072	0.225574557969	-19.0125320689
pcho_N(CH3)3_a	215.0	0.058	0.121	8	3.20991786225	0.100449757339	-1.30902620243
pcho_N(CH3)3_a	215.0	0.058	0.121	9	3.20991768391	0.0556479306951	155.73712354
pcho_N(CH3)3_a	215.0	0.058	0.121	10	3.20991780195	0.0501101786179	241.335122704
pcr_N(CH3)	215.0	0.422	0.09	0	3.029	2.98779481837	-2.08583101694
pcho_N(CH3)3_b	215.0	0.058	0.121	0	3.20608188019	1.66052768616	-5.97532004755
pcho_N(CH3)3_b	215.0	0.058	0.121	1	3.20799956115	0.0749771066606	142.518799616
pcho_N(CH3)3_b	215.0	0.058	0.121	2	3.20799956095	0.335134076287	-1.01597993903
pcho_N(CH3)3_b	215.0	0.058	0.121	3	3.20799956096	0.321962277821	-2.99969586424
pcho_N(CH3)3_b	215.0	0.058	0.121	4	3.20799956134	0.0533354749621	163.466457031
pcho_N(CH3)3_b	215.0	0.058	0.121	5	3.20799956101	0.0466165045717	231.885017522
pcho_N(CH3)3_b	215.0	0.058	0.121	6	3.20799956107	0.16510230743	19.8590585581
pcho_N(CH3)3_b	215.0	0.058	0.121	7	3.20799956114	0.0404679660898	-61.3485800072
pcho_N(CH3)3_b	215.0	0.058	0.121	8	3.20799956137	0.0160918256888	98.8015862331
pcho_N(CH3)3_b	215.0	0.058	0.121	9	3.20991737365	0.0401456351189	158.511997426
pcho_N(CH3)3_b	215.0	0.058	0.121	10	3.20991773539	0.805691961673	-0.961689957521
pcho_N(CH3)3_b	215.0	0.058	0.121	11	3.20991804844	0.0112577141836	180.377930129
pcho_N(CH3)3_b	215.0	0.058	0.121	12	3.20991801475	0.342590631086	-9.28102927243
pcho_N(CH3)3_b	215.0	0.058	0.121	13	3.20991811979	0.00576478274113	-84.5119459668
pcho_N(CH3)3_b	215.0	0.058	0.121	14	3.20991811979	0.00600288861013	90.2436935916
pcr_X	215.0	0.422	0.081	0	3.93	1.98861807712	-7.46483242624
pcho_X	215.0	0.058	0.087	0	3.54205005565	0.00143412419078	207.173518978
pcho_X	215.0	0.058	0.087	1	3.62470093065	0.383004563757	-7.16154143486
pcho_X	215.0	0.058	0.087	2	3.62468275096	0.0214050423412	160.79239978
pcho_X	215.0	0.058	0.087	3	3.63118549055	0.0959126456363	218.476799874
pcho_X	215.0	0.058	0.087	4	3.6335404542	0.127520800909	156.606904437
pcho_X	215.0	0.058	0.087	5	3.64068178478	0.398268304419	-8.0636221427
pcho_X	215.0	0.058	0.087	6	3.63985464391	0.0168767822244	193.04268472
pcho_X	215.0	0.058	0.087	7	3.64823710585	0.117976625197	180.346285366
pcho_X	215.0	0.058	0.087	8	3.64823331038	0.00920879220156	21.2379240871
pcho_X	215.0	0.058	0.087	9	3.65059115987	0.0996816502571	124.46090524
pcho_X	215.0	0.058	0.087	10	3.65677937184	0.443133017296	-13.9557649716
pcho_X	215.0	0.058	0.087	11	3.65664517235	0.0171616515736	-80.8988645078
pcho_X	215.0	0.058	0.087	12	3.65690731178	0.0070125173792	219.087008312
pcho_X	215.0	0.058	0.087	13	3.7391474082	0.000711438398094	261.68604793
pcho_X	215.0	0.058	0.087	14	4.18372970344	0.000595951465447	-40.1263705888
pcho_X	215.0	0.058	0.087	15	4.24499811229	0.0844340849575	10.6497766671
pcho_X	215.0	0.058	0.087	16	4.25117623034	0.0185253518613	220.815959893
pcho_X	215.0	0.058	0.087	17	4.25353002872	0.0224651092573	169.427142983
pcho_X	215.0	0.058	0.087	18	4.25415917075	0.0863988969361	4.61421185976
pcho_X	215.0	0.058	0.087	19	4.26034183364	0.0184423906818	219.226518576
pcho_X	215.0	0.058	0.087	20	4.26042599344	0.0469000727829	-12.3764275759
pcho_X	215.0	0.058	0.087	21	4.26293324949	0.124609288408	-5.85448752248
pcho_X	215.0	0.058	0.087	22	4.26269565333	0.0230792675466	167.699097016
pcho_X	215.0	0.058	0.087	23	4.26610149364	0.0311024928104	-69.0695350122
pcho_X	215.0	0.058	0.087	24	4.26880463876	0.0412974521081	200.029860326
pcho_X	215.0	0.058	0.087	25	4.27024849911	0.0802666562863	-12.1023236737
pcho_X	215.0	0.058	0.087	26	4.27137927565	0.046122536934	148.576023664
pcho_X	215.0	0.058	0.087	27	4.2746358202	0.00796610103386	163.903924869
pcho_X	215.0	0.058	0.087	28	4.27525267875	0.0916568445601	-5.70970759784
pcho_X	215.0	0.058	0.087	29	4.27708103328	0.0741231960562	-5.61211239515
pcho_X	215.0	0.058	0.087	30	4.27739365253	0.023015106552	186.429062352
pcho_X	215.0	0.058	0.087	31	4.2794410625	0.0774652350785	-7.19722073512
pcho_X	215.0	0.058	0.087	32	4.27974747222	0.0182998648641	129.506572639
pcho_X	215.0	0.058	0.087	33	4.28144755342	0.0184847558136	219.261128421
pcho_X	215.0	0.058	0.087	34	4.28254318495	0.0182675796313	-27.4106886082
pcho_X	215.0	0.058	0.087	35	4.28380142513	0.0242404149148	164.139615305
pcho_X	215.0	0.058	0.087	36	4.28442642795	0.0909890886065	-5.9740182628
pcho_X	215.0	0.058	0.087	37	4.28623784515	0.0752679985173	-2.19288486916
pcho_X	215.0	0.058	0.087	38	4.28656905173	0.023062591766	186.808575899
pcho_X	215.0	0.058	0.087	39	4.28892291781	0.0177405769641	131.3797148
pcho_X	215.0	0.058	0.087	40	4.28933355904	0.00955553019788	-61.3751621044
pcho_X	215.0	0.058	0.087	41	4.29062489313	0.0185921375215	220.972307156
pcho_X	215.0	0.058	0.087	42	4.29139007639	0.0741275626096	1.55663662534
pcho_X	215.0	0.058	0.087	43	4.29265041668	0.0325895125228	158.087805878
pcho_X	215.0	0.058	0.087	44	4.29540732858	0.0764584240942	-2.12201233595
pcho_X	215.0	0.058	0.087	45	4.29800588064	0.0176784578853	-70.9419115231
pcho_X	215.0	0.058	0.087	46	4.29844195912	0.0340042748523	182.290152072
pcho_X	215.0	0.058	0.087	47	4.3005890271	0.0726553100011	7.7169195607
pcho_X	215.0	0.058	0.087	48	4.300851686	0.0172393653348	133.007435204
pcho_X	215.0	0.058	0.087	49	4.3073306585	0.0774361688936	-6.97721788099
pcho_X	215.0	0.058	0.087	50	4.30767344445	0.0228971274784	184.079378606
pcho_X	215.0	0.058	0.087	51	4.31002736134	0.0171700819699	133.310046326
pcho_X	215.0	0.058	0.087	52	4.31650390936	0.0788390226462	-12.9105232445
pcho_X	215.0	0.058	0.087	53	4.38082028267	0.000750574544037	29.0327687235
taurine	215.0	0.117	0.085	0	3.2209127337	0.197939509179	158.887386118
taurine	215.0	0.117	0.085	1	3.22397870406	0.280824299133	137.212829871
taurine	215.0	0.117	0.085	2	3.24241160821	0.10747694494	66.6182555618
taurine	215.0	0.117	0.085	3	3.24383044883	0.0940152789846	200.521981158
taurine	215.0	0.117	0.085	4	3.24407055337	0.0212715468782	36.3751815831
taurine	215.0	0.117	0.085	5	3.24589847399	0.454307800033	-6.9695374917
taurine	215.0	0.117	0.085	6	3.24772584198	0.0220026221431	-51.0634614478
taurine	215.0	0.117	0.085	7	3.26532934784	0.296880588142	185.739797944
taurine	215.0	0.117	0.085	8	3.26768692835	0.356253441568	211.065997656
taurine	215.0	0.117	0.085	9	3.39881286344	0.355141382332	133.328843274
taurine	215.0	0.117	0.085	10	3.40117086037	0.293086894405	158.801837025
taurine	215.0	0.117	0.085	11	3.41877394265	0.0219921560964	35.3206931823
taurine	215.0	0.117	0.085	12	3.42060154495	0.454635484473	-8.64963976212
taurine	215.0	0.117	0.085	13	3.42242968652	0.0212717733353	-51.8540306075
taurine	215.0	0.117	0.085	14	3.42266973488	0.0924761149575	144.062937731
taurine	215.0	0.117	0.085	15	3.42408818358	0.108412116572	-81.9484669338
taurine	215.0	0.117	0.085	16	3.44252147965	0.283328501152	207.269635085
taurine	215.0	0.117	0.085	17	3.4455870826	0.200235386103	186.003022384
peth	215.0	0.126	0.087	0	3.19890583505	0.355741075398	14.1521012045
peth	215.0	0.126	0.087	1	3.19885626539	0.0386807180492	121.538946626
peth	215.0	0.126	0.087	2	3.20941895471	0.209929145993	137.878080299
peth	215.0	0.126	0.087	3	3.21558692727	0.437613741352	-2.77263554209
peth	215.0	0.126	0.087	4	3.21518723131	0.00517241079279	81.2765390376
peth	215.0	0.126	0.087	5	3.22221953199	0.00802271704719	-3.54142144978
peth	215.0	0.126	0.087	6	3.22246444466	0.220317364835	207.8389148
peth	215.0	0.126	0.087	7	3.22272311489	0.00865984585179	89.3982417916
peth	215.0	0.126	0.087	8	3.23265617859	0.441608219996	-31.3851333398
peth	215.0	0.126	0.087	9	3.2325290494	0.00553697659603	268.979070234
peth	215.0	0.126	0.087	10	3.23281524204	0.00600757400328	91.0270271808
peth	215.0	0.126	0.087	11	3.31453774467	0.0015636198716	82.2172638644
peth	215.0	0.126	0.087	12	3.94599175512	0.0878188334182	16.4343099678
peth	215.0	0.126	0.087	13	3.94775964817	0.088311574628	16.0089162855
peth	215.0	0.126	0.087	14	3.94952754633	0.0887928501941	15.663557991
peth	215.0	0.126	0.087	15	3.95665608166	0.0670095925006	138.170687635
peth	215.0	0.126	0.087	16	3.95918892683	0.0688194823903	134.817783813
peth	215.0	0.126	0.087	17	3.96346125893	0.116313364706	-6.97811554721
peth	215.0	0.126	0.087	18	3.96610931898	0.135247387167	-21.1998847705
peth	215.0	0.126	0.087	19	3.96920726631	0.0372123749376	209.610255094
peth	215.0	0.126	0.087	20	3.97000103599	0.00491299980565	110.610925397
peth	215.0	0.126	0.087	21	3.97029284144	0.0121029409571	-85.2027938688
peth	215.0	0.126	0.087	22	3.97097648064	0.0372509886901	209.602658237
peth	215.0	0.126	0.087	23	3.97191568992	0.0888680629069	17.9818280107
peth	215.0	0.126	0.087	24	3.97274575075	0.0372972005129	209.576703085
peth	215.0	0.126	0.087	25	3.97368388253	0.0880390604034	18.6735051638
peth	215.0	0.126	0.087	26	3.97972600474	0.0658756468231	-23.1511555525
peth	215.0	0.126	0.087	27	3.98008497677	0.0116486697046	241.778091288
peth	215.0	0.126	0.087	28	3.98140720011	0.0733839668191	-28.2261151937
peth	215.0	0.126	0.087	29	3.98260770998	0.0629606712558	143.81910749
peth	215.0	0.126	0.087	30	3.98326489788	0.0665052776213	-23.5097744111
peth	215.0	0.126	0.087	31	3.98414213022	0.0220528222072	136.329592883
peth	215.0	0.126	0.087	32	3.98674994644	0.0121304474393	268.374763014
peth	215.0	0.126	0.087	33	3.98762904672	0.0176412283683	161.724536464
peth	215.0	0.126	0.087	34	3.98940665594	0.121167042662	-1.76349245029
peth	215.0	0.126	0.087	35	3.99116383508	0.0399917876211	-16.1724390546
peth	215.0	0.126	0.087	36	3.99314552716	0.00890098487688	-37.6576160972
peth	215.0	0.126	0.087	37	3.99504903779	0.0436054372224	206.615985144
peth	215.0	0.126	0.087	38	3.99693364202	0.0405945545479	203.332414852
peth	215.0	0.126	0.087	39	4.00375726558	0.0106339172604	33.3271796598
peth	215.0	0.126	0.087	40	4.00407901361	0.0225887057127	209.106613703
peth	215.0	0.126	0.087	41	4.00568467894	0.0781275583165	-33.9112376899
peth	215.0	0.126	0.087	42	4.00745552121	0.0791494523254	-34.8284876852
scyllo-inositol	215.0	0.044	0.087	0	3.34	5.96646077318	-8.28941972259
lm1	215.0	1.0	0.945781	L	50.72009	3.550126	-1.138201
lm2	215.0	1.0	1.475781	L	54.12614	2.855701	0.05457026
lm3	215.0	1.0	1.705781	L	68.32043	3.90728	-0.06015777
lm4	215.0	1.0	2.115781	L	96.4358	4.719139	-0.09620739
lm5	215.0	1.0	2.315781	L	69.70896	2.784562	-0.5775946
lm6	215.0	1.0	3.015781	L	42.72932	1.01768	-0.6582785
lm7	215.0	1.0	3.9854041	L	29.64625	1.209407	0.2889715
lm8	215.0	1.0	7.125781	L	274.476	4.046641	0.3027004
lm9	215.0	1.0	7.855781	L	37.37627	1.313574	0.02022181
lm10	215.0	1.0	2.655781	L	121.4557	2.349968	-0.5826102
lm11	215.0	1.0	1.235781	L	30.68139	0.7444791	-1.138201
lm12	215.0	1.0	-0.62824	L	1789.202	21.51878	-3.652967
lm13	215.0	1.0	3.295781	L	109.4958	1.665539	0.1635756
lm14	215.0	1.0	3.705781	L	169.6304	4.873533	-1.354319
