;PINTS for FITMAN Simulation Output
;Experiment Information
;---------------------------------------------------------------------------
;Name: semi-LASER
;Created: 2017_10_30
;Comment: Density-matrix simulations of metabolites using PyGAMMA and metabolite parameters from V. Govindaraju et. al, NMR Biomed. 2000;13:129-153
;PI: bartha-olemew
;b0: 297.2
;49 Metabolites: alanine, aspartate, choline_1-CH2_2-CH2, choline_N(CH3)3_a, choline_N(CH3)3_b, creatine_N(CH3), creatine_X, d-glucose-alpha, d-glucose-beta, gaba, glutamate, glutamine, glutathione_cysteine, glutathione_glutamate, glutathione_glycine, glycine, gpc_7-CH2_8-CH2, gpc_glycerol, gpc_N(CH3)3_a, gpc_N(CH3)3_b, lactate, myoinositol, naa_acetyl, naa_aspartate, naag_acetyl, naag_aspartyl, naag_glutamate, pcho_N(CH3)3_a, pcho_N(CH3)3_b, pcho_X, pcr_N(CH3), pcr_X, peth, scyllo-inositol, taurine, lm1, lm2, lm3, lm4, lm5, lm6, lm7, lm8, lm9, lm10, lm11, lm12, lm13, lm14
;Simulation Results
;---------------------------------------------------------------------------
aspartate	105.0	0.117	0.087	0	2.60315461543	0.275143088764	161.279968066
aspartate	105.0	0.117	0.087	1	2.63321004478	0.121944729634	240.266645667
aspartate	105.0	0.117	0.087	2	2.66178300881	0.143210850031	209.512406406
aspartate	105.0	0.117	0.087	3	2.69183843816	0.334124000991	221.893760241
aspartate	105.0	0.117	0.087	4	2.77093866344	0.102289080541	49.5561890585
aspartate	105.0	0.117	0.087	5	2.78379157363	0.344852744344	-82.9344965055
aspartate	105.0	0.117	0.087	6	2.82956705682	0.265007959682	91.5666571729
aspartate	105.0	0.117	0.087	7	2.84241996702	0.128170658254	-75.6758762058
aspartate	105.0	0.117	0.087	8	3.8701699882	0.234033127104	233.136281918
aspartate	105.0	0.117	0.087	9	3.8830228984	0.150969185194	50.431348948
aspartate	105.0	0.117	0.087	10	3.90022541756	0.181756420037	263.018278838
aspartate	105.0	0.117	0.087	11	3.91307832775	0.265024754713	121.853230707
alanine	105.0	0.078	0.087	0	1.45446384715	1.26108126002	137.8202564
alanine	105.0	0.078	0.087	1	1.47880199447	0.805908101438	-22.7895417071
alanine	105.0	0.078	0.087	2	3.7382838008	0.0420523306319	37.0490726149
alanine	105.0	0.078	0.087	3	3.76249391994	0.183567478503	130.178529354
alanine	105.0	0.078	0.087	4	3.76288099347	0.0443812502707	254.492236315
alanine	105.0	0.078	0.087	5	3.78683443138	0.198198531884	218.434013055
alanine	105.0	0.078	0.087	6	3.78721744435	0.0157651196465	125.148907765
alanine	105.0	0.078	0.087	7	3.81130127456	0.0447796717473	-58.3547255868
choline_N(CH3)3_a	105.0	0.165	0.121	0	3.18308188091	1.32385565318	-6.00784745807
choline_N(CH3)3_a	105.0	0.165	0.121	1	3.184999562	0.231822506891	85.5618392808
choline_N(CH3)3_a	105.0	0.165	0.121	2	3.18499956197	0.0231715489982	-69.8651529357
choline_N(CH3)3_a	105.0	0.165	0.121	3	3.18499956246	0.105818373906	231.819806064
choline_N(CH3)3_a	105.0	0.165	0.121	4	3.1849995626	0.0613271189947	216.02330465
choline_N(CH3)3_a	105.0	0.165	0.121	5	3.18499956237	0.0493400366362	55.1626656669
choline_N(CH3)3_a	105.0	0.165	0.121	6	3.18691766059	0.117877215791	74.93040579
choline_N(CH3)3_a	105.0	0.165	0.121	7	3.18691760041	0.235622858539	2.84158895905
choline_N(CH3)3_a	105.0	0.165	0.121	8	3.18691777988	0.0628678875529	-83.2017044924
choline_N(CH3)3_a	105.0	0.165	0.121	9	3.18691746257	0.0224428492372	265.218498536
choline_N(CH3)3_a	105.0	0.165	0.121	10	3.1869179003	0.0275628253674	194.084008741
choline_1-CH2_2-CH2	105.0	0.165	0.087	0	3.48362130471	0.304912244994	186.296661834
choline_1-CH2_2-CH2	105.0	0.165	0.087	1	3.48340724382	0.0100700056883	259.965324156
choline_1-CH2_2-CH2	105.0	0.165	0.087	2	3.4838750549	0.0242439389409	-39.167462806
choline_1-CH2_2-CH2	105.0	0.165	0.087	3	3.49446202045	0.163930896624	65.471582172
choline_1-CH2_2-CH2	105.0	0.165	0.087	4	3.49446254586	0.0618345649788	205.565982753
choline_1-CH2_2-CH2	105.0	0.165	0.087	5	3.5005262579	0.315626185767	-10.9883706933
choline_1-CH2_2-CH2	105.0	0.165	0.087	6	3.50095191714	0.0151488894988	52.4396185564
choline_1-CH2_2-CH2	105.0	0.165	0.087	7	3.50737911642	0.195900115499	-82.1162911774
choline_1-CH2_2-CH2	105.0	0.165	0.087	8	3.50743404668	0.0227620030661	70.9691171522
choline_1-CH2_2-CH2	105.0	0.165	0.087	9	3.5177740726	0.372820903195	156.515785723
choline_1-CH2_2-CH2	105.0	0.165	0.087	10	3.51755593319	0.017951883183	-25.2746936968
choline_1-CH2_2-CH2	105.0	0.165	0.087	11	3.51797091101	0.0411905888586	228.810908179
choline_1-CH2_2-CH2	105.0	0.165	0.087	12	3.59567488242	0.00203262120349	225.936089127
choline_1-CH2_2-CH2	105.0	0.165	0.087	13	3.96815265095	0.00176054167208	152.713903481
choline_1-CH2_2-CH2	105.0	0.165	0.087	14	4.02838870858	0.186690721635	186.62199325
choline_1-CH2_2-CH2	105.0	0.165	0.087	15	4.03721041505	0.185568116536	188.734140211
choline_1-CH2_2-CH2	105.0	0.165	0.087	16	4.0387724468	0.0842919859536	66.5290079243
choline_1-CH2_2-CH2	105.0	0.165	0.087	17	4.045615879	0.155132371379	-6.10143310848
choline_1-CH2_2-CH2	105.0	0.165	0.087	18	4.04585662236	0.0206835392628	108.880796004
choline_1-CH2_2-CH2	105.0	0.165	0.087	19	4.04628113774	0.0261851240136	-73.3743316575
choline_1-CH2_2-CH2	105.0	0.165	0.087	20	4.04760333422	0.0833401570695	68.3287172043
choline_1-CH2_2-CH2	105.0	0.165	0.087	21	4.05169566427	0.0814991822534	-80.4078095143
choline_1-CH2_2-CH2	105.0	0.165	0.087	22	4.05442697949	0.145426858571	-6.95510221783
choline_1-CH2_2-CH2	105.0	0.165	0.087	23	4.05643166462	0.0182621706572	145.482252921
choline_1-CH2_2-CH2	105.0	0.165	0.087	24	4.06052691653	0.0824427563369	-82.1625301169
choline_1-CH2_2-CH2	105.0	0.165	0.087	25	4.06254120876	0.149114905317	158.830462882
choline_1-CH2_2-CH2	105.0	0.165	0.087	26	4.06288441363	0.0158564676898	226.719183398
choline_1-CH2_2-CH2	105.0	0.165	0.087	27	4.06381701365	0.0336296448463	-3.68370883015
choline_1-CH2_2-CH2	105.0	0.165	0.087	28	4.06931808487	0.0182843585082	-22.9560989145
choline_1-CH2_2-CH2	105.0	0.165	0.087	29	4.06941901201	0.0104974372488	256.132025921
choline_1-CH2_2-CH2	105.0	0.165	0.087	30	4.07136376882	0.156771466509	157.266875606
choline_1-CH2_2-CH2	105.0	0.165	0.087	31	4.07996127587	0.0290997664727	267.726505257
choline_1-CH2_2-CH2	105.0	0.165	0.087	32	4.08042102971	0.0288124660513	189.561427849
choline_1-CH2_2-CH2	105.0	0.165	0.087	33	4.15854877634	0.00228929439201	-59.0822366442
creatine_N(CH3)	105.0	0.296	0.09	0	3.027	2.99667238696	-1.76536582448
creatine_X	105.0	0.296	0.081	0	3.913	1.98975066944	-7.81338005017
choline_N(CH3)3_b	105.0	0.165	0.121	0	3.18308188064	1.65370651095	-6.0078490679
choline_N(CH3)3_b	105.0	0.165	0.121	1	3.18499956183	0.0982958020123	195.105608624
choline_N(CH3)3_b	105.0	0.165	0.121	2	3.18499956214	0.306646205647	-5.65987919977
choline_N(CH3)3_b	105.0	0.165	0.121	3	3.18499956203	0.0964717439744	231.014196481
choline_N(CH3)3_b	105.0	0.165	0.121	4	3.1849995623	0.218411024591	-5.01063295691
choline_N(CH3)3_b	105.0	0.165	0.121	5	3.18499956249	0.110782107758	88.2656662831
choline_N(CH3)3_b	105.0	0.165	0.121	6	3.18499956252	0.0766321582231	150.938188275
choline_N(CH3)3_b	105.0	0.165	0.121	7	3.18499956217	0.0080162759868	-86.3702897331
choline_N(CH3)3_b	105.0	0.165	0.121	8	3.18691725037	0.0278605432531	78.4087794729
choline_N(CH3)3_b	105.0	0.165	0.121	9	3.18691744713	0.0473869658258	163.465663082
choline_N(CH3)3_b	105.0	0.165	0.121	10	3.18691774404	0.694540634336	-1.69705832942
choline_N(CH3)3_b	105.0	0.165	0.121	11	3.18691789046	0.549779936611	-5.34642476318
choline_N(CH3)3_b	105.0	0.165	0.121	12	3.18691798102	0.00598886087114	228.43727724
d-glucose-alpha	105.0	0.049	0.087	0	3.31839340877	0.00248120868787	253.984843893
d-glucose-alpha	105.0	0.049	0.087	1	3.34963847916	0.00351917794973	181.742570139
d-glucose-alpha	105.0	0.049	0.087	2	3.35209659094	0.0078129322428	92.5388717565
d-glucose-alpha	105.0	0.049	0.087	3	3.36166074911	0.123326072729	-9.0128804799
d-glucose-alpha	105.0	0.049	0.087	4	3.36376093055	0.0188886573551	15.1460888292
d-glucose-alpha	105.0	0.049	0.087	5	3.38334754737	0.00598755514437	14.7375880691
d-glucose-alpha	105.0	0.049	0.087	6	3.39309231522	0.288630986823	-12.1952472791
d-glucose-alpha	105.0	0.049	0.087	7	3.39420705206	0.0716173969593	-62.9046704387
d-glucose-alpha	105.0	0.049	0.087	8	3.3948273611	0.0395443573171	1.06027803848
d-glucose-alpha	105.0	0.049	0.087	9	3.40385320438	0.0126535737888	-58.6801386074
d-glucose-alpha	105.0	0.049	0.087	10	3.42366686479	0.0442997997293	25.584887337
d-glucose-alpha	105.0	0.049	0.087	11	3.42444862707	0.00309205353425	81.7959936581
d-glucose-alpha	105.0	0.049	0.087	12	3.42590631707	0.0382520141041	-10.7150555779
d-glucose-alpha	105.0	0.049	0.087	13	3.42555895552	0.0328458266387	226.293661619
d-glucose-alpha	105.0	0.049	0.087	14	3.42581700844	0.0705606127041	0.956635213964
d-glucose-alpha	105.0	0.049	0.087	15	3.43530560035	0.0119818083921	-22.2653612593
d-glucose-alpha	105.0	0.049	0.087	16	3.43721219263	0.00152018278725	107.22379865
d-glucose-alpha	105.0	0.049	0.087	17	3.46875677349	0.00539409056653	93.4508559522
d-glucose-alpha	105.0	0.049	0.087	18	3.49511594963	0.215197226459	239.834020744
d-glucose-alpha	105.0	0.049	0.087	19	3.50776821949	0.258941235236	111.982514734
d-glucose-alpha	105.0	0.049	0.087	20	3.5159936124	0.000928695782674	231.324192417
d-glucose-alpha	105.0	0.049	0.087	21	3.52727051271	0.229170371614	251.730970965
d-glucose-alpha	105.0	0.049	0.087	22	3.5399665125	0.176196855465	87.3723309227
d-glucose-alpha	105.0	0.049	0.087	23	3.66848651842	0.286430675529	-20.8705413903
d-glucose-alpha	105.0	0.049	0.087	24	3.70053371888	0.28390954854	-22.4647821349
d-glucose-alpha	105.0	0.049	0.087	25	3.7005132084	0.303306990356	-3.2526791637
d-glucose-alpha	105.0	0.049	0.087	26	3.71005397389	0.0594882644791	159.350485482
d-glucose-alpha	105.0	0.049	0.087	27	3.71259380051	0.0794173155749	253.178414267
d-glucose-alpha	105.0	0.049	0.087	28	3.72175311045	0.0263711603505	167.975546068
d-glucose-alpha	105.0	0.049	0.087	29	3.73209832705	0.279284481178	-5.74662817529
d-glucose-alpha	105.0	0.049	0.087	30	3.7323865956	0.218381733021	63.7501098497
d-glucose-alpha	105.0	0.049	0.087	31	3.75201127923	0.0700163766985	-82.935804644
d-glucose-alpha	105.0	0.049	0.087	32	3.7527622815	0.00515922393859	53.2279624767
d-glucose-alpha	105.0	0.049	0.087	33	3.75317843136	0.0950301402742	210.708749651
d-glucose-alpha	105.0	0.049	0.087	34	3.76248573125	0.0748776140062	-48.3535280775
d-glucose-alpha	105.0	0.049	0.087	35	3.77310134106	0.167508535801	-46.6145012642
d-glucose-alpha	105.0	0.049	0.087	36	3.77418176615	0.127145940195	14.6671903461
d-glucose-alpha	105.0	0.049	0.087	37	3.79604221257	0.202219050524	-42.2408195526
d-glucose-alpha	105.0	0.049	0.087	38	3.80032932697	0.100908207559	100.306671979
d-glucose-alpha	105.0	0.049	0.087	39	3.80652219841	0.0333261004283	89.2177883139
d-glucose-alpha	105.0	0.049	0.087	40	3.80790498555	0.147683218736	-56.6308240875
d-glucose-alpha	105.0	0.049	0.087	41	3.81079115436	0.0958463325331	159.761010506
d-glucose-alpha	105.0	0.049	0.087	42	3.81305072013	0.0779762189343	261.510103767
d-glucose-alpha	105.0	0.049	0.087	43	3.8181941878	0.0441479568257	119.641444763
d-glucose-alpha	105.0	0.049	0.087	44	3.81827116852	0.00677173981758	69.5355600545
d-glucose-alpha	105.0	0.049	0.087	45	3.82248750155	0.0338848038243	80.1993829311
d-glucose-alpha	105.0	0.049	0.087	46	3.82814458397	0.124071574871	258.866394629
d-glucose-alpha	105.0	0.049	0.087	47	3.83327920849	0.151120779046	247.279051935
d-glucose-alpha	105.0	0.049	0.087	48	3.8480793865	0.0537888483496	140.83567228
d-glucose-alpha	105.0	0.049	0.087	49	3.84847885992	0.0881933512625	-79.7647162548
d-glucose-alpha	105.0	0.049	0.087	50	3.84848967071	0.110967854818	227.950197188
d-glucose-alpha	105.0	0.049	0.087	51	3.85319746439	0.112945401616	5.52016688711
d-glucose-alpha	105.0	0.049	0.087	52	3.85293972639	0.0669502473426	152.345665319
d-glucose-alpha	105.0	0.049	0.087	53	3.85362922532	0.0349741564152	195.857188794
d-glucose-alpha	105.0	0.049	0.087	54	3.89678092768	0.00933062183101	1.40061974643
d-glucose-beta	105.0	0.049	0.087	0	3.13221322823	0.00178719513939	234.484960264
d-glucose-beta	105.0	0.049	0.087	1	3.15999033876	0.000454033372993	-14.065771474
d-glucose-beta	105.0	0.049	0.087	2	3.18000789313	0.00109443110819	237.939446932
d-glucose-beta	105.0	0.049	0.087	3	3.18010918846	0.000826195616528	-86.8283725607
d-glucose-beta	105.0	0.049	0.087	4	3.18502098873	0.00314123986155	234.90574947
d-glucose-beta	105.0	0.049	0.087	5	3.19507767206	0.00623535638671	191.677236636
d-glucose-beta	105.0	0.049	0.087	6	3.1961011039	0.00421218969151	250.373662214
d-glucose-beta	105.0	0.049	0.087	7	3.19817436453	0.00812729866095	182.383389996
d-glucose-beta	105.0	0.049	0.087	8	3.19858675256	0.00793701102124	-82.9538245319
d-glucose-beta	105.0	0.049	0.087	9	3.20050318891	0.112759991031	-45.6914202245
d-glucose-beta	105.0	0.049	0.087	10	3.2021349652	0.0199410787951	263.697350878
d-glucose-beta	105.0	0.049	0.087	11	3.20385973399	0.0146587811991	-58.4085280393
d-glucose-beta	105.0	0.049	0.087	12	3.20559535773	0.0108789146043	-69.1464049837
d-glucose-beta	105.0	0.049	0.087	13	3.20674380763	0.000799582115003	268.65151528
d-glucose-beta	105.0	0.049	0.087	14	3.20679107353	0.00112197695032	-11.3462371637
d-glucose-beta	105.0	0.049	0.087	15	3.2115885965	0.00110349841241	251.797398376
d-glucose-beta	105.0	0.049	0.087	16	3.21199939533	0.00162764088646	-32.5495426058
d-glucose-beta	105.0	0.049	0.087	17	3.22183773397	0.00176762480783	239.812659785
d-glucose-beta	105.0	0.049	0.087	18	3.22281796337	0.00509623855161	-60.1812219071
d-glucose-beta	105.0	0.049	0.087	19	3.22694589429	0.088890618736	0.605565107641
d-glucose-beta	105.0	0.049	0.087	20	3.22563167541	0.00760966303162	250.751377872
d-glucose-beta	105.0	0.049	0.087	21	3.23009677767	0.12445804787	-4.957752763
d-glucose-beta	105.0	0.049	0.087	22	3.22919022571	0.0254554387266	252.927801006
d-glucose-beta	105.0	0.049	0.087	23	3.22996676773	0.157997085568	-14.9070366864
d-glucose-beta	105.0	0.049	0.087	24	3.23129843205	0.00600098261987	54.2216554288
d-glucose-beta	105.0	0.049	0.087	25	3.23163977245	0.00352422429171	145.240893756
d-glucose-beta	105.0	0.049	0.087	26	3.2323553083	0.00755029953194	-10.4186694981
d-glucose-beta	105.0	0.049	0.087	27	3.23412946254	0.00373772902868	63.6210792438
d-glucose-beta	105.0	0.049	0.087	28	3.23715619294	0.00176017475552	70.2540234005
d-glucose-beta	105.0	0.049	0.087	29	3.24492635208	0.00164933753242	24.2141077259
d-glucose-beta	105.0	0.049	0.087	30	3.24732303237	0.00143458001426	49.0960308521
d-glucose-beta	105.0	0.049	0.087	31	3.25013935444	0.00110248515131	4.0292057956
d-glucose-beta	105.0	0.049	0.087	32	3.25341864678	0.0143153198172	35.9586603323
d-glucose-beta	105.0	0.049	0.087	33	3.25252085919	0.00524553974504	-28.3251371866
d-glucose-beta	105.0	0.049	0.087	34	3.25601011718	0.0174044496416	-38.8207905107
d-glucose-beta	105.0	0.049	0.087	35	3.25695884458	0.189151640341	36.6545799748
d-glucose-beta	105.0	0.049	0.087	36	3.25846159829	0.00228133565877	215.508504097
d-glucose-beta	105.0	0.049	0.087	37	3.26092704266	0.00288899325891	80.6365128669
d-glucose-beta	105.0	0.049	0.087	38	3.26100542631	0.00314810294123	139.573242218
d-glucose-beta	105.0	0.049	0.087	39	3.26403259453	0.00262365915293	144.702148563
d-glucose-beta	105.0	0.049	0.087	40	3.27183568905	0.00143565332669	94.2482511628
d-glucose-beta	105.0	0.049	0.087	41	3.27422061941	0.00161219487654	126.237724194
d-glucose-beta	105.0	0.049	0.087	42	3.27705057309	0.00106386417554	71.0978469646
d-glucose-beta	105.0	0.049	0.087	43	3.27902799907	0.00111574402552	101.068204536
d-glucose-beta	105.0	0.049	0.087	44	3.29992945178	0.00143075412905	4.57591765285
d-glucose-beta	105.0	0.049	0.087	45	3.30191391454	0.000432552517921	-0.333352544589
d-glucose-beta	105.0	0.049	0.087	46	3.3249646144	0.00306078885988	249.077441294
d-glucose-beta	105.0	0.049	0.087	47	3.32681090177	0.00226623439959	100.389092175
d-glucose-beta	105.0	0.049	0.087	48	3.32875786796	0.000589055016535	83.0234698383
d-glucose-beta	105.0	0.049	0.087	49	3.33061831045	0.00129549147617	241.71009437
d-glucose-beta	105.0	0.049	0.087	50	3.33613076489	0.00100782972374	210.456629327
d-glucose-beta	105.0	0.049	0.087	51	3.35062290218	0.0482945911511	213.170158603
d-glucose-beta	105.0	0.049	0.087	52	3.35143320476	0.047801074325	133.669511077
d-glucose-beta	105.0	0.049	0.087	53	3.35128848548	0.00876311224303	3.03190894957
d-glucose-beta	105.0	0.049	0.087	54	3.35184634892	0.00307825436704	-53.8709605122
d-glucose-beta	105.0	0.049	0.087	55	3.3518957039	0.0603015537878	84.7176570878
d-glucose-beta	105.0	0.049	0.087	56	3.3539596434	0.000427903975613	229.411341726
d-glucose-beta	105.0	0.049	0.087	57	3.36355353294	0.000476909878221	249.711821055
d-glucose-beta	105.0	0.049	0.087	58	3.36364415441	0.000505687648352	-77.176047963
d-glucose-beta	105.0	0.049	0.087	59	3.37389700424	0.0114781945894	-58.2109095762
d-glucose-beta	105.0	0.049	0.087	60	3.37412519429	0.00772249189979	269.933130417
d-glucose-beta	105.0	0.049	0.087	61	3.37888109832	0.0354768313744	48.4504250203
d-glucose-beta	105.0	0.049	0.087	62	3.38007615291	0.00296971251965	224.064191091
d-glucose-beta	105.0	0.049	0.087	63	3.38035240436	0.00107201571591	159.645718231
d-glucose-beta	105.0	0.049	0.087	64	3.38134615953	0.0188570386204	61.8294132249
d-glucose-beta	105.0	0.049	0.087	65	3.38121673717	0.185591633491	-15.5874876413
d-glucose-beta	105.0	0.049	0.087	66	3.3819716998	0.00814704369206	269.18937942
d-glucose-beta	105.0	0.049	0.087	67	3.3822934765	0.0476792289695	-42.1583164011
d-glucose-beta	105.0	0.049	0.087	68	3.3874858542	0.0255430927341	-61.7524376766
d-glucose-beta	105.0	0.049	0.087	69	3.38762303658	0.0332033326045	-3.99284170332
d-glucose-beta	105.0	0.049	0.087	70	3.39629628339	0.0143469994521	-10.7853922382
d-glucose-beta	105.0	0.049	0.087	71	3.40084048971	0.011216865303	-31.7095522105
d-glucose-beta	105.0	0.049	0.087	72	3.40966467589	0.253040642585	-9.72235947537
d-glucose-beta	105.0	0.049	0.087	73	3.40957171415	0.00105733818864	91.1913708089
d-glucose-beta	105.0	0.049	0.087	74	3.41143449301	0.0442174587048	-63.4444468489
d-glucose-beta	105.0	0.049	0.087	75	3.41165978548	0.0150302432899	269.38789987
d-glucose-beta	105.0	0.049	0.087	76	3.41467608486	0.00377265936302	-35.4114219761
d-glucose-beta	105.0	0.049	0.087	77	3.42562038791	0.0168434933099	121.340395671
d-glucose-beta	105.0	0.049	0.087	78	3.42589469748	0.0243940660661	-58.4171237475
d-glucose-beta	105.0	0.049	0.087	79	3.42861988869	0.0370771443826	-42.0083374831
d-glucose-beta	105.0	0.049	0.087	80	3.42871010134	0.0486111638241	227.265011676
d-glucose-beta	105.0	0.049	0.087	81	3.43112288606	0.00914448832572	-81.5704845596
d-glucose-beta	105.0	0.049	0.087	82	3.43111206849	0.0123897537813	262.856424898
d-glucose-beta	105.0	0.049	0.087	83	3.43084355492	0.0163351348457	119.080570873
d-glucose-beta	105.0	0.049	0.087	84	3.43362373877	0.0481164232639	-76.7112079757
d-glucose-beta	105.0	0.049	0.087	85	3.4336448883	0.0456652309137	182.660300778
d-glucose-beta	105.0	0.049	0.087	86	3.4416909766	0.00772824608167	108.819790088
d-glucose-beta	105.0	0.049	0.087	87	3.44327085538	0.00154137283316	174.606158589
d-glucose-beta	105.0	0.049	0.087	88	3.44327315491	0.00130608607443	24.8280677226
d-glucose-beta	105.0	0.049	0.087	89	3.44404804967	0.0588614272156	105.266921649
d-glucose-beta	105.0	0.049	0.087	90	3.44423236546	0.00991259235149	-35.7673273464
d-glucose-beta	105.0	0.049	0.087	91	3.44513732977	0.0457017725852	216.779549764
d-glucose-beta	105.0	0.049	0.087	92	3.44664982995	0.169038539594	16.1026328233
d-glucose-beta	105.0	0.049	0.087	93	3.44645273295	0.0282052130113	71.4691458157
d-glucose-beta	105.0	0.049	0.087	94	3.44865252217	0.0223392530339	-46.0994804536
d-glucose-beta	105.0	0.049	0.087	95	3.44905807064	0.0180257473236	133.228341638
d-glucose-beta	105.0	0.049	0.087	96	3.44999957441	0.0512414324177	193.48601581
d-glucose-beta	105.0	0.049	0.087	97	3.45020483551	0.0821691031631	-2.04263250066
d-glucose-beta	105.0	0.049	0.087	98	3.45242079652	0.010186936878	-25.5369211515
d-glucose-beta	105.0	0.049	0.087	99	3.45440246649	0.0517238545178	53.0153757261
d-glucose-beta	105.0	0.049	0.087	100	3.45754912897	0.0182670389914	-26.8878364517
d-glucose-beta	105.0	0.049	0.087	101	3.45908409389	0.0290875005492	50.8794556274
d-glucose-beta	105.0	0.049	0.087	102	3.46043186286	0.018457082387	-6.78763746991
d-glucose-beta	105.0	0.049	0.087	103	3.46246212652	0.0255219955242	245.502515566
d-glucose-beta	105.0	0.049	0.087	104	3.46981859496	0.0379234615105	10.5120841126
d-glucose-beta	105.0	0.049	0.087	105	3.47217709168	0.00869333288411	167.320381422
d-glucose-beta	105.0	0.049	0.087	106	3.47283078851	0.051023208295	-42.3739001178
d-glucose-beta	105.0	0.049	0.087	107	3.47429248472	0.0225445518535	174.923350082
d-glucose-beta	105.0	0.049	0.087	108	3.47572104445	0.158099458759	-27.9028368949
d-glucose-beta	105.0	0.049	0.087	109	3.47629393925	0.0119732512543	24.9185580123
d-glucose-beta	105.0	0.049	0.087	110	3.47763779089	0.0490878680234	205.008877584
d-glucose-beta	105.0	0.049	0.087	111	3.47771839344	0.0414020314716	229.958283049
d-glucose-beta	105.0	0.049	0.087	112	3.47866384342	0.0998856643341	-36.3988185596
d-glucose-beta	105.0	0.049	0.087	113	3.47947180475	0.0319103094032	133.129450699
d-glucose-beta	105.0	0.049	0.087	114	3.48051003193	0.00134177985778	35.5381777672
d-glucose-beta	105.0	0.049	0.087	115	3.48058989222	0.00821011714362	-77.8797147408
d-glucose-beta	105.0	0.049	0.087	116	3.48064521725	0.00457539435647	-23.1665527501
d-glucose-beta	105.0	0.049	0.087	117	3.48271578193	0.00624217232882	153.831903874
d-glucose-beta	105.0	0.049	0.087	118	3.48274311281	0.0104593145452	102.386480148
d-glucose-beta	105.0	0.049	0.087	119	3.50594084269	0.097716034064	207.51721588
d-glucose-beta	105.0	0.049	0.087	120	3.50795720636	0.0863212308759	82.7328950947
d-glucose-beta	105.0	0.049	0.087	121	3.52429083812	0.00309963059848	32.3087773545
d-glucose-beta	105.0	0.049	0.087	122	3.52913452525	0.00262874333114	7.8706350309
d-glucose-beta	105.0	0.049	0.087	123	3.54033745265	0.00127875329147	-29.9097032618
d-glucose-beta	105.0	0.049	0.087	124	3.54545362405	0.000999352458793	-26.8228323357
d-glucose-beta	105.0	0.049	0.087	125	3.55307842638	0.000487838211789	48.2393700108
d-glucose-beta	105.0	0.049	0.087	126	3.5578781287	0.000502889299021	58.8198729468
d-glucose-beta	105.0	0.049	0.087	127	3.56900677068	0.000440458105424	36.661594379
d-glucose-beta	105.0	0.049	0.087	128	3.59576695802	0.0020381979591	152.806132655
d-glucose-beta	105.0	0.049	0.087	129	3.61975748916	0.00106974320289	-5.02647678175
d-glucose-beta	105.0	0.049	0.087	130	3.62418877683	0.001869568481	6.08786699393
d-glucose-beta	105.0	0.049	0.087	131	3.62716370565	0.00101095412449	-7.03915645731
d-glucose-beta	105.0	0.049	0.087	132	3.64200709911	0.000850703624684	-7.7188037445
d-glucose-beta	105.0	0.049	0.087	133	3.67020534295	0.0012861543019	239.203085222
d-glucose-beta	105.0	0.049	0.087	134	3.67302727977	0.0301597873705	-30.5347927269
d-glucose-beta	105.0	0.049	0.087	135	3.6754920873	0.132088255905	-31.6123452237
d-glucose-beta	105.0	0.049	0.087	136	3.67611062999	0.0448669327833	-67.0246760219
d-glucose-beta	105.0	0.049	0.087	137	3.67954954104	0.0221010110876	-54.2960533376
d-glucose-beta	105.0	0.049	0.087	138	3.68861409292	0.00773105751752	257.772024391
d-glucose-beta	105.0	0.049	0.087	139	3.68980386439	0.0109334394142	151.193867162
d-glucose-beta	105.0	0.049	0.087	140	3.69226725643	0.0484482339989	218.424542272
d-glucose-beta	105.0	0.049	0.087	141	3.69321454442	0.0416744715649	151.697714057
d-glucose-beta	105.0	0.049	0.087	142	3.69458805289	0.00988323946529	261.085987908
d-glucose-beta	105.0	0.049	0.087	143	3.69721042776	0.00951417799342	128.459918544
d-glucose-beta	105.0	0.049	0.087	144	3.71161112376	0.00864551437285	159.749406848
d-glucose-beta	105.0	0.049	0.087	145	3.71706713847	0.144012846883	161.124457948
d-glucose-beta	105.0	0.049	0.087	146	3.71760749453	0.0946696265037	121.3578607
d-glucose-beta	105.0	0.049	0.087	147	3.71942828053	0.0233811594816	137.261298939
d-glucose-beta	105.0	0.049	0.087	148	3.73339034266	0.0494868954604	93.920384199
d-glucose-beta	105.0	0.049	0.087	149	3.73393966245	0.213720538037	17.7689413965
d-glucose-beta	105.0	0.049	0.087	150	3.73829081112	0.00921741487343	98.1535275492
d-glucose-beta	105.0	0.049	0.087	151	3.74151074485	0.00506712214853	14.3602039081
d-glucose-beta	105.0	0.049	0.087	152	3.74474034697	0.000932204869676	108.497228955
d-glucose-beta	105.0	0.049	0.087	153	3.78125862891	0.00251089355577	-24.1240466194
d-glucose-beta	105.0	0.049	0.087	154	3.8559839852	0.00482606489283	-50.5871287194
d-glucose-beta	105.0	0.049	0.087	155	3.85788319138	0.00629108585167	-35.2340615947
d-glucose-beta	105.0	0.049	0.087	156	3.86099867455	0.0749467149732	-65.1031634131
d-glucose-beta	105.0	0.049	0.087	157	3.86120771213	0.0875633543885	257.406982829
d-glucose-beta	105.0	0.049	0.087	158	3.8638415154	0.102067854847	246.206465488
d-glucose-beta	105.0	0.049	0.087	159	3.86641366184	0.215728390453	220.761858748
d-glucose-beta	105.0	0.049	0.087	160	3.86950484162	0.00645026595782	232.836601779
d-glucose-beta	105.0	0.049	0.087	161	3.87183246572	0.00727535833092	183.460030079
d-glucose-beta	105.0	0.049	0.087	162	3.90254761653	0.234160069056	119.154622628
d-glucose-beta	105.0	0.049	0.087	163	3.90764409039	0.17440587569	85.3793581816
d-glucose-beta	105.0	0.049	0.087	164	4.61672485299	0.492056920524	147.720732652
d-glucose-beta	105.0	0.049	0.087	165	4.64353363711	0.456633171431	209.899001648
gaba	105.0	0.155	0.082	0	1.83609170247	0.0206314068805	266.239417479
gaba	105.0	0.155	0.082	1	1.83815637494	0.0320090821825	192.461757968
gaba	105.0	0.155	0.082	2	1.85696880793	0.00810564955302	-2.60801628928
gaba	105.0	0.155	0.082	3	1.86074294252	0.102445864756	-43.9631552267
gaba	105.0	0.155	0.082	4	1.86267914204	0.095281943887	-64.6276849399
gaba	105.0	0.155	0.082	5	1.86517561959	0.0316916345623	-88.57273316
gaba	105.0	0.155	0.082	6	1.86579329637	0.00501112994268	266.532162399
gaba	105.0	0.155	0.082	7	1.86824473535	0.00982758233078	231.122239562
gaba	105.0	0.155	0.082	8	1.87964134091	0.0012246804654	123.405375218
gaba	105.0	0.155	0.082	9	1.88235825579	0.0177605048304	108.181591224
gaba	105.0	0.155	0.082	10	1.88601267187	0.288727728928	56.6154774799
gaba	105.0	0.155	0.082	11	1.88850074594	0.0992819478332	32.150493515
gaba	105.0	0.155	0.082	12	1.89131373343	0.0195031096005	8.32205281195
gaba	105.0	0.155	0.082	13	1.89333650719	0.011970445878	-13.3248081654
gaba	105.0	0.155	0.082	14	1.90683793964	0.0111136087283	169.916377311
gaba	105.0	0.155	0.082	15	1.90975049665	0.0158400432844	177.576379798
gaba	105.0	0.155	0.082	16	1.91140699556	0.127282889201	103.881184713
gaba	105.0	0.155	0.082	17	1.91136668509	0.0117856928089	199.865140639
gaba	105.0	0.155	0.082	18	1.91182855075	0.00571632006023	-5.35886544054
gaba	105.0	0.155	0.082	19	1.91365996649	0.0540461832687	109.303517857
gaba	105.0	0.155	0.082	20	1.91678737032	0.00770623099461	48.6327257511
gaba	105.0	0.155	0.082	21	1.93570839362	0.0309973514749	221.519069198
gaba	105.0	0.155	0.082	22	1.93776531495	0.0641935407044	209.525999379
gaba	105.0	0.155	0.082	23	2.26019044583	0.383308228241	-55.8386958539
gaba	105.0	0.155	0.082	24	2.27675169847	0.000949312186579	41.1667473848
gaba	105.0	0.155	0.082	25	2.28056865943	0.010519056127	66.7824827599
gaba	105.0	0.155	0.082	26	2.2847031237	0.707963078683	27.8325112092
gaba	105.0	0.155	0.082	27	2.28745212505	0.0103531801514	-8.70656246673
gaba	105.0	0.155	0.082	28	2.30857024561	0.178492760923	110.561719349
gaba	105.0	0.155	0.082	29	2.31019195935	0.192213973559	105.546152156
gaba	105.0	0.155	0.082	30	2.98809438716	0.49518629677	-81.4096069645
gaba	105.0	0.155	0.082	31	3.00446935579	0.000894264756416	90.9585064628
gaba	105.0	0.155	0.082	32	3.00792498135	0.0750822161226	53.9286420571
gaba	105.0	0.155	0.082	33	3.01092067935	0.176707835452	21.7541905148
gaba	105.0	0.155	0.082	34	3.01390142059	0.522779686214	-7.45607283844
gaba	105.0	0.155	0.082	35	3.01570152794	0.0481964937498	-26.7244189501
gaba	105.0	0.155	0.082	36	3.01768642574	0.0523362350958	-53.5430861268
gaba	105.0	0.155	0.082	37	3.01953001933	0.0180005467289	-68.9413142394
gaba	105.0	0.155	0.082	38	3.03850514722	0.416213277064	76.2142737554
glutamine	105.0	0.427	0.087	0	2.02959843313	0.00682581644654	91.085583951
glutamine	105.0	0.427	0.087	1	2.04903832083	0.00406036736169	244.992141615
glutamine	105.0	0.427	0.087	2	2.05078450944	0.00578751724853	240.47688676
glutamine	105.0	0.427	0.087	3	2.05789178012	0.0091712850576	120.199892114
glutamine	105.0	0.427	0.087	4	2.06949146946	0.00178732757187	-53.126014428
glutamine	105.0	0.427	0.087	5	2.07824700764	0.0620640442614	74.8710586983
glutamine	105.0	0.427	0.087	6	2.07913261771	0.00767753221614	232.30051392
glutamine	105.0	0.427	0.087	7	2.08348312725	0.00808702202484	193.65609782
glutamine	105.0	0.427	0.087	8	2.08467424299	0.0868245386427	100.113512826
glutamine	105.0	0.427	0.087	9	2.0994120015	0.0412718061558	244.011972592
glutamine	105.0	0.427	0.087	10	2.10110091148	0.0138587804375	203.876679415
glutamine	105.0	0.427	0.087	11	2.10307683112	0.0202322304358	223.691300891
glutamine	105.0	0.427	0.087	12	2.10479853377	0.0137753579804	-20.4697170873
glutamine	105.0	0.427	0.087	13	2.10493473898	0.0528537695883	258.039526107
glutamine	105.0	0.427	0.087	14	2.10705943378	0.0517689307157	208.579031975
glutamine	105.0	0.427	0.087	15	2.10978222351	0.0448714652929	84.5102916606
glutamine	105.0	0.427	0.087	16	2.11007205827	0.025874691095	185.888937822
glutamine	105.0	0.427	0.087	17	2.11574074582	0.0177390876224	129.631843297
glutamine	105.0	0.427	0.087	18	2.12154007131	0.0145274080564	-82.1016679132
glutamine	105.0	0.427	0.087	19	2.12427844833	0.104926674988	241.594710103
glutamine	105.0	0.427	0.087	20	2.12762581022	0.0522682932026	-28.5717269994
glutamine	105.0	0.427	0.087	21	2.13015833943	0.0601240625825	-78.6955344921
glutamine	105.0	0.427	0.087	22	2.13164301039	0.212190632555	202.710028813
glutamine	105.0	0.427	0.087	23	2.1333228175	0.00824907004437	114.902888867
glutamine	105.0	0.427	0.087	24	2.13493755571	0.107330342502	234.939797561
glutamine	105.0	0.427	0.087	25	2.1368241746	0.0164978321707	222.48456924
glutamine	105.0	0.427	0.087	26	2.15336547463	0.0533776860629	-14.7574394324
glutamine	105.0	0.427	0.087	27	2.15356223104	0.00451367650949	261.784793604
glutamine	105.0	0.427	0.087	28	2.15502822922	0.0849980072029	-11.0351547495
glutamine	105.0	0.427	0.087	29	2.15542925651	0.003522489559	248.54504413
glutamine	105.0	0.427	0.087	30	2.15894987717	0.00642924764328	197.604943082
glutamine	105.0	0.427	0.087	31	2.16411056855	0.00343576046802	45.5087279345
glutamine	105.0	0.427	0.087	32	2.17574695392	0.0102315862586	191.477896101
glutamine	105.0	0.427	0.087	33	2.17923162819	0.00478729446057	-42.1332958807
glutamine	105.0	0.427	0.087	34	2.18383341246	0.0126338268849	206.136689689
glutamine	105.0	0.427	0.087	35	2.20359517008	0.012808009875	5.09340646277
glutamine	105.0	0.427	0.087	36	2.2334385108	0.00205565226039	-86.5191816261
glutamine	105.0	0.427	0.087	37	2.33941149415	0.00277551972692	44.1134177419
glutamine	105.0	0.427	0.087	38	2.36520284145	0.0304008661192	-38.83626453
glutamine	105.0	0.427	0.087	39	2.38768755629	0.0116785285857	92.3460960165
glutamine	105.0	0.427	0.087	40	2.38967462232	0.0202622557344	6.93758593829
glutamine	105.0	0.427	0.087	41	2.39609645372	0.00444576975737	-42.1451978128
glutamine	105.0	0.427	0.087	42	2.39710305104	0.00371914571204	119.773499942
glutamine	105.0	0.427	0.087	43	2.41530002056	0.0187828132524	75.2035508415
glutamine	105.0	0.427	0.087	44	2.4166887157	0.200815198165	-70.0099464482
glutamine	105.0	0.427	0.087	45	2.41945562582	0.172716212583	-17.3592031916
glutamine	105.0	0.427	0.087	46	2.43852644116	0.0668246929189	113.441931684
glutamine	105.0	0.427	0.087	47	2.43883504524	0.0820461008783	6.19399337135
glutamine	105.0	0.427	0.087	48	2.44156329239	0.111027301057	-2.39272336714
glutamine	105.0	0.427	0.087	49	2.44808921317	0.178967310778	53.4143431931
glutamine	105.0	0.427	0.087	50	2.44779380872	0.0631292817777	-71.7269689623
glutamine	105.0	0.427	0.087	51	2.44844887911	0.0344501283403	-15.1168377835
glutamine	105.0	0.427	0.087	52	2.46685640702	0.149469704307	62.0402064451
glutamine	105.0	0.427	0.087	53	2.47096520525	0.0286050606872	-46.462211255
glutamine	105.0	0.427	0.087	54	2.47337555837	0.132780391272	98.9636758236
glutamine	105.0	0.427	0.087	55	2.49309782922	0.00229894505522	198.926654011
glutamine	105.0	0.427	0.087	56	2.49381314054	0.00181367058848	46.2713616489
glutamine	105.0	0.427	0.087	57	2.49661012699	0.0233439542549	33.4231875053
glutamine	105.0	0.427	0.087	58	2.50243599637	0.00885744596	-42.3238167623
glutamine	105.0	0.427	0.087	59	2.52493260635	0.0205036499453	64.8947375317
glutamine	105.0	0.427	0.087	60	3.7324290103	0.205717935692	220.356815218
glutamine	105.0	0.427	0.087	61	3.75307618402	0.408629648375	-5.59148549025
glutamine	105.0	0.427	0.087	62	3.77384356014	0.216779013834	120.161222679
glutamate	105.0	0.898	0.088	0	1.96706804127	0.018512697178	-72.1909201677
glutamate	105.0	0.898	0.088	1	1.99094252965	0.0313873813927	-45.688789325
glutamate	105.0	0.898	0.088	2	1.9909810453	0.0176146958415	40.4721690597
glutamate	105.0	0.898	0.088	3	1.99400006985	0.0345576604532	-12.0284225266
glutamate	105.0	0.898	0.088	4	2.01485536067	0.0381588880777	84.5459227185
glutamate	105.0	0.898	0.088	5	2.01680099928	0.0280504941795	229.547256174
glutamate	105.0	0.898	0.088	6	2.01793618742	0.0552733223971	56.1608439587
glutamate	105.0	0.898	0.088	7	2.01806205099	0.0295106835035	106.825929667
glutamate	105.0	0.898	0.088	8	2.04037787992	0.0919578349461	159.162127611
glutamate	105.0	0.898	0.088	9	2.04202460837	0.0272535561036	199.543540241
glutamate	105.0	0.898	0.088	10	2.04412977497	0.0187455904289	199.235570895
glutamate	105.0	0.898	0.088	11	2.05141503169	0.00163713424526	242.791954583
glutamate	105.0	0.898	0.088	12	2.06405000071	0.0251317711605	-34.7505562813
glutamate	105.0	0.898	0.088	13	2.06776886004	0.0676654002734	-24.5767380162
glutamate	105.0	0.898	0.088	14	2.06797028397	0.0449533228661	-58.7060886687
glutamate	105.0	0.898	0.088	15	2.08373400035	0.0221857541901	236.841659948
glutamate	105.0	0.898	0.088	16	2.0916096957	0.0567022970377	-2.54378971699
glutamate	105.0	0.898	0.088	17	2.0921638647	0.00512789033778	250.369788398
glutamate	105.0	0.898	0.088	18	2.0931028643	0.0328885909187	112.323007588
glutamate	105.0	0.898	0.088	19	2.10826232309	0.088310066798	253.06172868
glutamate	105.0	0.898	0.088	20	2.10938326002	0.0458394484277	-88.3503066156
glutamate	105.0	0.898	0.088	21	2.11757589641	0.0949261051969	226.841666878
glutamate	105.0	0.898	0.088	22	2.13343335061	0.0224774472346	-6.01097323236
glutamate	105.0	0.898	0.088	23	2.13370905658	0.0451960964986	77.4858394401
glutamate	105.0	0.898	0.088	24	2.1414089918	0.0406263641486	-66.416926803
glutamate	105.0	0.898	0.088	25	2.14323256942	0.0419548468615	-62.0049473176
glutamate	105.0	0.898	0.088	26	2.15745696313	0.0452675608412	109.663566033
glutamate	105.0	0.898	0.088	27	2.15947305764	0.0332092341395	98.2114793488
glutamate	105.0	0.898	0.088	28	2.16730562707	0.0536204305055	52.3899392216
glutamate	105.0	0.898	0.088	29	2.18329414391	0.0204177486082	164.952568451
glutamate	105.0	0.898	0.088	30	2.25493269956	0.00201937603886	-73.704706114
glutamate	105.0	0.898	0.088	31	2.26790727896	0.0185809730804	-43.9627044882
glutamate	105.0	0.898	0.088	32	2.29148310976	0.0263435458858	28.6057049074
glutamate	105.0	0.898	0.088	33	2.3158148317	0.00730972153912	134.127421478
glutamate	105.0	0.898	0.088	34	2.32097017063	0.42263932737	-53.0647233061
glutamate	105.0	0.898	0.088	35	2.34490817896	0.299721726864	20.4647297501
glutamate	105.0	0.898	0.088	36	2.3473114599	0.277229868067	26.8798067597
glutamate	105.0	0.898	0.088	37	2.36914540837	0.0776319775311	81.2855747906
glutamate	105.0	0.898	0.088	38	2.37373901984	0.131183867416	135.19668049
glutamate	105.0	0.898	0.088	39	2.37397539454	0.0179760384232	-73.2141261977
glutamate	105.0	0.898	0.088	40	2.40096112552	0.0280307531317	17.1014390952
glutamate	105.0	0.898	0.088	41	2.42703273528	0.00771711731083	109.737999086
glutamate	105.0	0.898	0.088	42	3.72336390995	0.2133871739	209.673669478
glutamate	105.0	0.898	0.088	43	3.73950740369	0.214153736873	1.40153574775
glutamate	105.0	0.898	0.088	44	3.74729294899	0.179924133548	-16.377100581
glutamate	105.0	0.898	0.088	45	3.76351624449	0.202244760723	134.219375005
glycine	105.0	0.068	0.087	0	3.548	1.98955614559	-9.48527520775
glutathione_cysteine	105.0	0.194	0.087	0	2.88158786835	0.0825441927954	261.286418835
glutathione_cysteine	105.0	0.194	0.087	1	2.90438113802	0.0572977175894	-12.965726613
glutathione_cysteine	105.0	0.194	0.087	2	2.92889438817	0.411439346654	71.5900353551
glutathione_cysteine	105.0	0.194	0.087	3	2.95168765785	0.432620703406	209.17095541
glutathione_cysteine	105.0	0.194	0.087	4	2.95222786887	0.396154712877	149.673037369
glutathione_cysteine	105.0	0.194	0.087	5	2.96913681216	0.450532761725	-70.4340809625
glutathione_cysteine	105.0	0.194	0.087	6	2.9995343887	0.0962488018652	-28.8751442959
glutathione_cysteine	105.0	0.194	0.087	7	3.01644333198	0.0371435454013	145.785728698
glutathione_cysteine	105.0	0.194	0.087	8	4.54107552999	0.235731523473	214.878060193
glutathione_cysteine	105.0	0.194	0.087	9	4.55798447328	0.247093597812	10.9667172309
glutathione_cysteine	105.0	0.194	0.087	10	4.56386879967	0.252086316581	-0.874519889614
glutathione_cysteine	105.0	0.194	0.087	11	4.58077774296	0.233637398772	129.97420199
glutathione_glycine	105.0	0.194	0.087	0	3.769	1.9899317746	-8.38155937933
glutathione_glutamate	105.0	0.194	0.087	0	2.06336829863	0.00506100395031	74.7108144052
glutathione_glutamate	105.0	0.194	0.087	1	2.08480357034	0.00398760283449	197.512653169
glutathione_glutamate	105.0	0.194	0.087	2	2.0880380973	0.0083050758029	168.377894892
glutathione_glutamate	105.0	0.194	0.087	3	2.10953841773	0.00989583879725	-80.9540310974
glutathione_glutamate	105.0	0.194	0.087	4	2.11281857509	0.00410647527805	246.570118507
glutathione_glutamate	105.0	0.194	0.087	5	2.11536997153	0.0795268734476	62.7266747921
glutathione_glutamate	105.0	0.194	0.087	6	2.11861561635	0.0929170717586	61.4371835485
glutathione_glutamate	105.0	0.194	0.087	7	2.13432941101	0.00528829579069	15.0607491499
glutathione_glutamate	105.0	0.194	0.087	8	2.13679450303	0.0613818733156	184.151078444
glutathione_glutamate	105.0	0.194	0.087	9	2.14053472939	0.207666513671	158.539575347
glutathione_glutamate	105.0	0.194	0.087	10	2.14061121976	0.15438281368	188.034170359
glutathione_glutamate	105.0	0.194	0.087	11	2.14268703687	0.0766361311554	162.931988155
glutathione_glutamate	105.0	0.194	0.087	12	2.16113321044	0.0818589758034	263.030035248
glutathione_glutamate	105.0	0.194	0.087	13	2.16210315812	0.166732930032	-89.8513082805
glutathione_glutamate	105.0	0.194	0.087	14	2.16457174926	0.211569789249	250.950825892
glutathione_glutamate	105.0	0.194	0.087	15	2.17061728925	0.00573321617993	56.5575207115
glutathione_glutamate	105.0	0.194	0.087	16	2.18633160852	0.176824821549	4.94798427433
glutathione_glutamate	105.0	0.194	0.087	17	2.1925057678	0.00769531800071	174.447363076
glutathione_glutamate	105.0	0.194	0.087	18	2.19480388619	0.00400581863127	157.913381906
glutathione_glutamate	105.0	0.194	0.087	19	2.21425298712	0.00449703990852	258.248770087
glutathione_glutamate	105.0	0.194	0.087	20	2.21658228982	0.0101089843572	239.829192631
glutathione_glutamate	105.0	0.194	0.087	21	2.23832992615	0.00569178478239	-1.82236499574
glutathione_glutamate	105.0	0.194	0.087	22	2.44897467347	0.0193384715359	61.960554133
glutathione_glutamate	105.0	0.194	0.087	23	2.47132755704	0.0227640691073	122.087080049
glutathione_glutamate	105.0	0.194	0.087	24	2.47336807989	0.0186334927758	119.821250226
glutathione_glutamate	105.0	0.194	0.087	25	2.49588146873	0.0107548960414	236.283457677
glutathione_glutamate	105.0	0.194	0.087	26	2.50242300898	0.21808002169	218.198334802
glutathione_glutamate	105.0	0.194	0.087	27	2.52109056162	0.233528665148	2.75664742126
glutathione_glutamate	105.0	0.194	0.087	28	2.52487859649	0.208832637452	-51.4337201147
glutathione_glutamate	105.0	0.194	0.087	29	2.52677100608	0.185788311752	-58.555265895
glutathione_glutamate	105.0	0.194	0.087	30	2.54565712833	0.383325880293	85.7712445366
glutathione_glutamate	105.0	0.194	0.087	31	2.54935500952	0.213969379051	44.240170212
glutathione_glutamate	105.0	0.194	0.087	32	2.57018686606	0.203858936877	179.379007407
glutathione_glutamate	105.0	0.194	0.087	33	2.5745478898	0.0211184473961	162.756619536
glutathione_glutamate	105.0	0.194	0.087	34	2.59872983165	0.0228071497885	265.178570424
glutathione_glutamate	105.0	0.194	0.087	35	2.59956499425	0.00662756409968	166.19751862
glutathione_glutamate	105.0	0.194	0.087	36	2.59963997161	0.00894937776154	-68.3328785618
glutathione_glutamate	105.0	0.194	0.087	37	2.62365742176	0.0187346519608	0.697865130779
glutathione_glutamate	105.0	0.194	0.087	38	3.74782393025	0.258943309441	230.242960881
glutathione_glutamate	105.0	0.194	0.087	39	3.76912485176	0.452130376011	-8.19256547284
glutathione_glutamate	105.0	0.194	0.087	40	3.79046631883	0.230300615002	110.33115784
gpc_7-CH2_8-CH2	105.0	0.097	0.087	0	3.59557808424	0.00117781276791	20.4965209534
gpc_7-CH2_8-CH2	105.0	0.097	0.087	1	3.64368621253	0.454098136155	162.163707353
gpc_7-CH2_8-CH2	105.0	0.097	0.087	2	3.64350840162	0.0127490020584	-12.1798807202
gpc_7-CH2_8-CH2	105.0	0.097	0.087	3	3.6438348234	0.0158529560188	263.302845668
gpc_7-CH2_8-CH2	105.0	0.097	0.087	4	3.65425544064	0.212881983459	47.6987372335
gpc_7-CH2_8-CH2	105.0	0.097	0.087	5	3.654252535	0.00725975003361	-8.07671122987
gpc_7-CH2_8-CH2	105.0	0.097	0.087	6	3.65859839303	0.339770191129	-5.02529722795
gpc_7-CH2_8-CH2	105.0	0.097	0.087	7	3.65901798398	0.0200978135456	209.960359075
gpc_7-CH2_8-CH2	105.0	0.097	0.087	8	3.6636766224	0.207494632252	-64.8925950671
gpc_7-CH2_8-CH2	105.0	0.097	0.087	9	3.6636737941	0.00873522374312	257.954311311
gpc_7-CH2_8-CH2	105.0	0.097	0.087	10	3.6636796249	0.00577804618071	8.67240577041
gpc_7-CH2_8-CH2	105.0	0.097	0.087	11	3.67394674895	0.428197463269	176.405068351
gpc_7-CH2_8-CH2	105.0	0.097	0.087	12	3.67379101706	0.01847710986	268.863328606
gpc_7-CH2_8-CH2	105.0	0.097	0.087	13	3.6740962265	0.0147792369739	-77.0510658406
gpc_7-CH2_8-CH2	105.0	0.097	0.087	14	3.72172131336	0.000968333246765	-41.6438234163
gpc_7-CH2_8-CH2	105.0	0.097	0.087	15	4.25043423145	0.000969106111952	-69.6750165198
gpc_7-CH2_8-CH2	105.0	0.097	0.087	16	4.27791905987	0.0857321222926	173.924053512
gpc_7-CH2_8-CH2	105.0	0.097	0.087	17	4.28689612663	0.085409816286	172.447156171
gpc_7-CH2_8-CH2	105.0	0.097	0.087	18	4.28818766407	0.0411035266597	53.522222821
gpc_7-CH2_8-CH2	105.0	0.097	0.087	19	4.29325533561	0.0587358523492	-8.82364558084
gpc_7-CH2_8-CH2	105.0	0.097	0.087	20	4.29588436556	0.0852310374453	170.748757553
gpc_7-CH2_8-CH2	105.0	0.097	0.087	21	4.2971654871	0.0412570308143	52.7895224062
gpc_7-CH2_8-CH2	105.0	0.097	0.087	22	4.29779130564	0.0552410819719	-56.320936282
gpc_7-CH2_8-CH2	105.0	0.097	0.087	23	4.29805931831	0.00891817979387	224.234949294
gpc_7-CH2_8-CH2	105.0	0.097	0.087	24	4.30223802188	0.0612665589209	-7.72778285808
gpc_7-CH2_8-CH2	105.0	0.097	0.087	25	4.30615438911	0.0414312960801	51.9362345317
gpc_7-CH2_8-CH2	105.0	0.097	0.087	26	4.30658673879	0.0416445041499	-60.8733889725
gpc_7-CH2_8-CH2	105.0	0.097	0.087	27	4.30772675536	0.183796541701	175.706791445
gpc_7-CH2_8-CH2	105.0	0.097	0.087	28	4.30847592693	0.00897603255437	241.53867722
gpc_7-CH2_8-CH2	105.0	0.097	0.087	29	4.31122629326	0.0644647202768	-6.67502257022
gpc_7-CH2_8-CH2	105.0	0.097	0.087	30	4.3135160845	0.0287958954106	95.8279629504
gpc_7-CH2_8-CH2	105.0	0.097	0.087	31	4.31557564822	0.0414607686346	-59.889957783
gpc_7-CH2_8-CH2	105.0	0.097	0.087	32	4.31682640078	0.20187809077	171.070870393
gpc_7-CH2_8-CH2	105.0	0.097	0.087	33	4.3174537663	0.0416621278711	50.7901009571
gpc_7-CH2_8-CH2	105.0	0.097	0.087	34	4.32251830842	0.0691153393112	-5.58885924219
gpc_7-CH2_8-CH2	105.0	0.097	0.087	35	4.3261441376	0.0915254140261	184.768278801
gpc_7-CH2_8-CH2	105.0	0.097	0.087	36	4.32644270595	0.0418443091509	49.8976082311
gpc_7-CH2_8-CH2	105.0	0.097	0.087	37	4.32687501785	0.0412114345683	-58.5947141262
gpc_7-CH2_8-CH2	105.0	0.097	0.087	38	4.32831487917	0.00597638141134	176.041980074
gpc_7-CH2_8-CH2	105.0	0.097	0.087	39	4.32864716427	0.00773137945838	-41.1797990634
gpc_7-CH2_8-CH2	105.0	0.097	0.087	40	4.33149624152	0.0729761480031	-4.95893013885
gpc_7-CH2_8-CH2	105.0	0.097	0.087	41	4.33586397748	0.0410144587706	-57.5692974225
gpc_7-CH2_8-CH2	105.0	0.097	0.087	42	4.33744244909	0.0894081312281	185.813324372
gpc_7-CH2_8-CH2	105.0	0.097	0.087	43	4.34643201591	0.0870410921719	186.607978925
gpc_7-CH2_8-CH2	105.0	0.097	0.087	44	4.37657161832	0.00217965208137	-51.801258979
gpc_glycerol	105.0	0.097	0.087	0	3.53712165309	0.00140916939622	-38.0083419777
gpc_glycerol	105.0	0.097	0.087	1	3.54410022421	0.00100480544673	-87.6753865245
gpc_glycerol	105.0	0.097	0.087	2	3.54638811193	0.000985156072789	-74.1477037407
gpc_glycerol	105.0	0.097	0.087	3	3.54917396702	0.00433660464538	-72.9100531659
gpc_glycerol	105.0	0.097	0.087	4	3.56192782366	0.0220267383624	266.752512191
gpc_glycerol	105.0	0.097	0.087	5	3.56192788218	0.00541279610628	-43.8715385007
gpc_glycerol	105.0	0.097	0.087	6	3.56203374532	0.0192847580314	202.18268982
gpc_glycerol	105.0	0.097	0.087	7	3.56463347212	0.0162161601546	243.575038142
gpc_glycerol	105.0	0.097	0.087	8	3.56574445655	0.00668810022178	43.587752154
gpc_glycerol	105.0	0.097	0.087	9	3.57042580935	0.0137447149794	121.598877469
gpc_glycerol	105.0	0.097	0.087	10	3.57288117716	0.00856335577567	168.773966962
gpc_glycerol	105.0	0.097	0.087	11	3.57336044135	0.00516068606386	229.721936887
gpc_glycerol	105.0	0.097	0.087	12	3.57834167271	0.0203910613044	166.134739879
gpc_glycerol	105.0	0.097	0.087	13	3.58107823257	0.00767737068792	-17.6744296773
gpc_glycerol	105.0	0.097	0.087	14	3.58122673661	0.0380391811952	89.9384968341
gpc_glycerol	105.0	0.097	0.087	15	3.58128351126	0.0144627668167	140.598709915
gpc_glycerol	105.0	0.097	0.087	16	3.58297543498	0.000856634962985	39.8282173821
gpc_glycerol	105.0	0.097	0.087	17	3.59429603603	0.00855295151968	46.4488551004
gpc_glycerol	105.0	0.097	0.087	18	3.59488246926	0.00482580117216	114.276743614
gpc_glycerol	105.0	0.097	0.087	19	3.59656643003	0.00955753849635	53.059644322
gpc_glycerol	105.0	0.097	0.087	20	3.59935492928	0.000896623534594	81.8008513329
gpc_glycerol	105.0	0.097	0.087	21	3.60600984182	0.0021011650197	55.3422138328
gpc_glycerol	105.0	0.097	0.087	22	3.61166576722	0.0599460665209	39.5120448331
gpc_glycerol	105.0	0.097	0.087	23	3.61161569591	0.0180496174391	162.700754346
gpc_glycerol	105.0	0.097	0.087	24	3.61351022951	0.00584136955553	131.040685146
gpc_glycerol	105.0	0.097	0.087	25	3.61669738635	0.0243546366641	-65.4334747913
gpc_glycerol	105.0	0.097	0.087	26	3.61746620722	0.0091073895026	74.5957905936
gpc_glycerol	105.0	0.097	0.087	27	3.61775389846	0.0276947092928	15.5140199425
gpc_glycerol	105.0	0.097	0.087	28	3.61942412374	0.00265547178058	186.314868752
gpc_glycerol	105.0	0.097	0.087	29	3.62479239281	0.0284418376441	-73.4683822194
gpc_glycerol	105.0	0.097	0.087	30	3.6251028457	0.00978279098646	42.9592895012
gpc_glycerol	105.0	0.097	0.087	31	3.62612395938	0.0266250896184	250.452422
gpc_glycerol	105.0	0.097	0.087	32	3.62948427968	0.03970370471	98.8368017473
gpc_glycerol	105.0	0.097	0.087	33	3.63075559016	0.0314358533508	-47.9424675758
gpc_glycerol	105.0	0.097	0.087	34	3.63098156815	0.0608117754783	209.319519636
gpc_glycerol	105.0	0.097	0.087	35	3.63312277017	0.00692724258296	138.891222993
gpc_glycerol	105.0	0.097	0.087	36	3.64717956886	0.0242364704523	185.011058568
gpc_glycerol	105.0	0.097	0.087	37	3.64746903531	0.0335309153667	113.393079039
gpc_glycerol	105.0	0.097	0.087	38	3.64751896874	0.00405525064076	264.075116154
gpc_glycerol	105.0	0.097	0.087	39	3.64764153845	0.0255494754001	29.4713532159
gpc_glycerol	105.0	0.097	0.087	40	3.64933404729	0.0240974693549	96.3012323007
gpc_glycerol	105.0	0.097	0.087	41	3.6507524004	0.00613985504255	201.674494837
gpc_glycerol	105.0	0.097	0.087	42	3.65303739627	0.0173296393688	149.509312452
gpc_glycerol	105.0	0.097	0.087	43	3.6535081215	0.0284807258799	-13.5597593448
gpc_glycerol	105.0	0.097	0.087	44	3.65698154884	0.0405141424958	11.3127452565
gpc_glycerol	105.0	0.097	0.087	45	3.65964296259	0.0123457288792	153.274940889
gpc_glycerol	105.0	0.097	0.087	46	3.66080049344	0.018088225441	8.39197422161
gpc_glycerol	105.0	0.097	0.087	47	3.66262349048	0.0234173056433	212.335853538
gpc_glycerol	105.0	0.097	0.087	48	3.66274424493	0.0693461140358	-54.9740078446
gpc_glycerol	105.0	0.097	0.087	49	3.6627970794	0.0183613157248	155.671903572
gpc_glycerol	105.0	0.097	0.087	50	3.67721533164	0.00823445870862	240.074019416
gpc_glycerol	105.0	0.097	0.087	51	3.67781424085	0.00143913229347	84.9717215163
gpc_glycerol	105.0	0.097	0.087	52	3.67932529317	0.00193818947558	251.219862604
gpc_glycerol	105.0	0.097	0.087	53	3.67958304443	0.00275359722789	-51.6416661507
gpc_glycerol	105.0	0.097	0.087	54	3.68128719493	0.00711989320878	210.626788773
gpc_glycerol	105.0	0.097	0.087	55	3.69071041699	0.002436376187	247.972388376
gpc_glycerol	105.0	0.097	0.087	56	3.69717958476	0.0362257170411	249.408159169
gpc_glycerol	105.0	0.097	0.087	57	3.69715687801	0.00588875807342	141.263282059
gpc_glycerol	105.0	0.097	0.087	58	3.69719619996	0.00817932855314	-67.4485740827
gpc_glycerol	105.0	0.097	0.087	59	3.69851817336	0.00386634737757	71.6201688039
gpc_glycerol	105.0	0.097	0.087	60	3.70064618949	0.0177717635405	154.829337198
gpc_glycerol	105.0	0.097	0.087	61	3.70238140351	0.0186304067554	239.368681501
gpc_glycerol	105.0	0.097	0.087	62	3.70756526431	0.0170746947856	162.213753193
gpc_glycerol	105.0	0.097	0.087	63	3.70913721753	0.0151463792284	101.104781534
gpc_glycerol	105.0	0.097	0.087	64	3.7123258695	0.0262176118783	78.5843392398
gpc_glycerol	105.0	0.097	0.087	65	3.71219148913	0.00629821930552	216.775252713
gpc_glycerol	105.0	0.097	0.087	66	3.71234138086	0.0141448836377	163.782136666
gpc_glycerol	105.0	0.097	0.087	67	3.73018522635	0.00408277941109	28.7965892061
gpc_glycerol	105.0	0.097	0.087	68	3.73175213004	0.00145487360002	81.0723560827
gpc_glycerol	105.0	0.097	0.087	69	3.74500470696	0.00133868427866	-48.7430325205
gpc_glycerol	105.0	0.097	0.087	70	3.79209022585	0.00103765904992	16.638826298
gpc_glycerol	105.0	0.097	0.087	71	3.80401456621	0.00805631512107	-21.1349010317
gpc_glycerol	105.0	0.097	0.087	72	3.80650602466	0.0096949620551	-14.9311001926
gpc_glycerol	105.0	0.097	0.087	73	3.80797506672	0.000947550254027	212.321450447
gpc_glycerol	105.0	0.097	0.087	74	3.81155354505	0.00162377870617	168.651052368
gpc_glycerol	105.0	0.097	0.087	75	3.81246118215	0.0184074416	-63.6729970665
gpc_glycerol	105.0	0.097	0.087	76	3.8219021502	0.0176786345706	160.723513537
gpc_glycerol	105.0	0.097	0.087	77	3.8236775389	0.00350480469673	-14.5444733049
gpc_glycerol	105.0	0.097	0.087	78	3.82533546253	0.011423233575	11.1723693263
gpc_glycerol	105.0	0.097	0.087	79	3.826891376	0.0127947636696	17.0215782538
gpc_glycerol	105.0	0.097	0.087	80	3.83616839228	0.00841579229304	-56.4935951657
gpc_glycerol	105.0	0.097	0.087	81	3.8373709925	0.117318638247	105.829627727
gpc_glycerol	105.0	0.097	0.087	82	3.84158553945	0.00305443711461	18.8684989054
gpc_glycerol	105.0	0.097	0.087	83	3.84208833958	0.00438902681943	241.37397391
gpc_glycerol	105.0	0.097	0.087	84	3.84532177124	0.00108130195571	193.725630427
gpc_glycerol	105.0	0.097	0.087	85	3.85734738518	0.0164642036225	42.4989439979
gpc_glycerol	105.0	0.097	0.087	86	3.85727787833	0.00265299394272	187.882534876
gpc_glycerol	105.0	0.097	0.087	87	3.85749364135	0.00364697052396	104.251083653
gpc_glycerol	105.0	0.097	0.087	88	3.86298244987	0.0147655953723	111.366306523
gpc_glycerol	105.0	0.097	0.087	89	3.86362325475	0.00433182862614	254.328310472
gpc_glycerol	105.0	0.097	0.087	90	3.86528117596	0.0141180512138	134.39615601
gpc_glycerol	105.0	0.097	0.087	91	3.86663394259	0.00544183751474	214.715824376
gpc_glycerol	105.0	0.097	0.087	92	3.87259474796	0.044540222745	-51.5896202234
gpc_glycerol	105.0	0.097	0.087	93	3.87392631453	0.0213645771384	269.875267911
gpc_glycerol	105.0	0.097	0.087	94	3.87463710204	0.024114288825	-86.1303500481
gpc_glycerol	105.0	0.097	0.087	95	3.87711040454	0.00352949128708	119.649295518
gpc_glycerol	105.0	0.097	0.087	96	3.88020923087	0.0855119102076	-31.3610281766
gpc_glycerol	105.0	0.097	0.087	97	3.88267873654	0.00869959811947	117.300329514
gpc_glycerol	105.0	0.097	0.087	98	3.88504855277	0.0320304436722	141.125796594
gpc_glycerol	105.0	0.097	0.087	99	3.88542453394	0.0129779499247	-33.4617682466
gpc_glycerol	105.0	0.097	0.087	100	3.89008734653	0.0462557654591	249.061080075
gpc_glycerol	105.0	0.097	0.087	101	3.89034115273	0.0356333664877	-86.0999077189
gpc_glycerol	105.0	0.097	0.087	102	3.89069404916	0.0179497759875	-27.4307093524
gpc_glycerol	105.0	0.097	0.087	103	3.89253276981	0.0196772821391	66.4512827185
gpc_glycerol	105.0	0.097	0.087	104	3.89332608754	0.0331609269155	233.864618453
gpc_glycerol	105.0	0.097	0.087	105	3.89432808947	0.062313209971	182.13690123
gpc_glycerol	105.0	0.097	0.087	106	3.89431166586	0.022864649401	-11.1412785864
gpc_glycerol	105.0	0.097	0.087	107	3.89546617716	0.00209416834981	248.804778573
gpc_glycerol	105.0	0.097	0.087	108	3.89595799836	0.0128599028962	-25.3095399632
gpc_glycerol	105.0	0.097	0.087	109	3.89821850678	0.00367677343433	33.7390126354
gpc_glycerol	105.0	0.097	0.087	110	3.90029868621	0.0445554787286	138.018028621
gpc_glycerol	105.0	0.097	0.087	111	3.90017161983	0.0404716865958	-1.59818721495
gpc_glycerol	105.0	0.097	0.087	112	3.90232203485	0.0209674618128	161.001008618
gpc_glycerol	105.0	0.097	0.087	113	3.90240667232	0.0305317202912	71.0990206563
gpc_glycerol	105.0	0.097	0.087	114	3.90383623808	0.00688898950293	140.594017578
gpc_glycerol	105.0	0.097	0.087	115	3.90413724061	0.0424844416704	-4.78952407839
gpc_glycerol	105.0	0.097	0.087	116	3.90438530917	0.0118637453855	79.1639943148
gpc_glycerol	105.0	0.097	0.087	117	3.90665754566	0.0252497205764	201.541885811
gpc_glycerol	105.0	0.097	0.087	118	3.90801031229	0.00477894358582	40.0249876317
gpc_glycerol	105.0	0.097	0.087	119	3.90994889294	0.0238760619588	195.847997379
gpc_glycerol	105.0	0.097	0.087	120	3.91221973518	0.042331547627	99.0620479125
gpc_glycerol	105.0	0.097	0.087	121	3.91411700182	0.00395255015021	262.710180377
gpc_glycerol	105.0	0.097	0.087	122	3.91465503985	0.0218542645024	78.0612909184
gpc_glycerol	105.0	0.097	0.087	123	3.91596932531	0.0212563519	-35.0102811594
gpc_glycerol	105.0	0.097	0.087	124	3.91632072121	0.00787554907782	120.214351102
gpc_glycerol	105.0	0.097	0.087	125	3.9192836802	0.0291902966748	212.710482596
gpc_glycerol	105.0	0.097	0.087	126	3.92050864114	0.0549060239908	9.81788539452
gpc_glycerol	105.0	0.097	0.087	127	3.92201663417	0.00772157272838	154.929881475
gpc_glycerol	105.0	0.097	0.087	128	3.92337130821	0.0181929905683	220.86126682
gpc_glycerol	105.0	0.097	0.087	129	3.9238278494	0.05392496514	44.3677387815
gpc_glycerol	105.0	0.097	0.087	130	3.92527810152	0.0157928021849	106.465259354
gpc_glycerol	105.0	0.097	0.087	131	3.92702354205	0.0130295724521	1.26216670983
gpc_glycerol	105.0	0.097	0.087	132	3.93018278932	0.0153947872672	240.922049473
gpc_glycerol	105.0	0.097	0.087	133	3.93171752243	0.0307069317357	16.5610909231
gpc_glycerol	105.0	0.097	0.087	134	3.93185977592	0.0136973361226	251.172222805
gpc_glycerol	105.0	0.097	0.087	135	3.93413202848	0.0180582144018	246.922872723
gpc_glycerol	105.0	0.097	0.087	136	3.94366086651	0.0124263700427	158.200131717
gpc_glycerol	105.0	0.097	0.087	137	3.94432926832	0.00554148353926	-0.504807726996
gpc_glycerol	105.0	0.097	0.087	138	3.94594586238	0.0140498756986	-22.5751654425
gpc_glycerol	105.0	0.097	0.087	139	3.94772747455	0.0124144991458	73.0410516716
gpc_glycerol	105.0	0.097	0.087	140	3.94883026999	0.00555644368778	125.89360266
gpc_glycerol	105.0	0.097	0.087	141	3.95003366451	0.0332397157775	230.973201983
gpc_glycerol	105.0	0.097	0.087	142	3.95350400826	0.00151407659006	231.334769
gpc_glycerol	105.0	0.097	0.087	143	3.95753847857	0.00742691409418	54.2280556841
gpc_glycerol	105.0	0.097	0.087	144	3.96074614878	0.115594153057	237.705740528
gpc_glycerol	105.0	0.097	0.087	145	3.96555307488	0.0157029195761	51.9345268029
gpc_glycerol	105.0	0.097	0.087	146	3.97119781457	0.0354011112982	-10.5394211352
gpc_glycerol	105.0	0.097	0.087	147	3.97218450993	0.00514554123919	64.7174460618
gpc_glycerol	105.0	0.097	0.087	148	3.9734376796	0.01315846388	199.29769657
gpc_glycerol	105.0	0.097	0.087	149	3.98089816727	0.0054491252334	267.31795566
gpc_glycerol	105.0	0.097	0.087	150	3.98094568089	0.0196405032137	118.011108433
gpc_glycerol	105.0	0.097	0.087	151	3.98313880554	0.00715937912953	-71.6732147045
gpc_glycerol	105.0	0.097	0.087	152	3.98536453393	0.000806370762813	258.453004495
gpc_glycerol	105.0	0.097	0.087	153	3.98842450408	0.0106240881866	45.1101845626
gpc_glycerol	105.0	0.097	0.087	154	3.99085659676	0.00876605056443	-76.6097110183
gpc_glycerol	105.0	0.097	0.087	155	3.99829034924	0.00421631778449	17.7765600653
gpc_glycerol	105.0	0.097	0.087	156	4.00146745403	0.0035600405247	6.83335961923
gpc_glycerol	105.0	0.097	0.087	157	4.00269944645	0.011861883279	141.999779364
gpc_glycerol	105.0	0.097	0.087	158	4.0065617582	0.00585161123714	83.3631922672
gpc_glycerol	105.0	0.097	0.087	159	4.00824283197	0.0040858470482	-55.253944432
gpc_glycerol	105.0	0.097	0.087	160	4.0148140493	0.00169396014972	-34.7001506276
gpc_glycerol	105.0	0.097	0.087	161	4.01782892618	0.0027854605073	39.0052810827
gpc_N(CH3)3_b	105.0	0.097	0.121	0	3.21008187989	1.65869152261	-6.28560657802
gpc_N(CH3)3_b	105.0	0.097	0.121	1	3.21199956078	0.460504113752	4.80245720855
gpc_N(CH3)3_b	105.0	0.097	0.121	2	3.21199956095	0.339295383392	-5.26296313494
gpc_N(CH3)3_b	105.0	0.097	0.121	3	3.21199956074	0.0539725245946	173.787542507
gpc_N(CH3)3_b	105.0	0.097	0.121	4	3.21199956069	0.0894172453407	232.52983454
gpc_N(CH3)3_b	105.0	0.097	0.121	5	3.21199956081	0.0526509940535	114.09491512
gpc_N(CH3)3_b	105.0	0.097	0.121	6	3.21199956138	0.0382393669423	-36.5496822353
gpc_N(CH3)3_b	105.0	0.097	0.121	7	3.21391771082	0.342015928829	17.354067809
gpc_N(CH3)3_b	105.0	0.097	0.121	8	3.21391771924	0.657891259572	-8.87013866381
gpc_N(CH3)3_b	105.0	0.097	0.121	9	3.2139175437	0.024692266616	159.107517431
gpc_N(CH3)3_b	105.0	0.097	0.121	10	3.21391793551	0.0835646284829	53.7218932974
gpc_N(CH3)3_b	105.0	0.097	0.121	11	3.21391825758	0.0326647477255	251.34889469
gpc_N(CH3)3_a	105.0	0.097	0.121	0	3.2100818801	1.32692126229	-6.28561034298
gpc_N(CH3)3_a	105.0	0.097	0.121	1	3.21199956057	0.105401370932	131.215716645
gpc_N(CH3)3_a	105.0	0.097	0.121	2	3.21199956071	0.116708714102	25.9780179714
gpc_N(CH3)3_a	105.0	0.097	0.121	3	3.2119995608	0.0736952548703	9.96674691546
gpc_N(CH3)3_a	105.0	0.097	0.121	4	3.21199956091	0.068001499455	170.989231508
gpc_N(CH3)3_a	105.0	0.097	0.121	5	3.21199956057	0.0723938584972	-67.1475085735
gpc_N(CH3)3_a	105.0	0.097	0.121	6	3.21199956116	0.0834320015704	231.905140905
gpc_N(CH3)3_a	105.0	0.097	0.121	7	3.21391767883	0.105238906035	41.0315244496
gpc_N(CH3)3_a	105.0	0.097	0.121	8	3.21391748957	0.110417793696	199.446406271
gpc_N(CH3)3_a	105.0	0.097	0.121	9	3.21391770733	0.156143123338	-63.157143095
gpc_N(CH3)3_a	105.0	0.097	0.121	10	3.21391816084	0.120881144803	119.698098006
naa_aspartate	105.0	1.0	0.069	0	2.42994705065	0.272381044975	134.055945502
naa_aspartate	105.0	1.0	0.069	1	2.46264929476	0.157558396343	126.020802809
naa_aspartate	105.0	1.0	0.069	2	2.48240704206	0.0879013286646	180.98670175
naa_aspartate	105.0	1.0	0.069	3	2.51510945125	0.300170448668	254.746997695
naa_aspartate	105.0	1.0	0.069	4	2.6334073292	0.107091171318	100.570333148
naa_aspartate	105.0	1.0	0.069	5	2.64673838639	0.301652766529	237.367359579
naa_aspartate	105.0	1.0	0.069	6	2.68586758017	0.274309181718	156.440517341
naa_aspartate	105.0	1.0	0.069	7	2.69919861939	0.174618420437	7.08733902389
naa_aspartate	105.0	1.0	0.069	8	4.33805226897	0.133873390912	15.5078185667
naa_aspartate	105.0	1.0	0.069	9	4.3513830937	0.0554504986911	190.442970895
naa_aspartate	105.0	1.0	0.069	10	4.35958461114	0.12007329299	140.53722363
naa_aspartate	105.0	1.0	0.069	11	4.3707545707	0.0797540893081	26.5635287796
naa_aspartate	105.0	1.0	0.069	12	4.37291590033	0.099832435678	-39.6181750693
naa_aspartate	105.0	1.0	0.069	13	4.38408539298	0.13344367426	215.494986821
naa_aspartate	105.0	1.0	0.069	14	4.39228650928	0.0746329606351	138.936955632
naa_aspartate	105.0	1.0	0.069	15	4.40561779602	0.10653584096	-8.10770929996
naa_acetyl	105.0	1.0	0.13	0	2.008	1.80543419	38.7423459846
myoinositol	105.0	0.578	0.087	0	3.14830362726	0.00103379638836	-4.88678871354
myoinositol	105.0	0.578	0.087	1	3.17865875453	0.000813329472706	-8.34003960486
myoinositol	105.0	0.578	0.087	2	3.18750103155	0.000879721433759	21.8149867919
myoinositol	105.0	0.578	0.087	3	3.18772796561	0.000917990600089	-47.1434291926
myoinositol	105.0	0.578	0.087	4	3.18939356493	0.000940761835854	-38.6722562358
myoinositol	105.0	0.578	0.087	5	3.2361065433	0.115784954759	28.4945535521
myoinositol	105.0	0.578	0.087	6	3.23748626601	0.011579421517	90.1040514124
myoinositol	105.0	0.578	0.087	7	3.23786812094	0.00369265210063	20.0280084699
myoinositol	105.0	0.578	0.087	8	3.26498384654	0.0391107624833	-54.7226675118
myoinositol	105.0	0.578	0.087	9	3.26714003654	0.0177977856321	90.246755348
myoinositol	105.0	0.578	0.087	10	3.26756007137	0.171910363091	-10.7315142027
myoinositol	105.0	0.578	0.087	11	3.26742950071	0.00261198619087	148.151831506
myoinositol	105.0	0.578	0.087	12	3.26981074605	0.00369010422045	112.673031515
myoinositol	105.0	0.578	0.087	13	3.26999263665	0.011875922335	-39.4094714091
myoinositol	105.0	0.578	0.087	14	3.29766181663	0.0509100450283	99.0691302047
myoinositol	105.0	0.578	0.087	15	3.29894674929	0.156717204158	12.7116238772
myoinositol	105.0	0.578	0.087	16	3.34544819022	0.00177116591649	36.5557420101
myoinositol	105.0	0.578	0.087	17	3.3473949743	0.00440637631362	21.0603163927
myoinositol	105.0	0.578	0.087	18	3.35574005161	0.00407729968717	-0.174499895722
myoinositol	105.0	0.578	0.087	19	3.3779763476	0.0066467861614	35.6348162942
myoinositol	105.0	0.578	0.087	20	3.38692235571	0.00147773381365	-11.3810750277
myoinositol	105.0	0.578	0.087	21	3.38843798204	0.0017304738368	-16.5501840831
myoinositol	105.0	0.578	0.087	22	3.49659728285	0.187359372501	219.580799602
myoinositol	105.0	0.578	0.087	23	3.49749720674	0.163361242931	13.9977939462
myoinositol	105.0	0.578	0.087	24	3.50608701822	0.153305214976	125.956538526
myoinositol	105.0	0.578	0.087	25	3.50724314926	0.162611382604	-3.86425002229
myoinositol	105.0	0.578	0.087	26	3.5306608023	0.533727170814	196.120126186
myoinositol	105.0	0.578	0.087	27	3.54017552544	0.673362904445	101.826277755
myoinositol	105.0	0.578	0.087	28	3.54169178035	0.0220100152543	99.8152151641
myoinositol	105.0	0.578	0.087	29	3.5859343689	0.647803938785	3.49511994883
myoinositol	105.0	0.578	0.087	30	3.61679376213	0.526153962661	8.07171042221
myoinositol	105.0	0.578	0.087	31	3.61945564669	0.341903282625	1.16136058642
myoinositol	105.0	0.578	0.087	32	3.65026712687	0.186113649119	212.104669766
myoinositol	105.0	0.578	0.087	33	3.6504628984	0.139999135774	122.037958725
myoinositol	105.0	0.578	0.087	34	4.04427393614	0.21948152587	85.6164314233
myoinositol	105.0	0.578	0.087	35	4.04441660481	0.0218132156901	9.23115013614
myoinositol	105.0	0.578	0.087	36	4.05386087249	0.396585396747	1.19289191055
myoinositol	105.0	0.578	0.087	37	4.05414980563	0.217928751466	-20.2424278544
myoinositol	105.0	0.578	0.087	38	4.06349214416	0.136767262027	250.243810594
myoinositol	105.0	0.578	0.087	39	4.06352257882	0.0724452767412	-56.2261821447
lactate	105.0	0.039	0.087	0	1.30245569334	0.824792379251	263.706245304
lactate	105.0	0.039	0.087	1	1.30258623101	0.266717712086	-87.5669911699
lactate	105.0	0.039	0.087	2	1.32575041289	0.119777406427	-72.663865041
lactate	105.0	0.039	0.087	3	1.32591149845	0.0507381572668	261.211543497
lactate	105.0	0.039	0.087	4	4.06255628652	0.0901536965928	8.15162799339
lactate	105.0	0.039	0.087	5	4.08584446875	0.28893031939	111.180955413
lactate	105.0	0.039	0.087	6	4.10917944509	0.287319111464	236.495394104
lactate	105.0	0.039	0.087	7	4.13253700483	0.0833981933916	-18.828911248
naag_aspartyl	105.0	0.16	0.087	0	2.46274169543	0.252069009883	133.136219318
naag_aspartyl	105.0	0.16	0.087	1	2.49450147826	0.190039827489	123.825662491
naag_aspartyl	105.0	0.16	0.087	2	2.51627255614	0.143958428018	195.564968355
naag_aspartyl	105.0	0.16	0.087	3	2.54803233898	0.2999456982	258.323604799
naag_aspartyl	105.0	0.16	0.087	4	2.68014621287	0.170251576981	88.5665326492
naag_aspartyl	105.0	0.16	0.087	5	2.69524501619	0.297981030713	229.857382064
naag_aspartyl	105.0	0.16	0.087	6	2.73367707359	0.25649049961	153.780726629
naag_aspartyl	105.0	0.16	0.087	7	2.7487758769	0.204031829337	1.9333077774
naag_aspartyl	105.0	0.16	0.087	8	4.57372264483	0.275068670527	254.215797957
naag_aspartyl	105.0	0.16	0.087	9	4.58882144815	0.186745463282	82.7120471507
naag_aspartyl	105.0	0.16	0.087	10	4.60548242767	0.185878556648	-80.2008057157
naag_aspartyl	105.0	0.16	0.087	11	4.62058123099	0.231600651051	97.8741903961
naag_glutamate	105.0	0.16	0.087	0	1.871	0.498834520468	46.8291535227
naag_glutamate	105.0	0.16	0.087	1	2.039	0.665595874836	22.5532671644
naag_glutamate	105.0	0.16	0.087	2	2.17	0.720983290088	35.6835924676
naag_glutamate	105.0	0.16	0.087	3	2.18	0.719766752131	36.8240249723
naag_glutamate	105.0	0.16	0.087	4	4.118	0.994400773231	-6.07300203373
naag_acetyl	105.0	0.16	0.13	0	2.032	1.94212407152	25.1998158293
pcho_N(CH3)3_a	105.0	0.058	0.121	0	3.2060818805	1.32607912916	-6.24281213107
pcho_N(CH3)3_a	105.0	0.058	0.121	1	3.20799956065	0.11057893969	103.280970937
pcho_N(CH3)3_a	105.0	0.058	0.121	2	3.20799956115	0.0527375927065	-9.47044393969
pcho_N(CH3)3_a	105.0	0.058	0.121	3	3.20799956109	0.04967423815	192.70596161
pcho_N(CH3)3_a	105.0	0.058	0.121	4	3.20799956086	0.0573286377214	57.1473730124
pcho_N(CH3)3_a	105.0	0.058	0.121	5	3.2079995609	0.0977365408241	-49.5881733539
pcho_N(CH3)3_a	105.0	0.058	0.121	6	3.20799956117	0.047571266329	179.868629823
pcho_N(CH3)3_a	105.0	0.058	0.121	7	3.20799956157	0.0400639644772	265.885840725
pcho_N(CH3)3_a	105.0	0.058	0.121	8	3.20991748016	0.0766603523329	24.4362331608
pcho_N(CH3)3_a	105.0	0.058	0.121	9	3.2099174812	0.123125949617	231.795506611
pcho_N(CH3)3_a	105.0	0.058	0.121	10	3.2099177273	0.110281500394	-54.2396481944
pcho_N(CH3)3_a	105.0	0.058	0.121	11	3.20991806231	0.177659547316	115.354499086
pcr_X	105.0	0.422	0.081	0	3.93	1.98965939378	-7.68979580817
pcho_X	105.0	0.058	0.087	0	3.6247220929	0.461276491529	172.753358448
pcho_X	105.0	0.058	0.087	1	3.62455171624	0.00768770974772	38.0781162913
pcho_X	105.0	0.058	0.087	2	3.62486445768	0.00725889158209	233.090012826
pcho_X	105.0	0.058	0.087	3	3.63118595684	0.0938240297311	107.385255412
pcho_X	105.0	0.058	0.087	4	3.63118171948	0.00412519030392	214.711866068
pcho_X	105.0	0.058	0.087	5	3.63354006899	0.115375697905	78.8219290128
pcho_X	105.0	0.058	0.087	6	3.63354360984	0.0121556563991	263.123778562
pcho_X	105.0	0.058	0.087	7	3.64049322791	0.31674973002	-3.36346947654
pcho_X	105.0	0.058	0.087	8	3.64134281994	0.0110759063147	163.018386372
pcho_X	105.0	0.058	0.087	9	3.64823702885	0.113082669199	261.106255633
pcho_X	105.0	0.058	0.087	10	3.64823331038	0.00628649851895	-74.0104076373
pcho_X	105.0	0.058	0.087	11	3.65059084888	0.0920585338039	233.814413326
pcho_X	105.0	0.058	0.087	12	3.65059520074	0.0116742919383	135.629987449
pcho_X	105.0	0.058	0.087	13	3.65677766655	0.433293189197	163.19492524
pcho_X	105.0	0.058	0.087	14	3.65690731178	0.016206972604	22.0389178633
pcho_X	105.0	0.058	0.087	15	3.73913772826	0.00436821774802	-41.1027429104
pcho_X	105.0	0.058	0.087	16	3.7391474082	0.00257629087203	170.727548893
pcho_X	105.0	0.058	0.087	17	4.16263165485	0.000866185119959	28.7809072724
pcho_X	105.0	0.058	0.087	18	4.17179708887	0.000890536480568	28.1415317063
pcho_X	105.0	0.058	0.087	19	4.18097324255	0.00089902345447	27.603604161
pcho_X	105.0	0.058	0.087	20	4.18372970344	0.00231379435791	222.556948626
pcho_X	105.0	0.058	0.087	21	4.19289614942	0.000879050612767	26.9698332863
pcho_X	105.0	0.058	0.087	22	4.20207332867	0.000835997324291	26.3553142482
pcho_X	105.0	0.058	0.087	23	4.24499074047	0.0854010621974	185.854125847
pcho_X	105.0	0.058	0.087	24	4.25117623034	0.0183306187396	115.872249818
pcho_X	105.0	0.058	0.087	25	4.25353002872	0.0220082056033	87.4058573975
pcho_X	105.0	0.058	0.087	26	4.25415435946	0.0849652560973	184.932327393
pcho_X	105.0	0.058	0.087	27	4.26034183364	0.0183302997996	114.701373109
pcho_X	105.0	0.058	0.087	28	4.26042599344	0.0273249213296	-29.7375827092
pcho_X	105.0	0.058	0.087	29	4.26193398259	0.0273255617565	5.49250959041
pcho_X	105.0	0.058	0.087	30	4.26269565333	0.0221847805546	86.8143042143
pcho_X	105.0	0.058	0.087	31	4.26332965721	0.0846594971585	183.561053568
pcho_X	105.0	0.058	0.087	32	4.26596979985	0.0086522286385	99.6996880268
pcho_X	105.0	0.058	0.087	33	4.26622459071	0.0105271150732	185.618697687
pcho_X	105.0	0.058	0.087	34	4.2682295992	0.0231191740987	264.855019696
pcho_X	105.0	0.058	0.087	35	4.26951916315	0.0183313024249	113.122260157
pcho_X	105.0	0.058	0.087	36	4.27037692002	0.0559705673738	-11.4711897882
pcho_X	105.0	0.058	0.087	37	4.27058339758	0.0192285346921	236.468940492
pcho_X	105.0	0.058	0.087	38	4.27194563228	0.0272676360521	90.5568504448
pcho_X	105.0	0.058	0.087	39	4.27519277447	0.0943242628267	185.450473505
pcho_X	105.0	0.058	0.087	40	4.27705060733	0.0926818302704	171.689537259
pcho_X	105.0	0.058	0.087	41	4.27739365253	0.0231250848962	266.024232239
pcho_X	105.0	0.058	0.087	42	4.27957943256	0.058142848494	-10.3979423769
pcho_X	105.0	0.058	0.087	43	4.27974747222	0.0190925285945	237.460647779
pcho_X	105.0	0.058	0.087	44	4.28146429114	0.0231774833941	112.194886642
pcho_X	105.0	0.058	0.087	45	4.28351087709	0.0364212954283	67.0441071053
pcho_X	105.0	0.058	0.087	46	4.28443251223	0.0847388902518	179.39531769
pcho_X	105.0	0.058	0.087	47	4.28621265341	0.0930435112573	172.805203004
pcho_X	105.0	0.058	0.087	48	4.28656905173	0.0231229953651	267.363217016
pcho_X	105.0	0.058	0.087	49	4.28898464037	0.0222345702072	243.034323943
pcho_X	105.0	0.058	0.087	50	4.29062489313	0.0183408330176	108.676048729
pcho_X	105.0	0.058	0.087	51	4.29152594179	0.0621598883426	-8.7765734685
pcho_X	105.0	0.058	0.087	52	4.29168741111	0.000852939455636	210.506109674
pcho_X	105.0	0.058	0.087	53	4.29297881002	0.0231713802146	82.4580179088
pcho_X	105.0	0.058	0.087	54	4.2953868435	0.0929908941471	173.854369586
pcho_X	105.0	0.058	0.087	55	4.29800588064	0.0213915175134	82.4341885953
pcho_X	105.0	0.058	0.087	56	4.29832482014	0.0137796166782	-57.7050068108
pcho_X	105.0	0.058	0.087	57	4.29849781429	0.0231320731575	269.227717651
pcho_X	105.0	0.058	0.087	58	4.30070041228	0.065983548043	-7.60261940327
pcho_X	105.0	0.058	0.087	59	4.300851686	0.0185434209024	240.700169786
pcho_X	105.0	0.058	0.087	60	4.30731311033	0.0921197679278	175.045362309
pcho_X	105.0	0.058	0.087	61	4.30767344445	0.0231131216186	-89.3077051517
pcho_X	105.0	0.058	0.087	62	4.31002736134	0.0182419293337	242.39597242
pcho_X	105.0	0.058	0.087	63	4.31648922317	0.0906487486221	175.82009647
pcho_X	105.0	0.058	0.087	64	4.38082028267	0.00057155853657	81.3538491803
pcho_N(CH3)3_b	105.0	0.058	0.121	0	3.20608188019	1.65755312367	-6.24280716556
pcho_N(CH3)3_b	105.0	0.058	0.121	1	3.20799956105	0.289964060705	21.5696037834
pcho_N(CH3)3_b	105.0	0.058	0.121	2	3.20799956105	0.457755840095	-1.65641507474
pcho_N(CH3)3_b	105.0	0.058	0.121	3	3.20799956091	0.043045456481	244.315554355
pcho_N(CH3)3_b	105.0	0.058	0.121	4	3.20799956094	0.0345611498761	155.611370629
pcho_N(CH3)3_b	105.0	0.058	0.121	5	3.20799956115	0.0343493925244	203.252182997
pcho_N(CH3)3_b	105.0	0.058	0.121	6	3.20799956155	0.0384690901924	-49.2776818988
pcho_N(CH3)3_b	105.0	0.058	0.121	7	3.20799956137	0.0260526661122	93.8089707711
pcho_N(CH3)3_b	105.0	0.058	0.121	8	3.2099177012	0.722922122083	-8.2034840133
pcho_N(CH3)3_b	105.0	0.058	0.121	9	3.20991776996	0.327536169352	14.1215766572
pcho_N(CH3)3_b	105.0	0.058	0.121	10	3.20991759691	0.0690882930011	135.428361281
pcho_N(CH3)3_b	105.0	0.058	0.121	11	3.20991811818	0.167099197116	-23.4675218198
pcho_N(CH3)3_b	105.0	0.058	0.121	12	3.20991837266	0.033347607562	240.533048306
pcr_N(CH3)	105.0	0.422	0.09	0	3.029	2.99628498044	-1.82867816498
taurine	105.0	0.117	0.085	0	3.2209127337	0.206586756464	267.512672325
taurine	105.0	0.117	0.085	1	3.22397870406	0.230893706983	215.936491694
taurine	105.0	0.117	0.085	2	3.24241160821	0.194349922389	-11.9020957769
taurine	105.0	0.117	0.085	3	3.24385211211	0.23754497852	38.7200204823
taurine	105.0	0.117	0.085	4	3.24589837485	0.45557416593	-6.68460216067
taurine	105.0	0.117	0.085	5	3.24772584198	0.0219048296772	-29.3709471209
taurine	105.0	0.117	0.085	6	3.26532934784	0.289529921271	71.9461343127
taurine	105.0	0.117	0.085	7	3.26768692835	0.226757141693	109.365822115
taurine	105.0	0.117	0.085	8	3.39881286344	0.229077508458	234.747740983
taurine	105.0	0.117	0.085	9	3.40117086037	0.289478610228	-87.8771658661
taurine	105.0	0.117	0.085	10	3.41877394265	0.0219045964073	14.2184776447
taurine	105.0	0.117	0.085	11	3.42060161854	0.454945979786	-8.51519694293
taurine	105.0	0.117	0.085	12	3.4226480362	0.236553096529	-54.0547159648
taurine	105.0	0.117	0.085	13	3.42408818358	0.194371683381	-3.45603914244
taurine	105.0	0.117	0.085	14	3.44252147965	0.231463122386	128.579598281
taurine	105.0	0.117	0.085	15	3.4455870826	0.207077770905	77.4002946709
scyllo-inositol	105.0	0.044	0.087	0	3.34	5.97667527439	-7.98376021966
peth	105.0	0.126	0.087	0	3.19887502255	0.331575108035	185.3292913
peth	105.0	0.126	0.087	1	3.19881559729	0.0310372806173	51.6254671409
peth	105.0	0.126	0.087	2	3.20942500459	0.19978002614	64.8017444668
peth	105.0	0.126	0.087	3	3.2091589816	0.0163464141141	249.1082183
peth	105.0	0.126	0.087	4	3.2096625645	0.0137709477069	155.350654886
peth	105.0	0.126	0.087	5	3.21569418191	0.437328283606	-8.6190994239
peth	105.0	0.126	0.087	6	3.21518723131	0.0102739481429	81.8258167875
peth	105.0	0.126	0.087	7	3.22221953199	0.00958669103001	15.5807533558
peth	105.0	0.126	0.087	8	3.22246500413	0.215406357875	-78.0785394887
peth	105.0	0.126	0.087	9	3.22272311489	0.0100201602219	207.712196093
peth	105.0	0.126	0.087	10	3.23267187057	0.465942930102	163.892865249
peth	105.0	0.126	0.087	11	3.2325290494	0.0198148786609	72.1358820101
peth	105.0	0.126	0.087	12	3.23281524204	0.0114536097225	-70.7880171387
peth	105.0	0.126	0.087	13	3.31453774467	0.000673292430353	147.851839751
peth	105.0	0.126	0.087	14	3.88827853336	0.000704016939646	77.5927230594
peth	105.0	0.126	0.087	15	3.94596608416	0.0936717669662	181.35389074
peth	105.0	0.126	0.087	16	3.94773489706	0.0936316684985	181.505093441
peth	105.0	0.126	0.087	17	3.94950416645	0.0935644237047	181.655664299
peth	105.0	0.126	0.087	18	3.95617023179	0.0433156830851	63.6360702278
peth	105.0	0.126	0.087	19	3.95794003517	0.0432770478946	63.7175036034
peth	105.0	0.126	0.087	20	3.95971084689	0.04322716449	63.8011473668
peth	105.0	0.126	0.087	21	3.96345764023	0.130287511785	1.75013832202
peth	105.0	0.126	0.087	22	3.96611036467	0.12079900249	-11.1150541108
peth	105.0	0.126	0.087	23	3.96920977387	0.0395350294834	-78.1088955843
peth	105.0	0.126	0.087	24	3.97000103599	0.0036328911584	264.171082475
peth	105.0	0.126	0.087	25	3.97029284144	0.0143030977371	103.903908251
peth	105.0	0.126	0.087	26	3.97097897146	0.0395684164996	-78.1495057713
peth	105.0	0.126	0.087	27	3.97191107618	0.091907119938	183.216179502
peth	105.0	0.126	0.087	28	3.9727479843	0.0395960373595	-78.1917863189
peth	105.0	0.126	0.087	29	3.97368050796	0.0916840041951	183.289100479
peth	105.0	0.126	0.087	30	3.97976011979	0.0653205074598	161.449327796
peth	105.0	0.126	0.087	31	3.98008497677	0.0189659044634	25.004942705
peth	105.0	0.126	0.087	32	3.98060340712	0.0221202489227	-85.1343828564
peth	105.0	0.126	0.087	33	3.98153016203	0.0652820288882	161.322017045
peth	105.0	0.126	0.087	34	3.98212366581	0.0426797419838	64.9247468529
peth	105.0	0.126	0.087	35	3.98330081107	0.0652658174217	161.198664339
peth	105.0	0.126	0.087	36	3.98389350808	0.042632118801	65.0238250552
peth	105.0	0.126	0.087	37	3.98674994644	0.0225155394341	213.443270878
peth	105.0	0.126	0.087	38	3.98762904672	0.00344865294066	138.487719895
peth	105.0	0.126	0.087	39	3.98940351755	0.131998528929	2.49797140311
peth	105.0	0.126	0.087	40	3.99116383508	0.0359228097594	-21.623391803
peth	105.0	0.126	0.087	41	3.99314552716	0.0122545298573	197.52238591
peth	105.0	0.126	0.087	42	3.99366395751	0.0031713620693	262.074869029
peth	105.0	0.126	0.087	43	3.99516363293	0.0401854549969	-79.1144590415
peth	105.0	0.126	0.087	44	3.99693365485	0.0402363674531	-79.1842854475
peth	105.0	0.126	0.087	45	4.00375726558	0.0108075073348	260.002708414
peth	105.0	0.126	0.087	46	4.00407901361	0.00787664567735	32.7671705846
peth	105.0	0.126	0.087	47	4.00570986997	0.067197414715	160.172563798
peth	105.0	0.126	0.087	48	4.00747940613	0.0674841416756	160.147364443
peth	105.0	0.126	0.087	49	4.0861004598	0.000855183070456	229.634645316
lm1	105.0	1.0	0.945781	L	50.72009	3.550126	-1.138201
lm2	105.0	1.0	1.475781	L	54.12614	2.855701	0.05457026
lm3	105.0	1.0	1.705781	L	68.32043	3.90728	-0.06015777
lm4	105.0	1.0	2.115781	L	96.4358	4.719139	-0.09620739
lm5	105.0	1.0	2.315781	L	69.70896	2.784562	-0.5775946
lm6	105.0	1.0	3.015781	L	42.72932	1.01768	-0.6582785
lm7	105.0	1.0	3.9854041	L	29.64625	1.209407	0.2889715
lm8	105.0	1.0	7.125781	L	274.476	4.046641	0.3027004
lm9	105.0	1.0	7.855781	L	37.37627	1.313574	0.02022181
lm10	105.0	1.0	2.655781	L	121.4557	2.349968	-0.5826102
lm11	105.0	1.0	1.235781	L	30.68139	0.7444791	-1.138201
lm12	105.0	1.0	-0.62824	L	1789.202	21.51878	-3.652967
lm13	105.0	1.0	3.295781	L	109.4958	1.665539	0.1635756
lm14	105.0	1.0	3.705781	L	169.6304	4.873533	-1.354319
