2048
1
0.00050000
170.3490082
1
/home/irus3/smirsatt/data/mrs/additional_data/rat.BXff
 "Feb  1 2004"
MachS=0 ConvS=1.00e-04 V1=4.842 V2=4.848 V3=5.000 vtheta=0.0
TE=0.100 s TM=0.080 s P1=1.09828 P2=-0.31337 P3=-0.18200 Gain=20.00
SIMULTANEOUS
0.0
EMPTY
1.344578
-0.000000
1.316306
0.000000
1.288629
0.000000
1.261534
-0.000000
1.235009
-0.000000
1.209041
-0.000000
1.183619
-0.000000
1.158732
-0.000000
1.134368
-0.000000
1.110516
-0.000000
1.087166
-0.000000
1.064307
0.000000
1.041928
-0.000000
1.020020
0.000000
0.998573
0.000000
0.977577
-0.000000
0.957022
-0.000000
0.936899
-0.000000
0.917199
-0.000000
0.897914
-0.000000
0.879034
0.000000
0.860551
0.000000
0.842457
0.000000
0.824743
-0.000000
0.807402
0.000000
0.790425
0.000000
0.773805
0.000000
0.757535
-0.000000
0.741607
-0.000000
0.726013
-0.000000
0.710748
-0.000000
0.695803
-0.000000
0.681173
0.000000
0.666851
0.000000
0.652829
-0.000000
0.639102
0.000000
0.625664
0.000000
0.612509
-0.000000
0.599630
0.000000
0.587022
0.000000
0.574679
0.000000
0.562596
0.000000
0.550766
0.000000
0.539186
0.000000
0.527849
0.000000
0.516750
-0.000000
0.505884
0.000000
0.495247
0.000000
0.484834
-0.000000
0.474640
-0.000000
0.464660
-0.000000
0.454890
-0.000000
0.445325
0.000000
0.435962
0.000000
0.426795
0.000000
0.417821
-0.000000
0.409036
-0.000000
0.400435
-0.000000
0.392015
0.000000
0.383773
-0.000000
0.375703
-0.000000
0.367804
-0.000000
0.360070
0.000000
0.352499
-0.000000
0.345087
-0.000000
0.337831
0.000000
0.330728
-0.000000
0.323774
-0.000000
0.316966
-0.000000
0.310302
0.000000
0.303777
0.000000
0.297390
0.000000
0.291137
0.000000
0.285015
0.000000
0.279022
0.000000
0.273155
-0.000000
0.267412
0.000000
0.261789
-0.000000
0.256285
0.000000
0.250896
0.000000
0.245621
0.000000
0.240456
-0.000000
0.235400
0.000000
0.230451
0.000000
0.225605
0.000000
0.220861
0.000000
0.216217
0.000000
0.211671
-0.000000
0.207220
-0.000000
0.202863
0.000000
0.198598
0.000000
0.194422
0.000000
0.190334
-0.000000
0.186332
0.000000
0.182414
-0.000000
0.178579
0.000000
0.174824
0.000000
0.171148
-0.000000
0.167549
0.000000
0.164026
0.000000
0.160577
-0.000000
0.157201
0.000000
0.153896
0.000000
0.150660
0.000000
0.147492
0.000000
0.144391
-0.000000
0.141355
-0.000000
0.138383
-0.000000
0.135473
-0.000000
0.132624
0.000000
0.129836
0.000000
0.127106
-0.000000
0.124433
-0.000000
0.121817
-0.000000
0.119255
0.000000
0.116748
0.000000
0.114293
-0.000000
0.111890
0.000000
0.109537
0.000000
0.107234
-0.000000
0.104979
0.000000
0.102772
-0.000000
0.100611
0.000000
0.098496
-0.000000
0.096425
0.000000
0.094397
0.000000
0.092412
0.000000
0.090469
0.000000
0.088567
0.000000
0.086705
0.000000
0.084882
-0.000000
0.083097
0.000000
0.081350
-0.000000
0.079639
-0.000000
0.077965
-0.000000
0.076325
-0.000000
0.074721
0.000000
0.073149
-0.000000
0.071611
-0.000000
0.070106
-0.000000
0.068632
0.000000
0.067188
-0.000000
0.065776
-0.000000
0.064393
-0.000000
0.063039
0.000000
0.061713
0.000000
0.060416
-0.000000
0.059145
0.000000
0.057902
0.000000
0.056684
0.000000
0.055492
-0.000000
0.054326
0.000000
0.053183
-0.000000
0.052065
0.000000
0.050970
0.000000
0.049899
-0.000000
0.048849
-0.000000
0.047822
0.000000
0.046817
-0.000000
0.045832
0.000000
0.044869
-0.000000
0.043925
0.000000
0.043002
-0.000000
0.042098
0.000000
0.041212
0.000000
0.040346
-0.000000
0.039497
0.000000
0.038667
-0.000000
0.037854
-0.000000
0.037058
0.000000
0.036279
-0.000000
0.035516
-0.000000
0.034769
-0.000000
0.034038
-0.000000
0.033322
-0.000000
0.032622
0.000000
0.031936
-0.000000
0.031264
-0.000000
0.030607
0.000000
0.029963
-0.000000
0.029333
-0.000000
0.028717
0.000000
0.028113
0.000000
0.027522
0.000000
0.026943
0.000000
0.026377
-0.000000
0.025822
-0.000000
0.025279
-0.000000
0.024747
0.000000
0.024227
-0.000000
0.023718
-0.000000
0.023219
-0.000000
0.022731
-0.000000
0.022253
-0.000000
0.021785
0.000000
0.021327
0.000000
0.020878
-0.000000
0.020439
0.000000
0.020010
-0.000000
0.019589
0.000000
0.019589
0.000000
0.019569
0.000000
0.018794
0.000000
0.018446
0.000000
0.017403
0.000000
0.017343
0.000000
0.017145
0.000000
0.017174
0.000000
0.016066
0.000000
0.015562
0.000000
0.015381
0.000000
0.015493
0.000000
0.015137
0.000000
0.014658
0.000000
0.013509
0.000000
0.013161
0.000000
0.013648
0.000000
0.012767
0.000000
0.012790
0.000000
0.012060
0.000000
0.012570
0.000000
0.012111
0.000000
0.012083
0.000000
0.011263
0.000000
0.011354
0.000000
0.011157
0.000000
0.011019
0.000000
0.010844
0.000000
0.010979
0.000000
0.010385
0.000000
0.010094
0.000000
0.010173
0.000000
0.009678
0.000000
0.009565
0.000000
0.009665
0.000000
0.008912
0.000000
0.008805
0.000000
0.009070
0.000000
0.009143
0.000000
0.008773
0.000000
0.008759
0.000000
0.008315
0.000000
0.008448
0.000000
0.008298
0.000000
0.007828
0.000000
0.007986
0.000000
0.008007
0.000000
0.008092
0.000000
0.007840
0.000000
0.007729
0.000000
0.007699
0.000000
0.007293
0.000000
0.007221
0.000000
0.007287
0.000000
0.007808
0.000000
0.007245
0.000000
0.007509
0.000000
0.007686
0.000000
0.007779
0.000000
0.007479
0.000000
0.007293
0.000000
0.007530
0.000000
0.007582
0.000000
0.006396
0.000000
0.006514
0.000000
0.007177
0.000000
0.007279
0.000000
0.006439
0.000000
0.006305
0.000000
0.006613
0.000000
0.006803
0.000000
0.006703
0.000000
0.006794
0.000000
0.006803
0.000000
0.006389
0.000000
0.006583
0.000000
0.006196
0.000000
0.006414
0.000000
0.006296
0.000000
0.006305
0.000000
0.006377
0.000000
0.006803
0.000000
0.006994
0.000000
0.006179
0.000000
0.006376
0.000000
0.006216
0.000000
0.006216
0.000000
0.006083
0.000000
0.006577
0.000000
0.006637
0.000000
0.005784
0.000000
0.006183
0.000000
0.006179
0.000000
0.005979
0.000000
0.005977
0.000000
0.005798
0.000000
0.005708
0.000000
0.006514
0.000000
0.005598
0.000000
0.005780
0.000000
0.006079
0.000000
0.005584
0.000000
0.005907
0.000000
0.005435
0.000000
0.005690
0.000000
0.005684
0.000000
0.005124
0.000000
0.005584
0.000000
0.005377
0.000000
0.006183
0.000000
0.004992
0.000000
0.005380
0.000000
0.005477
0.000000
0.005421
0.000000
0.005101
0.000000
0.004802
0.000000
0.005577
0.000000
0.005377
0.000000
0.004703
0.000000
0.004958
0.000000
0.005567
0.000000
0.004777
0.000000
0.005491
0.000000
0.005185
0.000000
0.004913
0.000000
0.005077
0.000000
0.004516
0.000000
0.004913
0.000000
0.004476
0.000000
0.004728
0.000000
0.004785
0.000000
0.004176
0.000000
0.005139
0.000000
0.005001
0.000000
0.004885
0.000000
0.004680
0.000000
0.004305
0.000000
0.004646
0.000000
0.004381
0.000000
0.004992
0.000000
0.003881
0.000000
0.004096
0.000000
0.004449
0.000000
0.004531
0.000000
0.004277
0.000000
0.003906
0.000000
0.003823
0.000000
0.004219
0.000000
0.003933
0.000000
0.003860
0.000000
0.003698
0.000000
0.004318
0.000000
0.003626
0.000000
0.003823
0.000000
0.003922
0.000000
0.003591
0.000000
0.003644
0.000000
0.003494
0.000000
0.003282
0.000000
0.003546
0.000000
0.003429
0.000000
0.002904
0.000000
0.003190
0.000000
0.003201
0.000000
0.003350
0.000000
0.003201
0.000000
0.003598
0.000000
0.002478
0.000000
0.002960
0.000000
0.003083
0.000000
0.002477
0.000000
0.002801
0.000000
0.002766
0.000000
0.003116
0.000000
0.002178
0.000000
0.002670
0.000000
0.002593
0.000000
0.002678
0.000000
0.002857
0.000000
0.002486
0.000000
0.002693
0.000000
0.002311
0.000000
0.002384
0.000000
0.002330
0.000000
0.002330
0.000000
0.002311
0.000000
0.001875
0.000000
0.001787
0.000000
0.002484
0.000000
0.002185
0.000000
0.002670
0.000000
0.001589
0.000000
0.002225
0.000000
0.002233
0.000000
0.002278
0.000000
0.002225
0.000000
0.001816
0.000000
0.001117
0.000000
0.001875
0.000000
0.001193
0.000000
0.001816
0.000000
0.001337
0.000000
0.001857
0.000000
0.001780
0.000000
0.001117
0.000000
0.001948
0.000000
0.001991
0.000000
0.001749
0.000000
0.001464
0.000000
0.001479
0.000000
0.001380
0.000000
0.001369
0.000000
0.001529
0.000000
0.001634
0.000000
0.002035
0.000000
0.001479
0.000000
0.001341
0.000000
0.001408
0.000000
0.001187
0.000000
0.000801
0.000000
0.001371
0.000000
0.000203
0.000000
0.000841
0.000000
0.000661
0.000000
0.000832
0.000000
0.001410
0.000000
0.000976
0.000000
0.000832
0.000000
0.000904
0.000000
0.000585
0.000000
0.000783
0.000000
0.001201
0.000000
0.000683
0.000000
0.000530
0.000000
0.001328
0.000000
0.000622
0.000000
0.000548
0.000000
0.000310
0.000000
0.000276
0.000000
0.000576
0.000000
0.000766
0.000000
0.000776
0.000000
0.000530
0.000000
0.000801
0.000000
0.000740
0.000000
0.000341
0.000000
0.000740
0.000000
0.000236
0.000000
0.000481
0.000000
0.000501
0.000000
0.000125
0.000000
0.000202
0.000000
0.000309
0.000000
0.000224
0.000000
0.000516
0.000000
0.000201
0.000000
0.000341
0.000000
0.000224
0.000000
0.000375
0.000000
0.000561
0.000000
0.000604
0.000000
0.001037
0.000000
0.000276
0.000000
0.000515
0.000000
0.000266
0.000000
0.000300
0.000000
0.000202
0.000000
0.000102
0.000000
0.000682
0.000000
0.000877
0.000000
0.000784
0.000000
0.000245
0.000000
0.000374
0.000000
0.000024
0.000000
0.000500
0.000000
0.000818
0.000000
0.000711
0.000000
0.001114
0.000000
0.000741
0.000000
0.000301
0.000000
0.000374
0.000000
0.000235
0.000000
0.000201
0.000000
0.000640
0.000000
0.000612
0.000000
0.000214
0.000000
0.000700
0.000000
0.000426
0.000000
0.001003
0.000000
0.000505
0.000000
0.000381
0.000000
0.000830
0.000000
0.000796
0.000000
0.000202
0.000000
0.001352
0.000000
0.000884
0.000000
0.000300
0.000000
0.000441
0.000000
0.000548
0.000000
0.000604
0.000000
0.000214
0.000000
0.000300
0.000000
0.001018
0.000000
0.000515
0.000000
0.000533
0.000000
0.001125
0.000000
0.000407
0.000000
0.000682
0.000000
0.000389
0.000000
0.000348
0.000000
0.000794
0.000000
0.000125
0.000000
0.000571
0.000000
0.001200
0.000000
0.001125
0.000000
0.000481
0.000000
0.000514
0.000000
0.000515
0.000000
0.000800
0.000000
0.001094
0.000000
0.000659
0.000000
0.000931
0.000000
0.000752
0.000000
0.000625
0.000000
0.000549
0.000000
0.000348
0.000000
0.000214
0.000000
0.000905
0.000000
0.000610
0.000000
0.000600
0.000000
0.001086
0.000000
0.000908
0.000000
0.000324
0.000000
0.000024
0.000000
0.000500
0.000000
0.001045
0.000000
0.000400
0.000000
0.000549
0.000000
0.000711
0.000000
0.000819
0.000000
0.000908
0.000000
0.000102
0.000000
0.000604
0.000000
0.000612
0.000000
0.001114
0.000000
0.000690
0.000000
0.000235
0.000000
0.000783
0.000000
0.000846
0.000000
0.000530
0.000000
0.000571
0.000000
0.000809
0.000000
0.000690
0.000000
0.000563
0.000000
0.000819
0.000000
0.000690
0.000000
0.000341
0.000000
0.000941
0.000000
0.000846
0.000000
0.001329
0.000000
0.000625
0.000000
0.000604
0.000000
0.000486
0.000000
0.001097
0.000000
0.000487
0.000000
0.001037
0.000000
0.000904
0.000000
0.000766
0.000000
0.000600
0.000000
0.000931
0.000000
0.001097
0.000000
0.000766
0.000000
0.001186
0.000000
0.000846
0.000000
0.000571
0.000000
0.000903
0.000000
0.000649
0.000000
0.001009
0.000000
0.000202
0.000000
0.000324
0.000000
0.000963
0.000000
0.000389
0.000000
0.000832
0.000000
0.000660
0.000000
0.000563
0.000000
0.000481
0.000000
0.000426
0.000000
0.001009
0.000000
0.000752
0.000000
0.000400
0.000000
0.000721
0.000000
0.000690
0.000000
0.000690
0.000000
0.000300
0.000000
0.000926
0.000000
0.000549
0.000000
0.000176
0.000000
0.000437
0.000000
0.000530
0.000000
0.000549
0.000000
0.000408
0.000000
0.000683
0.000000
0.000801
0.000000
0.000622
0.000000
0.000437
0.000000
0.000873
0.000000
0.000882
0.000000
0.000437
0.000000
0.000976
0.000000
0.000739
0.000000
0.000873
0.000000
0.000683
0.000000
0.000505
0.000000
0.000739
0.000000
0.000963
0.000000
0.000487
0.000000
0.000341
0.000000
0.000201
0.000000
0.000341
0.000000
0.000103
0.000000
0.000783
0.000000
0.000549
0.000000
0.000926
0.000000
0.000996
0.000000
0.000389
0.000000
0.000458
0.000000
0.000481
0.000000
0.000832
0.000000
0.000683
0.000000
0.000585
0.000000
0.000203
0.000000
0.000214
0.000000
0.000873
0.000000
0.000341
0.000000
0.000904
0.000000
0.000576
0.000000
0.000293
0.000000
0.000576
0.000000
0.000348
0.000000
0.000576
0.000000
0.000801
0.000000
0.000585
0.000000
0.000276
0.000000
0.000309
0.000000
0.000486
0.000000
0.000294
0.000000
0.000676
0.000000
0.000276
0.000000
0.000610
0.000000
0.000481
0.000000
0.000294
0.000000
0.000904
0.000000
0.000325
0.000000
0.000293
0.000000
0.000622
0.000000
0.000563
0.000000
0.000309
0.000000
0.000341
0.000000
0.000389
0.000000
0.000407
0.000000
0.000650
0.000000
0.000376
0.000000
0.000348
0.000000
0.000563
0.000000
0.000516
0.000000
0.000300
0.000000
0.000126
0.000000
0.000735
0.000000
0.000301
0.000000
0.000601
0.000000
0.000656
0.000000
0.000419
0.000000
0.000501
0.000000
0.000722
0.000000
0.000126
0.000000
0.000125
0.000000
0.000102
0.000000
0.000203
0.000000
0.000785
0.000000
0.000341
0.000000
0.000348
0.000000
0.000381
0.000000
0.000751
0.000000
0.000601
0.000000
0.000324
0.000000
0.000426
0.000000
0.000024
0.000000
0.000408
0.000000
0.000519
0.000000
0.000102
0.000000
0.000548
0.000000
0.000203
0.000000
0.000214
0.000000
0.000124
0.000000
0.000740
0.000000
0.000659
0.000000
0.000436
0.000000
0.000561
0.000000
0.000436
0.000000
0.000201
0.000000
0.000276
0.000000
0.000102
0.000000
0.000224
0.000000
0.000202
0.000000
0.000515
0.000000
0.000159
0.000000
0.000784
0.000000
0.000408
0.000000
0.000514
0.000000
0.000076
0.000000
0.000236
0.000000
0.000595
0.000000
0.000341
0.000000
0.000076
0.000000
0.000655
0.000000
0.000024
0.000000
0.000339
0.000000
0.000724
0.000000
0.000515
0.000000
0.000214
0.000000
0.000235
0.000000
0.000201
0.000000
0.000300
0.000000
0.000585
0.000000
0.000659
0.000000
0.000381
0.000000
0.000548
0.000000
0.000202
0.000000
0.000102
0.000000
0.000374
0.000000
0.000846
0.000000
0.000612
0.000000
0.000515
0.000000
0.000549
0.000000
0.000437
0.000000
0.000102
0.000000
0.000458
0.000000
0.000595
0.000000
0.000632
0.000000
0.000407
0.000000
0.000682
0.000000
0.000632
0.000000
0.000309
0.000000
0.000682
0.000000
0.000500
0.000000
0.000224
0.000000
0.000741
0.000000
0.000505
0.000000
0.000741
0.000000
0.000659
0.000000
0.000865
0.000000
0.000530
0.000000
0.000300
0.000000
0.000103
0.000000
0.000632
0.000000
0.000245
0.000000
0.000159
0.000000
0.000659
0.000000
0.000235
0.000000
0.000102
0.000000
0.000442
0.000000
0.000458
0.000000
0.000571
0.000000
0.000724
0.000000
0.000734
0.000000
0.000941
0.000000
0.000437
0.000000
0.001000
0.000000
0.000519
0.000000
0.000125
0.000000
0.000600
0.000000
0.001007
0.000000
0.000418
0.000000
0.000441
0.000000
0.001107
0.000000
0.000735
0.000000
0.000625
0.000000
0.000863
0.000000
0.000604
0.000000
0.000407
0.000000
0.000500
0.000000
0.000400
0.000000
0.000660
0.000000
0.000884
0.000000
0.000341
0.000000
0.000766
0.000000
0.000159
0.000000
0.000426
0.000000
0.000927
0.000000
0.000682
0.000000
0.000690
0.000000
0.000794
0.000000
0.000735
0.000000
0.000604
0.000000
0.000407
0.000000
0.001134
0.000000
0.000500
0.000000
0.000571
0.000000
0.001100
0.000000
0.000309
0.000000
0.000721
0.000000
0.000571
0.000000
0.000830
0.000000
0.000803
0.000000
0.000682
0.000000
0.000927
0.000000
0.000515
0.000000
0.000908
0.000000
0.001003
0.000000
0.000917
0.000000
0.000530
0.000000
0.000293
0.000000
0.000500
0.000000
0.000125
0.000000
0.001047
0.000000
0.000301
0.000000
0.000904
0.000000
0.000176
0.000000
0.000873
0.000000
0.000873
0.000000
0.001201
0.000000
0.000341
0.000000
0.001384
0.000000
0.000660
0.000000
0.000309
0.000000
0.000437
0.000000
0.000563
0.000000
0.000530
0.000000
0.000400
0.000000
0.000571
0.000000
0.000766
0.000000
0.000426
0.000000
0.000721
0.000000
0.000782
0.000000
0.000235
0.000000
0.000563
0.000000
0.000832
0.000000
0.000389
0.000000
0.000876
0.000000
0.000690
0.000000
0.000407
0.000000
0.000426
0.000000
0.000563
0.000000
0.000625
0.000000
0.001291
0.000000
0.001262
0.000000
0.000245
0.000000
0.000293
0.000000
0.000973
0.000000
0.000341
0.000000
0.001021
0.000000
0.000690
0.000000
0.000201
0.000000
0.000973
0.000000
0.000649
0.000000
0.000841
0.000000
0.000214
0.000000
0.000585
0.000000
0.000341
0.000000
0.000610
0.000000
0.000782
0.000000
0.001117
0.000000
0.000516
0.000000
0.000683
0.000000
0.000486
0.000000
0.000125
0.000000
0.000740
0.000000
0.000766
0.000000
0.000766
0.000000
0.000294
0.000000
0.000389
0.000000
0.000487
0.000000
0.000876
0.000000
0.000691
0.000000
0.000571
0.000000
0.000530
0.000000
0.000585
0.000000
0.000076
0.000000
0.000705
0.000000
0.000786
0.000000
0.000076
0.000000
0.000516
0.000000
0.000763
0.000000
0.000576
0.000000
0.000740
0.000000
0.000610
0.000000
0.000530
0.000000
0.001062
0.000000
0.000585
0.000000
0.000300
0.000000
0.000125
0.000000
0.000683
0.000000
0.000610
0.000000
0.000376
0.000000
0.000487
0.000000
0.000481
0.000000
0.000622
0.000000
0.000722
0.000000
0.000245
0.000000
0.000294
0.000000
0.000341
0.000000
0.000549
0.000000
0.000476
0.000000
0.000486
0.000000
0.000904
0.000000
0.000676
0.000000
0.000622
0.000000
0.000819
0.000000
0.000515
0.000000
0.000348
0.000000
0.000585
0.000000
0.000549
0.000000
0.000585
0.000000
0.000408
0.000000
0.000481
0.000000
0.000442
0.000000
0.000622
0.000000
0.000103
0.000000
0.000401
0.000000
0.000159
0.000000
0.000407
0.000000
0.000832
0.000000
0.000702
0.000000
0.000481
0.000000
0.000549
0.000000
0.000563
0.000000
0.000486
0.000000
0.000676
0.000000
0.000626
0.000000
0.000486
0.000000
0.000266
0.000000
0.000549
0.000000
0.000704
0.000000
0.000487
0.000000
0.000267
0.000000
0.000437
0.000000
0.000300
0.000000
0.000400
0.000000
0.000348
0.000000
0.000375
0.000000
0.000300
0.000000
0.000625
0.000000
0.000202
0.000000
0.000469
0.000000
0.000300
0.000000
0.000124
0.000000
0.000400
0.000000
0.000408
0.000000
0.000267
0.000000
0.000401
0.000000
0.000585
0.000000
0.000486
0.000000
0.000324
0.000000
0.000224
0.000000
0.000613
0.000000
0.000266
0.000000
0.000235
0.000000
0.000224
0.000000
0.000214
0.000000
0.000469
0.000000
0.000300
0.000000
0.000442
0.000000
0.000124
0.000000
0.000202
0.000000
0.000524
0.000000
0.000595
0.000000
0.000751
0.000000
0.000408
0.000000
0.000159
0.000000
0.000374
0.000000
0.000408
0.000000
0.000267
0.000000
0.000426
0.000000
0.000436
0.000000
0.000437
0.000000
0.000245
0.000000
0.000076
0.000000
0.000202
0.000000
0.000624
0.000000
0.000245
0.000000
0.000561
0.000000
0.000348
0.000000
0.000024
0.000000
0.000830
0.000000
0.000324
0.000000
0.000533
0.000000
0.000300
0.000000
0.000159
0.000000
0.000102
0.000000
0.000201
0.000000
0.000519
0.000000
0.000469
0.000000
0.000341
0.000000
0.000294
0.000000
0.000436
0.000000
0.000604
0.000000
0.000203
0.000000
0.000407
0.000000
0.000324
0.000000
0.000300
0.000000
0.000407
0.000000
0.000500
0.000000
0.000301
0.000000
0.000103
0.000000
0.000339
0.000000
0.000300
0.000000
0.000533
0.000000
0.000214
0.000000
0.000436
0.000000
0.000374
0.000000
0.000235
0.000000
0.000604
0.000000
0.000640
0.000000
0.000700
0.000000
0.000600
0.000000
0.000866
0.000000
0.000400
0.000000
0.000784
0.000000
0.000102
0.000000
0.000374
0.000000
0.000818
0.000000
0.000500
0.000000
0.000236
0.000000
0.000167
0.000000
