;PINTS for FITMAN Simulation Output
;Experiment Information
;---------------------------------------------------------------------------
;Name: semi-LASER
;Created: 2017_10_30
;Comment: Density-matrix simulations of metabolites using PyGAMMA and metabolite parameters from V. Govindaraju et. al, NMR Biomed. 2000;13:129-153
;PI: bartha-olemew
;b0: 297.2
;49 Metabolites: alanine, aspartate, choline_1-CH2_2-CH2, choline_N(CH3)3_a, choline_N(CH3)3_b, creatine_N(CH3), creatine_X, d-glucose-alpha, d-glucose-beta, gaba, glutamate, glutamine, glutathione_cysteine, glutathione_glutamate, glutathione_glycine, glycine, gpc_7-CH2_8-CH2, gpc_glycerol, gpc_N(CH3)3_a, gpc_N(CH3)3_b, lactate, myoinositol, naa_acetyl, naa_aspartate, naag_acetyl, naag_aspartyl, naag_glutamate, pcho_N(CH3)3_a, pcho_N(CH3)3_b, pcho_X, pcr_N(CH3), pcr_X, peth, scyllo-inositol, taurine, lm1, lm2, lm3, lm4, lm5, lm6, lm7, lm8, lm9, lm10, lm11, lm12, lm13, lm14
;Simulation Results
;---------------------------------------------------------------------------
aspartate	125.0	0.117	0.087	0	2.60315461543	0.207610458536	222.982558435
aspartate	125.0	0.117	0.087	1	2.63321004478	0.134501093919	200.660784908
aspartate	125.0	0.117	0.087	2	2.66178300881	0.119442419064	74.0351196966
aspartate	125.0	0.117	0.087	3	2.69183843816	0.326820479269	159.235101505
aspartate	125.0	0.117	0.087	4	2.77093866344	0.156433050755	214.45869743
aspartate	125.0	0.117	0.087	5	2.78379157363	0.27020156132	-44.4266190565
aspartate	125.0	0.117	0.087	6	2.82956705682	0.238194464721	63.1398237988
aspartate	125.0	0.117	0.087	7	2.84241996702	0.189804947723	-85.1271819895
aspartate	125.0	0.117	0.087	8	3.8701699882	0.22663887162	261.925295226
aspartate	125.0	0.117	0.087	9	3.8830228984	0.106750472119	93.7009294722
aspartate	125.0	0.117	0.087	10	3.90022541756	0.133609036572	269.053129616
aspartate	125.0	0.117	0.087	11	3.91307832775	0.188888353019	66.7167298228
choline_1-CH2_2-CH2	125.0	0.165	0.087	0	3.40528755443	0.00207386763866	263.253838323
choline_1-CH2_2-CH2	125.0	0.165	0.087	1	3.48365445412	0.299415339548	204.455646077
choline_1-CH2_2-CH2	125.0	0.165	0.087	2	3.4838750549	0.0306351180791	-75.1742098818
choline_1-CH2_2-CH2	125.0	0.165	0.087	3	3.49445530816	0.187897025282	81.1871153674
choline_1-CH2_2-CH2	125.0	0.165	0.087	4	3.49451015708	0.0359280047194	-3.46834816938
choline_1-CH2_2-CH2	125.0	0.165	0.087	5	3.50045555774	0.23045024337	-4.51422388881
choline_1-CH2_2-CH2	125.0	0.165	0.087	6	3.50076548351	0.13795509555	-23.6117002266
choline_1-CH2_2-CH2	125.0	0.165	0.087	7	3.50095191714	0.0461530349357	184.845388591
choline_1-CH2_2-CH2	125.0	0.165	0.087	8	3.5073792622	0.18686125893	-81.7812798866
choline_1-CH2_2-CH2	125.0	0.165	0.087	9	3.50743404668	0.0221167962031	44.8304812507
choline_1-CH2_2-CH2	125.0	0.165	0.087	10	3.5177773583	0.267425522719	127.338719949
choline_1-CH2_2-CH2	125.0	0.165	0.087	11	3.51755593319	0.036192734359	-9.4191429213
choline_1-CH2_2-CH2	125.0	0.165	0.087	12	3.51797091101	0.0238195047574	-89.7598636563
choline_1-CH2_2-CH2	125.0	0.165	0.087	13	3.59567488242	0.00207030660996	38.8664626605
choline_1-CH2_2-CH2	125.0	0.165	0.087	14	4.02835483174	0.106734547245	221.181059699
choline_1-CH2_2-CH2	125.0	0.165	0.087	15	4.03718713349	0.112915038057	222.791399362
choline_1-CH2_2-CH2	125.0	0.165	0.087	16	4.0387725216	0.0766487302072	66.0959678602
choline_1-CH2_2-CH2	125.0	0.165	0.087	17	4.04584466271	0.178871616042	-24.5113761823
choline_1-CH2_2-CH2	125.0	0.165	0.087	18	4.04760343204	0.0765814953156	65.7743460169
choline_1-CH2_2-CH2	125.0	0.165	0.087	19	4.05169559814	0.0765138263698	-88.3802848431
choline_1-CH2_2-CH2	125.0	0.165	0.087	20	4.05454138991	0.135226190401	-14.1443835253
choline_1-CH2_2-CH2	125.0	0.165	0.087	21	4.05639419526	0.0281708084277	121.190374608
choline_1-CH2_2-CH2	125.0	0.165	0.087	22	4.05649512241	0.029035974343	66.8441005938
choline_1-CH2_2-CH2	125.0	0.165	0.087	23	4.06052681689	0.0771585961666	-86.4548361472
choline_1-CH2_2-CH2	125.0	0.165	0.087	24	4.06245916505	0.111477338558	124.084701774
choline_1-CH2_2-CH2	125.0	0.165	0.087	25	4.06288441363	0.0199209565885	13.3556261589
choline_1-CH2_2-CH2	125.0	0.165	0.087	26	4.06381701365	0.0373976249379	235.847329601
choline_1-CH2_2-CH2	125.0	0.165	0.087	27	4.06931808487	0.0168388440218	74.0285862174
choline_1-CH2_2-CH2	125.0	0.165	0.087	28	4.06941901201	0.00151547100636	251.3704311
choline_1-CH2_2-CH2	125.0	0.165	0.087	29	4.07127534518	0.0966021910311	125.504020317
choline_1-CH2_2-CH2	125.0	0.165	0.087	30	4.07996127587	0.0333072579876	199.064802047
choline_1-CH2_2-CH2	125.0	0.165	0.087	31	4.08042102971	0.0310357235594	65.7972732132
choline_1-CH2_2-CH2	125.0	0.165	0.087	32	4.15854877634	0.00134118166525	91.5270371123
alanine	125.0	0.078	0.087	0	1.45446856863	1.42739167362	95.5151634364
alanine	125.0	0.078	0.087	1	1.4788296598	0.2635452129	-84.0580530568
alanine	125.0	0.078	0.087	2	1.47880477768	0.255389529373	248.110816425
alanine	125.0	0.078	0.087	3	3.7382838008	0.0656444780002	91.004942387
alanine	125.0	0.078	0.087	4	3.76249391994	0.189960641825	138.542742623
alanine	125.0	0.078	0.087	5	3.76288099347	0.0498269052547	27.073165074
alanine	125.0	0.078	0.087	6	3.78683443138	0.18915663247	196.22771048
alanine	125.0	0.078	0.087	7	3.78721744435	0.0252995449443	-13.4031856044
alanine	125.0	0.078	0.087	8	3.81130127456	0.0559953352755	219.980030027
choline_N(CH3)3_a	125.0	0.165	0.121	0	3.18308188091	1.27194994158	-15.5863242771
choline_N(CH3)3_a	125.0	0.165	0.121	1	3.18499956206	0.202436802947	-31.267618081
choline_N(CH3)3_a	125.0	0.165	0.121	2	3.18499956218	0.131798422034	190.921325268
choline_N(CH3)3_a	125.0	0.165	0.121	3	3.1849995623	0.157013622601	89.7592423269
choline_N(CH3)3_a	125.0	0.165	0.121	4	3.18499956236	0.088128568778	-0.718246397511
choline_N(CH3)3_a	125.0	0.165	0.121	5	3.18691751328	0.203027175966	111.784971956
choline_N(CH3)3_a	125.0	0.165	0.121	6	3.18691778296	0.147479473715	229.736431218
choline_N(CH3)3_a	125.0	0.165	0.121	7	3.18691786915	0.0631323098633	52.2067315302
choline_N(CH3)3_a	125.0	0.165	0.121	8	3.18691790015	0.0470132357432	-75.4215612576
choline_N(CH3)3_a	125.0	0.165	0.121	9	3.1869179003	0.0144202648915	-40.6018031653
creatine_X	125.0	0.296	0.081	0	3.913	1.98406441959	-12.3081286723
choline_N(CH3)3_b	125.0	0.165	0.121	0	3.18308188064	1.58886800146	-15.586321497
choline_N(CH3)3_b	125.0	0.165	0.121	1	3.18499956223	0.134077768904	236.144604604
choline_N(CH3)3_b	125.0	0.165	0.121	2	3.18499956203	0.0291486857705	91.919277982
choline_N(CH3)3_b	125.0	0.165	0.121	3	3.18499956222	0.412410649149	-16.583049678
choline_N(CH3)3_b	125.0	0.165	0.121	4	3.18499956232	0.33022579878	-23.5428353878
choline_N(CH3)3_b	125.0	0.165	0.121	5	3.18499956188	0.0508393135614	156.742099068
choline_N(CH3)3_b	125.0	0.165	0.121	6	3.18499956257	0.00966323448257	-83.6440875695
choline_N(CH3)3_b	125.0	0.165	0.121	7	3.18691769649	0.948618367531	-18.3368568271
choline_N(CH3)3_b	125.0	0.165	0.121	8	3.18691749805	0.0183821259128	104.087153584
choline_N(CH3)3_b	125.0	0.165	0.121	9	3.1869175223	0.0132570901356	146.418449272
choline_N(CH3)3_b	125.0	0.165	0.121	10	3.18691798268	0.513847982319	-22.8165885835
choline_N(CH3)3_b	125.0	0.165	0.121	11	3.18691786533	0.681533117613	-10.7209386898
choline_N(CH3)3_b	125.0	0.165	0.121	12	3.18691792668	0.0152074032203	254.811162681
choline_N(CH3)3_b	125.0	0.165	0.121	13	3.18691832886	0.11618234034	-2.48492962055
choline_N(CH3)3_b	125.0	0.165	0.121	14	3.18691811919	0.0221471560434	-66.1694787135
creatine_N(CH3)	125.0	0.296	0.09	0	3.027	2.96329715078	2.05002743783
d-glucose-alpha	125.0	0.049	0.087	0	3.31841194315	0.00318523695651	247.320484991
d-glucose-alpha	125.0	0.049	0.087	1	3.3496237657	0.00280757700355	181.953875571
d-glucose-alpha	125.0	0.049	0.087	2	3.35213136403	0.00985720609863	166.138726754
d-glucose-alpha	125.0	0.049	0.087	3	3.36147339783	0.0976495841498	58.3676891386
d-glucose-alpha	125.0	0.049	0.087	4	3.36323638012	0.0287440674385	29.0169313493
d-glucose-alpha	125.0	0.049	0.087	5	3.36381313561	0.0242758754311	58.4654242895
d-glucose-alpha	125.0	0.049	0.087	6	3.38337517201	0.0100841197735	138.082394032
d-glucose-alpha	125.0	0.049	0.087	7	3.39295947503	0.166965335942	-24.1821612643
d-glucose-alpha	125.0	0.049	0.087	8	3.39431112352	0.0584524132833	-2.13215220808
d-glucose-alpha	125.0	0.049	0.087	9	3.39410400753	0.0795087365032	-64.4630020614
d-glucose-alpha	125.0	0.049	0.087	10	3.39436047193	0.0250674214613	267.074611349
d-glucose-alpha	125.0	0.049	0.087	11	3.40369847797	0.00297767407946	-34.1528218087
d-glucose-alpha	125.0	0.049	0.087	12	3.40404742638	0.00304943311326	261.712524582
d-glucose-alpha	125.0	0.049	0.087	13	3.42405345103	0.0676827021027	-54.8045360196
d-glucose-alpha	125.0	0.049	0.087	14	3.42556088404	0.0448005477953	236.201902171
d-glucose-alpha	125.0	0.049	0.087	15	3.4258741313	0.0436125158818	-88.0101522872
d-glucose-alpha	125.0	0.049	0.087	16	3.43533048947	0.00828208228341	246.614594095
d-glucose-alpha	125.0	0.049	0.087	17	3.43729719037	0.00362404706714	165.746579347
d-glucose-alpha	125.0	0.049	0.087	18	3.46874815058	0.00416918735663	106.231846316
d-glucose-alpha	125.0	0.049	0.087	19	3.49492797647	0.0859076841939	-84.0537659651
d-glucose-alpha	125.0	0.049	0.087	20	3.49524833539	0.115254395678	235.377898283
d-glucose-alpha	125.0	0.049	0.087	21	3.5078139683	0.182907622851	127.834790137
d-glucose-alpha	125.0	0.049	0.087	22	3.5159943386	0.000404533623397	169.48876399
d-glucose-alpha	125.0	0.049	0.087	23	3.52713893367	0.0754224919426	216.547744159
d-glucose-alpha	125.0	0.049	0.087	24	3.52745677571	0.0588236110503	-83.3236818033
d-glucose-alpha	125.0	0.049	0.087	25	3.52746091742	0.00846649531855	269.358321727
d-glucose-alpha	125.0	0.049	0.087	26	3.53993735437	0.166952436924	-13.0199856707
d-glucose-alpha	125.0	0.049	0.087	27	3.66849417236	0.20481794037	64.6130922648
d-glucose-alpha	125.0	0.049	0.087	28	3.70041825425	0.250527398675	-39.568799391
d-glucose-alpha	125.0	0.049	0.087	29	3.70046388766	0.280177919609	-17.3380505132
d-glucose-alpha	125.0	0.049	0.087	30	3.71005596713	0.0688819637884	255.411038899
d-glucose-alpha	125.0	0.049	0.087	31	3.71259350628	0.0727201730049	-78.0798540778
d-glucose-alpha	125.0	0.049	0.087	32	3.72175235447	0.0224584149373	232.549033702
d-glucose-alpha	125.0	0.049	0.087	33	3.73202727797	0.21803060564	-51.0109663554
d-glucose-alpha	125.0	0.049	0.087	34	3.73233484757	0.161827556216	121.41428957
d-glucose-alpha	125.0	0.049	0.087	35	3.75201115361	0.0894536243201	-66.340236119
d-glucose-alpha	125.0	0.049	0.087	36	3.75317833503	0.12552270276	190.398258438
d-glucose-alpha	125.0	0.049	0.087	37	3.76248025729	0.0575910082256	-52.9701974578
d-glucose-alpha	125.0	0.049	0.087	38	3.77363007731	0.313948647197	-51.578432462
d-glucose-alpha	125.0	0.049	0.087	39	3.79605029028	0.219469514654	-0.863180509264
d-glucose-alpha	125.0	0.049	0.087	40	3.8003160757	0.0595390524741	-72.6460234454
d-glucose-alpha	125.0	0.049	0.087	41	3.80652261067	0.0277572074801	156.091337827
d-glucose-alpha	125.0	0.049	0.087	42	3.80790496833	0.137098452266	-67.6251750453
d-glucose-alpha	125.0	0.049	0.087	43	3.81079408648	0.111987241083	239.401072482
d-glucose-alpha	125.0	0.049	0.087	44	3.81305072324	0.120089451173	-80.8854071981
d-glucose-alpha	125.0	0.049	0.087	45	3.81821592845	0.0430200338755	-67.6987699501
d-glucose-alpha	125.0	0.049	0.087	46	3.82249205733	0.0276296935478	98.4356523959
d-glucose-alpha	125.0	0.049	0.087	47	3.82814379727	0.0464353368487	248.512053334
d-glucose-alpha	125.0	0.049	0.087	48	3.83327267732	0.0878472022954	227.246425315
d-glucose-alpha	125.0	0.049	0.087	49	3.84805512127	0.0707743968351	-14.680652785
d-glucose-alpha	125.0	0.049	0.087	50	3.84848533336	0.168909051087	185.99479929
d-glucose-alpha	125.0	0.049	0.087	51	3.85289749752	0.0781678528136	68.933473328
d-glucose-alpha	125.0	0.049	0.087	52	3.85319993253	0.127497695593	-6.28590686469
d-glucose-alpha	125.0	0.049	0.087	53	3.85362965928	0.0246203660371	111.680792833
d-glucose-alpha	125.0	0.049	0.087	54	3.89679146416	0.0108512856861	-13.8514646964
d-glucose-alpha	125.0	0.049	0.087	55	3.92859288557	0.00308158526428	-79.4979065004
gaba	125.0	0.155	0.082	0	1.83609170247	0.0173599983148	-28.4771440173
gaba	125.0	0.155	0.082	1	1.83815637494	0.0446029163113	-2.7221771962
gaba	125.0	0.155	0.082	2	1.85696880793	0.010212028946	109.565585362
gaba	125.0	0.155	0.082	3	1.86048787895	0.119106515874	57.7109798657
gaba	125.0	0.155	0.082	4	1.86148493875	0.023099114792	143.420256465
gaba	125.0	0.155	0.082	5	1.86283170987	0.0528868049566	87.1781083855
gaba	125.0	0.155	0.082	6	1.86278881992	0.0929485102026	58.9780819957
gaba	125.0	0.155	0.082	7	1.8651996042	0.0384265834889	35.6194304013
gaba	125.0	0.155	0.082	8	1.86824473535	0.00893461772441	-15.6812478165
gaba	125.0	0.155	0.082	9	1.87964134091	0.00120404671082	0.328107753588
gaba	125.0	0.155	0.082	10	1.88206941975	0.00835288888483	-12.7257467771
gaba	125.0	0.155	0.082	11	1.88592146381	0.15508401325	29.7320437381
gaba	125.0	0.155	0.082	12	1.88429080154	0.00220005548354	-23.1339907831
gaba	125.0	0.155	0.082	13	1.88656381358	0.0565484283693	-55.8734474574
gaba	125.0	0.155	0.082	14	1.88793627493	0.0142298731936	15.9157873782
gaba	125.0	0.155	0.082	15	1.88851713969	0.0990457599882	-57.6175801098
gaba	125.0	0.155	0.082	16	1.89133711315	0.0149408392897	-27.2708483206
gaba	125.0	0.155	0.082	17	1.89333796412	0.00924884429639	-48.38685799
gaba	125.0	0.155	0.082	18	1.90683793964	0.0191964568061	144.512599119
gaba	125.0	0.155	0.082	19	1.91132883225	0.181592889118	97.4604041939
gaba	125.0	0.155	0.082	20	1.91369374209	0.0622138538312	73.005470678
gaba	125.0	0.155	0.082	21	1.91680676949	0.0183198680226	36.9540027064
gaba	125.0	0.155	0.082	22	1.93570839362	0.0785324825961	-30.5848181297
gaba	125.0	0.155	0.082	23	1.93776531495	0.027704710246	-56.6984807069
gaba	125.0	0.155	0.082	24	2.26016806834	0.430713847802	-12.3955912661
gaba	125.0	0.155	0.082	25	2.27652471921	0.00253339841083	72.0719074665
gaba	125.0	0.155	0.082	26	2.28056033317	0.0101685065168	62.4550558508
gaba	125.0	0.155	0.082	27	2.28456338759	0.58305179682	23.5188370323
gaba	125.0	0.155	0.082	28	2.28745260299	0.0104354184756	-13.4633569912
gaba	125.0	0.155	0.082	29	2.29192918372	0.00141508100338	147.730007969
gaba	125.0	0.155	0.082	30	2.30857056941	0.144039376604	18.0204093045
gaba	125.0	0.155	0.082	31	2.31017401272	0.131616579576	31.0444126929
gaba	125.0	0.155	0.082	32	2.98807532279	0.389846537834	-28.7319361893
gaba	125.0	0.155	0.082	33	3.00446935579	0.00111023141385	94.5129127512
gaba	125.0	0.155	0.082	34	3.00796939376	0.0695074747393	65.1673699845
gaba	125.0	0.155	0.082	35	3.01090122543	0.160269378773	30.9129736264
gaba	125.0	0.155	0.082	36	3.01144002939	0.00200206209672	164.080276938
gaba	125.0	0.155	0.082	37	3.01400772824	0.341014922336	-7.16478000196
gaba	125.0	0.155	0.082	38	3.01459619362	0.249701798648	-9.14448015367
gaba	125.0	0.155	0.082	39	3.01767009673	0.0490054731054	-59.7802465068
gaba	125.0	0.155	0.082	40	3.01952863741	0.0159255578006	-67.7904992443
gaba	125.0	0.155	0.082	41	3.03849277958	0.160457018121	5.79286999148
gaba	125.0	0.155	0.082	42	3.03865803745	0.104900262856	-18.3159572857
glutamate	125.0	0.898	0.088	0	1.96706804127	0.019232520449	65.9912814381
glutamate	125.0	0.898	0.088	1	1.99094252965	0.0121836242846	113.477801082
glutamate	125.0	0.898	0.088	2	1.9909810453	0.0160233332866	171.950979312
glutamate	125.0	0.898	0.088	3	1.99400006985	0.0175800452347	105.652229719
glutamate	125.0	0.898	0.088	4	2.01485536067	0.0270809291381	154.684658559
glutamate	125.0	0.898	0.088	5	2.01727385424	0.0758584109199	182.969592421
glutamate	125.0	0.898	0.088	6	2.01793618742	0.0415183476866	117.810846535
glutamate	125.0	0.898	0.088	7	2.03530047557	0.00189999045054	46.787315529
glutamate	125.0	0.898	0.088	8	2.04040039491	0.0841482153746	-20.2508927321
glutamate	125.0	0.898	0.088	9	2.04202460837	0.0118902704395	238.108813209
glutamate	125.0	0.898	0.088	10	2.04412977497	0.0318806922186	-70.4689043714
glutamate	125.0	0.898	0.088	11	2.06405000071	0.0134688824375	-69.4615945271
glutamate	125.0	0.898	0.088	12	2.06745024183	0.0425497265276	120.224295543
glutamate	125.0	0.898	0.088	13	2.06757806156	0.0163812029145	177.900432826
glutamate	125.0	0.898	0.088	14	2.06815184861	0.0139877069391	261.895937337
glutamate	125.0	0.898	0.088	15	2.08373400035	0.0406850574579	-12.500228484
glutamate	125.0	0.898	0.088	16	2.0916096957	0.0224574002555	-76.1279800384
glutamate	125.0	0.898	0.088	17	2.09278346929	0.065112920436	-0.341981526244
glutamate	125.0	0.898	0.088	18	2.09705104587	0.00170658033718	-35.1897699699
glutamate	125.0	0.898	0.088	19	2.10891032366	0.12630428961	263.125233187
glutamate	125.0	0.898	0.088	20	2.11718319984	0.010229401236	-70.3593589797
glutamate	125.0	0.898	0.088	21	2.11766375294	0.0572293568511	156.761908214
glutamate	125.0	0.898	0.088	22	2.13343335061	0.0163465606135	256.714583727
glutamate	125.0	0.898	0.088	23	2.13370905658	0.062305428916	-77.3588668874
glutamate	125.0	0.898	0.088	24	2.1414089918	0.0258180405637	170.527812803
glutamate	125.0	0.898	0.088	25	2.14323256942	0.0148944236162	190.490639558
glutamate	125.0	0.898	0.088	26	2.15745696313	0.0192805402121	78.7606001432
glutamate	125.0	0.898	0.088	27	2.15947305764	0.0130626589441	5.6780689606
glutamate	125.0	0.898	0.088	28	2.16730562707	0.0157661430117	-49.5983759647
glutamate	125.0	0.898	0.088	29	2.18329414391	0.0226911729503	-57.8474159074
glutamate	125.0	0.898	0.088	30	2.21221850114	0.00171507030554	183.835260137
glutamate	125.0	0.898	0.088	31	2.26793024325	0.0230280051308	70.3095400272
glutamate	125.0	0.898	0.088	32	2.29148161374	0.0267763657196	108.602769623
glutamate	125.0	0.898	0.088	33	2.31581349692	0.0128306149042	139.155198279
glutamate	125.0	0.898	0.088	34	2.32094258897	0.191475899286	-2.16955532469
glutamate	125.0	0.898	0.088	35	2.34443788152	0.0348286710232	193.972814091
glutamate	125.0	0.898	0.088	36	2.3451097943	0.113680665422	69.4634185755
glutamate	125.0	0.898	0.088	37	2.3473269764	0.227835938262	79.301476686
glutamate	125.0	0.898	0.088	38	2.36914155341	0.0572236444437	37.6758318475
glutamate	125.0	0.898	0.088	39	2.37371647225	0.0996091683948	91.3936138701
glutamate	125.0	0.898	0.088	40	2.37397627894	0.0129971021383	-73.4969602546
glutamate	125.0	0.898	0.088	41	2.40090839118	0.0322484634807	-38.2303974879
glutamate	125.0	0.898	0.088	42	2.42703347996	0.00983024048314	-23.725697811
glutamate	125.0	0.898	0.088	43	3.7233878861	0.0705795424896	257.87482175
glutamate	125.0	0.898	0.088	44	3.72338714684	0.101441525662	-88.8616607087
glutamate	125.0	0.898	0.088	45	3.73950734578	0.185312617029	-5.48740870824
glutamate	125.0	0.898	0.088	46	3.74734337984	0.145259687839	-63.4239416874
glutamate	125.0	0.898	0.088	47	3.76350326455	0.171296502858	85.0540067839
d-glucose-beta	125.0	0.049	0.087	0	3.18010918846	0.000625968699133	-44.1832530538
d-glucose-beta	125.0	0.049	0.087	1	3.18531573708	0.000894585437338	-73.0156986471
d-glucose-beta	125.0	0.049	0.087	2	3.19555514691	0.00353258645409	-69.8191375097
d-glucose-beta	125.0	0.049	0.087	3	3.19817436453	0.00484994270502	-52.2891033401
d-glucose-beta	125.0	0.049	0.087	4	3.19858675256	0.00408004303127	9.76009399043
d-glucose-beta	125.0	0.049	0.087	5	3.20056711539	0.121516485446	10.257616751
d-glucose-beta	125.0	0.049	0.087	6	3.20255181285	0.0404664537282	-39.8133932558
d-glucose-beta	125.0	0.049	0.087	7	3.2045948496	0.0069232552935	13.6018646167
d-glucose-beta	125.0	0.049	0.087	8	3.20566832173	0.00956116961694	-36.6884854908
d-glucose-beta	125.0	0.049	0.087	9	3.21199939533	0.000913544649607	-26.4805197485
d-glucose-beta	125.0	0.049	0.087	10	3.22245351548	0.00463439977042	-44.639540152
d-glucose-beta	125.0	0.049	0.087	11	3.22685680695	0.0972833597438	-3.04314025365
d-glucose-beta	125.0	0.049	0.087	12	3.23014965326	0.153146476663	-20.8772599683
d-glucose-beta	125.0	0.049	0.087	13	3.2299173317	0.200178455645	-29.4462789085
d-glucose-beta	125.0	0.049	0.087	14	3.23186619246	0.0125464935319	12.8918360166
d-glucose-beta	125.0	0.049	0.087	15	3.23163977245	0.00366641042366	258.957924929
d-glucose-beta	125.0	0.049	0.087	16	3.23407886432	0.00586474434402	-49.5137371931
d-glucose-beta	125.0	0.049	0.087	17	3.23412946254	0.00164918381127	140.438627136
d-glucose-beta	125.0	0.049	0.087	18	3.23715619294	0.00225019549224	-64.6239544461
d-glucose-beta	125.0	0.049	0.087	19	3.24492635208	0.00103782545364	65.2480526356
d-glucose-beta	125.0	0.049	0.087	20	3.24732303237	0.000445297462283	-88.7967135882
d-glucose-beta	125.0	0.049	0.087	21	3.25013935444	0.000786498770993	38.2460727791
d-glucose-beta	125.0	0.049	0.087	22	3.25328009508	0.0165088008478	-4.25121994601
d-glucose-beta	125.0	0.049	0.087	23	3.25680077804	0.195634133825	-3.27080594825
d-glucose-beta	125.0	0.049	0.087	24	3.25846159829	0.00295452360698	-37.4114289009
d-glucose-beta	125.0	0.049	0.087	25	3.26092704266	0.00740697326284	-31.2797116131
d-glucose-beta	125.0	0.049	0.087	26	3.26100542631	0.000990619039084	135.471054647
d-glucose-beta	125.0	0.049	0.087	27	3.26403259453	0.00196286872669	-65.5684275561
d-glucose-beta	125.0	0.049	0.087	28	3.27183568905	0.000986040439428	86.824022486
d-glucose-beta	125.0	0.049	0.087	29	3.27705057309	0.000810273632078	57.4372045488
d-glucose-beta	125.0	0.049	0.087	30	3.29449292134	0.000454152610818	120.563138992
d-glucose-beta	125.0	0.049	0.087	31	3.2999089741	0.00176219330309	49.6591875574
d-glucose-beta	125.0	0.049	0.087	32	3.31850375481	0.000481596689913	178.074597304
d-glucose-beta	125.0	0.049	0.087	33	3.32136533538	0.000634324055829	160.933200393
d-glucose-beta	125.0	0.049	0.087	34	3.32468255885	0.00114681718936	264.946617908
d-glucose-beta	125.0	0.049	0.087	35	3.32523105076	0.000999459281652	-60.9416942577
d-glucose-beta	125.0	0.049	0.087	36	3.33066258066	0.000434657400274	-79.5017196333
d-glucose-beta	125.0	0.049	0.087	37	3.34851084908	0.000963098870869	-78.4402257598
d-glucose-beta	125.0	0.049	0.087	38	3.35055140068	0.024127787655	-76.2948204168
d-glucose-beta	125.0	0.049	0.087	39	3.35085549499	0.0157921153842	229.188825469
d-glucose-beta	125.0	0.049	0.087	40	3.35157353152	0.0605082990622	140.992956784
d-glucose-beta	125.0	0.049	0.087	41	3.35174803985	0.0545830858467	112.772979008
d-glucose-beta	125.0	0.049	0.087	42	3.35400065976	0.00151963425768	241.490992093
d-glucose-beta	125.0	0.049	0.087	43	3.35836778967	0.00314995732994	21.300812948
d-glucose-beta	125.0	0.049	0.087	44	3.36360109612	0.00292115690086	-51.6146705226
d-glucose-beta	125.0	0.049	0.087	45	3.37388120119	0.0268744824271	260.279412846
d-glucose-beta	125.0	0.049	0.087	46	3.37886411584	0.0332540579962	55.4551467812
d-glucose-beta	125.0	0.049	0.087	47	3.38007953816	0.00375507351867	221.036166121
d-glucose-beta	125.0	0.049	0.087	48	3.38077173862	0.0929017860468	-3.07911013485
d-glucose-beta	125.0	0.049	0.087	49	3.38128950374	0.109024724457	-50.0313538536
d-glucose-beta	125.0	0.049	0.087	50	3.38150897063	0.0111413697041	67.6044240653
d-glucose-beta	125.0	0.049	0.087	51	3.38252920004	0.0151115264541	263.861280971
d-glucose-beta	125.0	0.049	0.087	52	3.38748267391	0.0170267230188	-70.8537488196
d-glucose-beta	125.0	0.049	0.087	53	3.38762369643	0.0268101401593	-5.93778117379
d-glucose-beta	125.0	0.049	0.087	54	3.39629358554	0.0163467251269	-17.8392292903
d-glucose-beta	125.0	0.049	0.087	55	3.40083741492	0.0150916732602	-37.9081238136
d-glucose-beta	125.0	0.049	0.087	56	3.40975922695	0.253692837966	-47.8451094699
d-glucose-beta	125.0	0.049	0.087	57	3.40969454401	0.00101338819587	264.668622782
d-glucose-beta	125.0	0.049	0.087	58	3.41136361123	0.0362293231263	-80.6826821738
d-glucose-beta	125.0	0.049	0.087	59	3.41166290837	0.0275941751606	267.519086998
d-glucose-beta	125.0	0.049	0.087	60	3.41466619766	0.00471131389705	-78.8275053774
d-glucose-beta	125.0	0.049	0.087	61	3.42587720245	0.0335211481903	-19.2639721894
d-glucose-beta	125.0	0.049	0.087	62	3.42571113907	0.00495416421847	248.389417953
d-glucose-beta	125.0	0.049	0.087	63	3.42867008458	0.0747961704976	-64.4174929505
d-glucose-beta	125.0	0.049	0.087	64	3.43070533908	0.0129819767776	225.579457063
d-glucose-beta	125.0	0.049	0.087	65	3.43126453134	0.021665174373	-69.2434112502
d-glucose-beta	125.0	0.049	0.087	66	3.43362373994	0.0316263194627	-85.9178693394
d-glucose-beta	125.0	0.049	0.087	67	3.43364487473	0.033471540454	221.999052478
d-glucose-beta	125.0	0.049	0.087	68	3.44169340592	0.00590351098885	141.58567115
d-glucose-beta	125.0	0.049	0.087	69	3.44327085538	0.00581395322939	177.676534995
d-glucose-beta	125.0	0.049	0.087	70	3.44403083361	0.0425268316567	114.725596414
d-glucose-beta	125.0	0.049	0.087	71	3.44423877259	0.00684542783009	4.62156094164
d-glucose-beta	125.0	0.049	0.087	72	3.44513733251	0.0302837738303	180.235552954
d-glucose-beta	125.0	0.049	0.087	73	3.44660135813	0.130620775265	20.4943582756
d-glucose-beta	125.0	0.049	0.087	74	3.44644622628	0.0308281351234	106.609861034
d-glucose-beta	125.0	0.049	0.087	75	3.44865287697	0.0122030408629	-25.2324544991
d-glucose-beta	125.0	0.049	0.087	76	3.4490680337	0.022740434694	260.410962021
d-glucose-beta	125.0	0.049	0.087	77	3.45028313224	0.0200853649545	125.279928568
d-glucose-beta	125.0	0.049	0.087	78	3.45020541954	0.0586052358784	13.9419778334
d-glucose-beta	125.0	0.049	0.087	79	3.45241862249	0.00844249149891	-15.2365372725
d-glucose-beta	125.0	0.049	0.087	80	3.45435565463	0.0520446945495	80.6341753372
d-glucose-beta	125.0	0.049	0.087	81	3.45702782801	0.00325784778921	262.163333395
d-glucose-beta	125.0	0.049	0.087	82	3.45780145737	0.00623255344952	-64.773056555
d-glucose-beta	125.0	0.049	0.087	83	3.45908391273	0.0261371273639	60.4768297031
d-glucose-beta	125.0	0.049	0.087	84	3.46043165187	0.0191641814398	-1.30347259212
d-glucose-beta	125.0	0.049	0.087	85	3.46242051201	0.0178760502687	228.44790822
d-glucose-beta	125.0	0.049	0.087	86	3.4698177281	0.0290307608515	8.47652828794
d-glucose-beta	125.0	0.049	0.087	87	3.47217598152	0.00874618877003	117.220862482
d-glucose-beta	125.0	0.049	0.087	88	3.47284690639	0.049558648672	-49.4750572639
d-glucose-beta	125.0	0.049	0.087	89	3.47429240582	0.0194430158287	108.180108567
d-glucose-beta	125.0	0.049	0.087	90	3.47596422383	0.00578950048549	255.598711381
d-glucose-beta	125.0	0.049	0.087	91	3.47593299873	0.00604138663538	-80.5209214415
d-glucose-beta	125.0	0.049	0.087	92	3.47571058249	0.0958245851513	-4.22878083982
d-glucose-beta	125.0	0.049	0.087	93	3.47750740143	0.0195602919554	124.385650799
d-glucose-beta	125.0	0.049	0.087	94	3.47791552886	0.024239272676	246.911191414
d-glucose-beta	125.0	0.049	0.087	95	3.47871182319	0.0913214665497	-56.4296526298
d-glucose-beta	125.0	0.049	0.087	96	3.47964010286	0.0282881303924	57.0131239501
d-glucose-beta	125.0	0.049	0.087	97	3.48062583065	0.00556334900482	-74.4176455775
d-glucose-beta	125.0	0.049	0.087	98	3.48272743454	0.0167391109031	47.9173331235
d-glucose-beta	125.0	0.049	0.087	99	3.50524490767	0.0087492240685	-72.0392023319
d-glucose-beta	125.0	0.049	0.087	100	3.50613300582	0.0504204448329	181.766421849
d-glucose-beta	125.0	0.049	0.087	101	3.507957593	0.0522339682057	-40.6774487305
d-glucose-beta	125.0	0.049	0.087	102	3.52428853256	0.00196341375949	66.8854809605
d-glucose-beta	125.0	0.049	0.087	103	3.52913066831	0.00167760876828	48.420722993
d-glucose-beta	125.0	0.049	0.087	104	3.5403346359	0.000893664175023	-15.9090818984
d-glucose-beta	125.0	0.049	0.087	105	3.5455014559	0.000467553529484	-76.4990624604
d-glucose-beta	125.0	0.049	0.087	106	3.55307842638	0.000558425600142	-25.886891676
d-glucose-beta	125.0	0.049	0.087	107	3.5578781287	0.000430606408388	24.2656372571
d-glucose-beta	125.0	0.049	0.087	108	3.56904845068	0.00135407763107	-2.12451534359
d-glucose-beta	125.0	0.049	0.087	109	3.57414273855	0.00097120852359	-45.3234881911
d-glucose-beta	125.0	0.049	0.087	110	3.61975802875	0.000912343551559	-11.3214109094
d-glucose-beta	125.0	0.049	0.087	111	3.62418870548	0.00116879408275	-34.211095589
d-glucose-beta	125.0	0.049	0.087	112	3.64214398969	0.00128186043852	-35.693242309
d-glucose-beta	125.0	0.049	0.087	113	3.67064224981	0.00262658609508	175.576864246
d-glucose-beta	125.0	0.049	0.087	114	3.67303637273	0.0255217136302	20.4462087557
d-glucose-beta	125.0	0.049	0.087	115	3.67557036231	0.104865815481	19.7569801545
d-glucose-beta	125.0	0.049	0.087	116	3.6794866936	0.0133744974163	8.52718270717
d-glucose-beta	125.0	0.049	0.087	117	3.68861138008	0.00680612500682	-79.4643110189
d-glucose-beta	125.0	0.049	0.087	118	3.68980465887	0.00297267981068	232.98385291
d-glucose-beta	125.0	0.049	0.087	119	3.69274289677	0.0464431652646	178.182443104
d-glucose-beta	125.0	0.049	0.087	120	3.69261485575	0.0129185016989	-73.738786577
d-glucose-beta	125.0	0.049	0.087	121	3.69322498157	0.0326138197319	155.762161564
d-glucose-beta	125.0	0.049	0.087	122	3.6945884066	0.00506720519957	-56.2682019016
d-glucose-beta	125.0	0.049	0.087	123	3.69720996209	0.00809642911646	108.060267692
d-glucose-beta	125.0	0.049	0.087	124	3.71167663685	0.0113078278884	155.325629604
d-glucose-beta	125.0	0.049	0.087	125	3.71709735516	0.117373664835	141.981288345
d-glucose-beta	125.0	0.049	0.087	126	3.71719665423	0.0469503003009	56.2124603776
d-glucose-beta	125.0	0.049	0.087	127	3.71942827682	0.0156742475744	100.082346212
d-glucose-beta	125.0	0.049	0.087	128	3.73334461964	0.0393950054018	45.1444683376
d-glucose-beta	125.0	0.049	0.087	129	3.73386177779	0.1684973299	-28.4823974337
d-glucose-beta	125.0	0.049	0.087	130	3.73828936998	0.0041395462517	40.9807821662
d-glucose-beta	125.0	0.049	0.087	131	3.74151055133	0.00632872611489	-56.7773856497
d-glucose-beta	125.0	0.049	0.087	132	3.85598398402	0.00430794523694	-21.5724368736
d-glucose-beta	125.0	0.049	0.087	133	3.85788327254	0.00749071445597	-0.0588137502055
d-glucose-beta	125.0	0.049	0.087	134	3.86110086421	0.158200963966	-48.5878693162
d-glucose-beta	125.0	0.049	0.087	135	3.86370969643	0.0723136567188	-72.2652328894
d-glucose-beta	125.0	0.049	0.087	136	3.86443969858	0.0118199800948	268.436732494
d-glucose-beta	125.0	0.049	0.087	137	3.86642468256	0.152667481989	251.314844461
d-glucose-beta	125.0	0.049	0.087	138	3.86637035864	0.0265254576674	-87.563361568
d-glucose-beta	125.0	0.049	0.087	139	3.86950479706	0.00593706361529	252.231956328
d-glucose-beta	125.0	0.049	0.087	140	3.87183246885	0.00468727282378	215.909189324
d-glucose-beta	125.0	0.049	0.087	141	3.90254273527	0.133549001288	70.4230440035
d-glucose-beta	125.0	0.049	0.087	142	3.90767103941	0.136244354444	46.962212863
d-glucose-beta	125.0	0.049	0.087	143	4.61672524564	0.470870139322	171.220302551
d-glucose-beta	125.0	0.049	0.087	144	4.6435342654	0.46355791462	188.692805841
glutamine	125.0	0.427	0.087	0	2.02959843313	0.00520018146166	123.970151405
glutamine	125.0	0.427	0.087	1	2.04903832083	0.00227604694898	247.109450371
glutamine	125.0	0.427	0.087	2	2.05078450944	0.00468324387687	264.634498834
glutamine	125.0	0.427	0.087	3	2.0578113395	0.0121439939485	159.99637666
glutamine	125.0	0.427	0.087	4	2.06949146946	0.00487859313028	35.9206694589
glutamine	125.0	0.427	0.087	5	2.07824700764	0.0721272953717	11.5050206319
glutamine	125.0	0.427	0.087	6	2.07892053536	0.0182417602961	-84.4538822833
glutamine	125.0	0.427	0.087	7	2.08348312725	0.0176829148832	238.843305094
glutamine	125.0	0.427	0.087	8	2.08467424299	0.0110499652966	-35.2418348986
glutamine	125.0	0.427	0.087	9	2.0994120015	0.0527251690568	-77.3590021036
glutamine	125.0	0.427	0.087	10	2.10110091148	0.0122603305058	-21.7253541612
glutamine	125.0	0.427	0.087	11	2.10307683112	0.00950151633486	227.291235923
glutamine	125.0	0.427	0.087	12	2.10491385446	0.0372575737306	-71.2562306733
glutamine	125.0	0.427	0.087	13	2.10705943378	0.0271626999317	-79.0071480674
glutamine	125.0	0.427	0.087	14	2.10978222351	0.00725163135269	-84.3675636271
glutamine	125.0	0.427	0.087	15	2.11007205827	0.0355600758187	250.728503965
glutamine	125.0	0.427	0.087	16	2.11574074582	0.0151604671374	269.879471569
glutamine	125.0	0.427	0.087	17	2.12154007131	0.0108511286106	246.364983709
glutamine	125.0	0.427	0.087	18	2.12427844833	0.0346215367915	229.605192248
glutamine	125.0	0.427	0.087	19	2.12762581022	0.0215488711187	246.621587926
glutamine	125.0	0.427	0.087	20	2.13039418725	0.08803515832	242.388755616
glutamine	125.0	0.427	0.087	21	2.1324670633	0.0216678544359	189.91286638
glutamine	125.0	0.427	0.087	22	2.13493755571	0.072085926602	212.25377448
glutamine	125.0	0.427	0.087	23	2.1368241746	0.0171028658529	-57.5113656199
glutamine	125.0	0.427	0.087	24	2.15338417684	0.0562366718321	196.177233586
glutamine	125.0	0.427	0.087	25	2.15502822922	0.0397887367874	-26.5921003257
glutamine	125.0	0.427	0.087	26	2.15542925651	0.00737294596874	139.276999342
glutamine	125.0	0.427	0.087	27	2.15894987717	0.00475757974432	89.9227410717
glutamine	125.0	0.427	0.087	28	2.16411056855	0.00401727505799	-31.3835802749
glutamine	125.0	0.427	0.087	29	2.17574695392	0.00522414743532	202.469602837
glutamine	125.0	0.427	0.087	30	2.17923162819	0.00772491940323	219.488621028
glutamine	125.0	0.427	0.087	31	2.183993302	0.0129020179855	116.212795402
glutamine	125.0	0.427	0.087	32	2.20359517008	0.00461314190055	204.414468178
glutamine	125.0	0.427	0.087	33	2.33824748802	0.00179822143586	140.95898024
glutamine	125.0	0.427	0.087	34	2.36520925621	0.0216789943374	90.7629095282
glutamine	125.0	0.427	0.087	35	2.38767101424	0.024595818496	122.69250082
glutamine	125.0	0.427	0.087	36	2.38967134395	0.0288808969876	52.2102404524
glutamine	125.0	0.427	0.087	37	2.39666704428	0.0173302118885	31.7483764897
glutamine	125.0	0.427	0.087	38	2.41529978886	0.0306232285707	98.215495944
glutamine	125.0	0.427	0.087	39	2.4167104736	0.0509308528442	28.8204435987
glutamine	125.0	0.427	0.087	40	2.41946040551	0.132988120129	77.8997466616
glutamine	125.0	0.427	0.087	41	2.43871354236	0.0162307857341	107.762963085
glutamine	125.0	0.427	0.087	42	2.43884935848	0.0583671732525	-31.8211479755
glutamine	125.0	0.427	0.087	43	2.44151555207	0.0894686222756	-2.68664243533
glutamine	125.0	0.427	0.087	44	2.44740617607	0.0265700395701	81.827775953
glutamine	125.0	0.427	0.087	45	2.44764589734	0.0342298116002	240.804481612
glutamine	125.0	0.427	0.087	46	2.44851814103	0.0884439110262	7.7398056626
glutamine	125.0	0.427	0.087	47	2.46685605252	0.0784705789355	-21.0398543603
glutamine	125.0	0.427	0.087	48	2.47096446854	0.0300752551136	-45.1703351421
glutamine	125.0	0.427	0.087	49	2.47337119098	0.0775971461669	99.2255704854
glutamine	125.0	0.427	0.087	50	2.49353685736	0.0155884085251	-31.89586805
glutamine	125.0	0.427	0.087	51	2.49661439543	0.0299045294923	-52.4508315381
glutamine	125.0	0.427	0.087	52	2.50238573223	0.0231529205541	254.839737845
glutamine	125.0	0.427	0.087	53	2.52493253663	0.0315315513174	-28.6447156812
glutamine	125.0	0.427	0.087	54	3.73240876439	0.154804962333	-81.0743418294
glutamine	125.0	0.427	0.087	55	3.73253188908	0.0564471746726	260.883202805
glutamine	125.0	0.427	0.087	56	3.7530899078	0.395755983205	-20.2303230426
glutamine	125.0	0.427	0.087	57	3.77384252146	0.198610179131	77.9552255627
glutathione_glycine	125.0	0.194	0.087	0	3.769	1.95830954571	-10.8848173619
glutathione_cysteine	125.0	0.194	0.087	0	2.88158786835	0.071852982771	-42.0334527773
glutathione_cysteine	125.0	0.194	0.087	1	2.90438113802	0.0499606320126	50.3843430914
glutathione_cysteine	125.0	0.194	0.087	2	2.92889438817	0.302808987286	40.9669620591
glutathione_cysteine	125.0	0.194	0.087	3	2.95168765785	0.344573495465	151.597230768
glutathione_cysteine	125.0	0.194	0.087	4	2.95222786887	0.368801212554	203.404415228
glutathione_cysteine	125.0	0.194	0.087	5	2.96913681216	0.441653033843	-34.8828353333
glutathione_cysteine	125.0	0.194	0.087	6	2.9995343887	0.0677739321926	-67.4067437839
glutathione_cysteine	125.0	0.194	0.087	7	3.01644333198	0.0403325105178	63.9784002163
glutathione_cysteine	125.0	0.194	0.087	8	4.54107552999	0.151747377817	261.802093668
glutathione_cysteine	125.0	0.194	0.087	9	4.55798447328	0.260716907301	-6.03268771467
glutathione_cysteine	125.0	0.194	0.087	10	4.56386879967	0.278593532577	-25.8658030875
glutathione_cysteine	125.0	0.194	0.087	11	4.58077774296	0.24436668941	103.268813992
glutathione_glutamate	125.0	0.194	0.087	0	2.06336829863	0.00349794562008	193.345674344
glutathione_glutamate	125.0	0.194	0.087	1	2.08480357034	0.0064118670003	251.103178785
glutathione_glutamate	125.0	0.194	0.087	2	2.08806771542	0.0145150699709	221.137065801
glutathione_glutamate	125.0	0.194	0.087	3	2.10954364427	0.0164607557823	-46.7960155317
glutathione_glutamate	125.0	0.194	0.087	4	2.11281857509	0.0116679861786	-72.8788480285
glutathione_glutamate	125.0	0.194	0.087	5	2.11536997153	0.0512127051397	78.5260584806
glutathione_glutamate	125.0	0.194	0.087	6	2.11861561635	0.0345486029833	186.591516176
glutathione_glutamate	125.0	0.194	0.087	7	2.13432941101	0.00801207831897	12.1265539239
glutathione_glutamate	125.0	0.194	0.087	8	2.13679450303	0.0396040036337	202.260344377
glutathione_glutamate	125.0	0.194	0.087	9	2.13971087308	0.0436374088317	-84.7411618603
glutathione_glutamate	125.0	0.194	0.087	10	2.14040578187	0.107318324962	173.998701071
glutathione_glutamate	125.0	0.194	0.087	11	2.14268703687	0.03918760616	198.685463361
glutathione_glutamate	125.0	0.194	0.087	12	2.16173192929	0.279360427081	244.337218865
glutathione_glutamate	125.0	0.194	0.087	13	2.16390422585	0.0601265364546	-88.9422361234
glutathione_glutamate	125.0	0.194	0.087	14	2.16502759969	0.201196930854	213.095896986
glutathione_glutamate	125.0	0.194	0.087	15	2.17061728925	0.00395538450499	50.0703893999
glutathione_glutamate	125.0	0.194	0.087	16	2.18633525899	0.0847585496964	-23.254328647
glutathione_glutamate	125.0	0.194	0.087	17	2.19228069477	0.00994294073701	129.589031112
glutathione_glutamate	125.0	0.194	0.087	18	2.19480388619	0.00866321171174	100.478909586
glutathione_glutamate	125.0	0.194	0.087	19	2.21425298712	0.00656278017131	173.446536575
glutathione_glutamate	125.0	0.194	0.087	20	2.21662483072	0.0225330921579	162.249908198
glutathione_glutamate	125.0	0.194	0.087	21	2.23832992615	0.009953481631	243.811007506
glutathione_glutamate	125.0	0.194	0.087	22	2.4489215683	0.0119290741844	267.112296312
glutathione_glutamate	125.0	0.194	0.087	23	2.44901335359	0.00656167469638	181.24066506
glutathione_glutamate	125.0	0.194	0.087	24	2.47132730808	0.0258727163725	242.677977637
glutathione_glutamate	125.0	0.194	0.087	25	2.47333135447	0.0135343699508	227.423179405
glutathione_glutamate	125.0	0.194	0.087	26	2.47343134436	0.00683840898703	33.5325516252
glutathione_glutamate	125.0	0.194	0.087	27	2.49586950282	0.0104528541501	-24.1181305182
glutathione_glutamate	125.0	0.194	0.087	28	2.49588730956	0.0130682549539	254.177085625
glutathione_glutamate	125.0	0.194	0.087	29	2.50242632494	0.215660836779	208.247665942
glutathione_glutamate	125.0	0.194	0.087	30	2.52108211457	0.128625128034	143.825753618
glutathione_glutamate	125.0	0.194	0.087	31	2.52487859326	0.187384788534	251.826633515
glutathione_glutamate	125.0	0.194	0.087	32	2.5254621244	0.00198089446151	-40.0215451073
glutathione_glutamate	125.0	0.194	0.087	33	2.52675848762	0.128868919724	253.287535283
glutathione_glutamate	125.0	0.194	0.087	34	2.54551308049	0.267730816977	142.08813572
glutathione_glutamate	125.0	0.194	0.087	35	2.54935545906	0.112338314953	-44.6739758162
glutathione_glutamate	125.0	0.194	0.087	36	2.57020023676	0.0786092507701	180.271057283
glutathione_glutamate	125.0	0.194	0.087	37	2.57454971578	0.0286235300074	114.297941063
glutathione_glutamate	125.0	0.194	0.087	38	2.59908757567	0.036836246189	112.641300553
glutathione_glutamate	125.0	0.194	0.087	39	2.62366612286	0.0259810662322	188.521957862
glutathione_glutamate	125.0	0.194	0.087	40	3.74780073827	0.169437389046	-88.9737785882
glutathione_glutamate	125.0	0.194	0.087	41	3.74787689681	0.0156012391677	247.210763155
glutathione_glutamate	125.0	0.194	0.087	42	3.76908847221	0.333242153624	-9.00787194536
glutathione_glutamate	125.0	0.194	0.087	43	3.79046222634	0.159621406888	70.9150417836
glycine	125.0	0.068	0.087	0	3.548	1.99898180787	-2.58944643312
gpc_N(CH3)3_a	125.0	0.097	0.121	0	3.21008188011	1.20159078529	-17.7113009174
gpc_N(CH3)3_a	125.0	0.097	0.121	1	3.21199956047	0.0634306645146	258.21448339
gpc_N(CH3)3_a	125.0	0.097	0.121	2	3.21199956075	0.116473119306	150.329173325
gpc_N(CH3)3_a	125.0	0.097	0.121	3	3.21199956063	0.0868976276524	96.3570512892
gpc_N(CH3)3_a	125.0	0.097	0.121	4	3.21199956095	0.140116798215	-19.9252950128
gpc_N(CH3)3_a	125.0	0.097	0.121	5	3.21199956093	0.143602608483	-16.5578714046
gpc_N(CH3)3_a	125.0	0.097	0.121	6	3.21199956096	0.0155333843352	-77.1602027738
gpc_N(CH3)3_a	125.0	0.097	0.121	7	3.21199956136	0.0963318845296	37.0154994694
gpc_N(CH3)3_a	125.0	0.097	0.121	8	3.2139177147	0.14779059488	-41.8380960393
gpc_N(CH3)3_a	125.0	0.097	0.121	9	3.21391746105	0.0823842166008	105.767349829
gpc_N(CH3)3_a	125.0	0.097	0.121	10	3.21391746116	0.0410398353408	82.2850298708
gpc_N(CH3)3_a	125.0	0.097	0.121	11	3.2139180706	0.115959461604	176.941438103
gpc_N(CH3)3_a	125.0	0.097	0.121	12	3.2139179003	0.0506858008378	248.056206997
gpc_N(CH3)3_b	125.0	0.097	0.121	0	3.2100818799	1.5020248758	-17.7112951999
gpc_N(CH3)3_b	125.0	0.097	0.121	1	3.21199956069	0.121379861493	148.667965622
gpc_N(CH3)3_b	125.0	0.097	0.121	2	3.21199956075	0.403401271774	-13.2032615433
gpc_N(CH3)3_b	125.0	0.097	0.121	3	3.21199956079	0.368076202849	-10.4769727195
gpc_N(CH3)3_b	125.0	0.097	0.121	4	3.21199956072	0.0290700922925	250.028766524
gpc_N(CH3)3_b	125.0	0.097	0.121	5	3.21199956087	0.264420371709	-18.6678211525
gpc_N(CH3)3_b	125.0	0.097	0.121	6	3.21199956117	0.0571365652398	118.387470892
gpc_N(CH3)3_b	125.0	0.097	0.121	7	3.21199956095	0.109068972846	-36.2830484034
gpc_N(CH3)3_b	125.0	0.097	0.121	8	3.21391765556	0.867872094834	-19.5729033043
gpc_N(CH3)3_b	125.0	0.097	0.121	9	3.21391787033	0.00615347614357	261.165578474
gpc_N(CH3)3_b	125.0	0.097	0.121	10	3.21391761837	0.00679549707504	181.463259897
gpc_N(CH3)3_b	125.0	0.097	0.121	11	3.21391748728	0.00907529000866	138.652716972
gpc_N(CH3)3_b	125.0	0.097	0.121	12	3.21391813082	0.175246579218	-1.74036285454
gpc_N(CH3)3_b	125.0	0.097	0.121	13	3.2139181569	0.223648711854	-28.43852427
gpc_N(CH3)3_b	125.0	0.097	0.121	14	3.21391827223	0.0630541525918	32.8228125853
gpc_7-CH2_8-CH2	125.0	0.097	0.087	0	3.64365748491	0.331237221677	184.575019012
gpc_7-CH2_8-CH2	125.0	0.097	0.087	1	3.64350840162	0.00655216712663	-89.2057535785
gpc_7-CH2_8-CH2	125.0	0.097	0.087	2	3.65425563235	0.218215441332	48.9224126427
gpc_7-CH2_8-CH2	125.0	0.097	0.087	3	3.654252535	0.00717592238772	124.274327372
gpc_7-CH2_8-CH2	125.0	0.097	0.087	4	3.65857398094	0.306429914157	-9.29021615581
gpc_7-CH2_8-CH2	125.0	0.097	0.087	5	3.65828141363	0.0185743408898	47.3671561231
gpc_7-CH2_8-CH2	125.0	0.097	0.087	6	3.65902002465	0.132279817597	-20.5504849006
gpc_7-CH2_8-CH2	125.0	0.097	0.087	7	3.65901798398	0.0221090293889	200.055009126
gpc_7-CH2_8-CH2	125.0	0.097	0.087	8	3.6636765887	0.208849147711	-65.8031559926
gpc_7-CH2_8-CH2	125.0	0.097	0.087	9	3.6636796249	0.00532210210942	90.5032067682
gpc_7-CH2_8-CH2	125.0	0.097	0.087	10	3.6739480021	0.36224078848	169.084968275
gpc_7-CH2_8-CH2	125.0	0.097	0.087	11	3.6740962265	0.00601961549287	246.877486578
gpc_7-CH2_8-CH2	125.0	0.097	0.087	12	3.72172131336	0.00129838583446	224.653876277
gpc_7-CH2_8-CH2	125.0	0.097	0.087	13	4.27792808077	0.0770004253731	201.049614435
gpc_7-CH2_8-CH2	125.0	0.097	0.087	14	4.28690426215	0.078374031039	197.104717111
gpc_7-CH2_8-CH2	125.0	0.097	0.087	15	4.28818766407	0.0408896837258	57.9559833739
gpc_7-CH2_8-CH2	125.0	0.097	0.087	16	4.2932117446	0.0813328765346	1.1195104813
gpc_7-CH2_8-CH2	125.0	0.097	0.087	17	4.29589139815	0.0778107945882	193.685017747
gpc_7-CH2_8-CH2	125.0	0.097	0.087	18	4.2971654871	0.0421396298674	59.2352394241
gpc_7-CH2_8-CH2	125.0	0.097	0.087	19	4.29767671982	0.046381822514	-50.8603196931
gpc_7-CH2_8-CH2	125.0	0.097	0.087	20	4.29835870659	0.0192811755303	5.78488970963
gpc_7-CH2_8-CH2	125.0	0.097	0.087	21	4.30218829062	0.0807977829796	0.901822291616
gpc_7-CH2_8-CH2	125.0	0.097	0.087	22	4.30615438911	0.0427051718412	58.3818711853
gpc_7-CH2_8-CH2	125.0	0.097	0.087	23	4.30658673879	0.0400712770894	-57.5512464675
gpc_7-CH2_8-CH2	125.0	0.097	0.087	24	4.3076374954	0.131432306853	173.255150692
gpc_7-CH2_8-CH2	125.0	0.097	0.087	25	4.31118032816	0.0803279004846	-0.750214597024
gpc_7-CH2_8-CH2	125.0	0.097	0.087	26	4.31313171859	0.00281052711425	46.5576766797
gpc_7-CH2_8-CH2	125.0	0.097	0.087	27	4.31387413118	0.0145243254399	-26.9817924603
gpc_7-CH2_8-CH2	125.0	0.097	0.087	28	4.31557564822	0.0405622361402	-61.1294519052
gpc_7-CH2_8-CH2	125.0	0.097	0.087	29	4.31656589861	0.122104093496	173.35514568
gpc_7-CH2_8-CH2	125.0	0.097	0.087	30	4.31757329822	0.0577927795887	68.3650548662
gpc_7-CH2_8-CH2	125.0	0.097	0.087	31	4.31789718603	0.0161762919518	-12.3463971932
gpc_7-CH2_8-CH2	125.0	0.097	0.087	32	4.32249179905	0.0796783365614	-3.22730060445
gpc_7-CH2_8-CH2	125.0	0.097	0.087	33	4.3261571017	0.0561695005317	154.907540024
gpc_7-CH2_8-CH2	125.0	0.097	0.087	34	4.32644270595	0.0411635730771	53.6332112622
gpc_7-CH2_8-CH2	125.0	0.097	0.087	35	4.32687501785	0.040353665378	-64.9091256796
gpc_7-CH2_8-CH2	125.0	0.097	0.087	36	4.32831487917	0.00486375654819	16.6011821177
gpc_7-CH2_8-CH2	125.0	0.097	0.087	37	4.32864716427	0.0204196797296	-72.8464314406
gpc_7-CH2_8-CH2	125.0	0.097	0.087	38	4.33149378033	0.0791510003551	-3.94861808721
gpc_7-CH2_8-CH2	125.0	0.097	0.087	39	4.33586397748	0.0390896963103	-65.2947452555
gpc_7-CH2_8-CH2	125.0	0.097	0.087	40	4.33745495778	0.0690502643155	159.860184589
gpc_7-CH2_8-CH2	125.0	0.097	0.087	41	4.34644124712	0.0760706112754	160.175454354
gpc_7-CH2_8-CH2	125.0	0.097	0.087	42	4.37657161832	0.00086915076959	201.703707902
gpc_glycerol	125.0	0.097	0.087	0	3.53712165309	0.00122765011468	5.97772376634
gpc_glycerol	125.0	0.097	0.087	1	3.54410022421	0.00281497872152	40.0660688712
gpc_glycerol	125.0	0.097	0.087	2	3.54638811193	0.00176824489787	120.066582033
gpc_glycerol	125.0	0.097	0.087	3	3.54917396702	0.00295601142694	43.3340664387
gpc_glycerol	125.0	0.097	0.087	4	3.56193647257	0.0228467984715	1.23603024007
gpc_glycerol	125.0	0.097	0.087	5	3.56192788218	0.00530437110157	172.155291991
gpc_glycerol	125.0	0.097	0.087	6	3.56204824741	0.0083396047854	-75.9837359313
gpc_glycerol	125.0	0.097	0.087	7	3.56481538752	0.0219083918835	-39.3038357674
gpc_glycerol	125.0	0.097	0.087	8	3.5698110646	0.00649551967317	86.0411978642
gpc_glycerol	125.0	0.097	0.087	9	3.57049486335	0.0145932092098	203.391106266
gpc_glycerol	125.0	0.097	0.087	10	3.57288117716	0.0140108243224	268.74315159
gpc_glycerol	125.0	0.097	0.087	11	3.57336044135	0.00746461522467	94.3716820161
gpc_glycerol	125.0	0.097	0.087	12	3.57771069694	0.00646544005333	49.840719609
gpc_glycerol	125.0	0.097	0.087	13	3.57849802279	0.00899796882692	224.339791385
gpc_glycerol	125.0	0.097	0.087	14	3.58107823257	0.0105920710596	-13.9467670482
gpc_glycerol	125.0	0.097	0.087	15	3.58124023365	0.0478812395003	144.469653201
gpc_glycerol	125.0	0.097	0.087	16	3.59431521524	0.0036564691806	43.0429746149
gpc_glycerol	125.0	0.097	0.087	17	3.59488246926	0.00206178629974	251.479492118
gpc_glycerol	125.0	0.097	0.087	18	3.59652202871	0.00567336939464	-36.8907057324
gpc_glycerol	125.0	0.097	0.087	19	3.59935492928	0.00381398514929	105.636890286
gpc_glycerol	125.0	0.097	0.087	20	3.60600984182	0.000831203349631	110.451332574
gpc_glycerol	125.0	0.097	0.087	21	3.61164920835	0.0237664315916	61.4752729374
gpc_glycerol	125.0	0.097	0.087	22	3.61161569591	0.00317415599153	-32.1744842946
gpc_glycerol	125.0	0.097	0.087	23	3.61168545599	0.0190362959442	217.934334118
gpc_glycerol	125.0	0.097	0.087	24	3.61351022951	0.0116426361461	-71.8387236225
gpc_glycerol	125.0	0.097	0.087	25	3.61715368916	0.0330448155788	-58.4864912146
gpc_glycerol	125.0	0.097	0.087	26	3.61746620722	0.0224302683442	164.293221103
gpc_glycerol	125.0	0.097	0.087	27	3.61942412374	0.00197969551342	203.985599767
gpc_glycerol	125.0	0.097	0.087	28	3.62484652912	0.0245045283654	-50.8706665508
gpc_glycerol	125.0	0.097	0.087	29	3.62612395938	0.0168521912329	218.29158641
gpc_glycerol	125.0	0.097	0.087	30	3.62910816806	0.00352651720334	-23.1362553467
gpc_glycerol	125.0	0.097	0.087	31	3.63077206887	0.0329399302267	187.595681095
gpc_glycerol	125.0	0.097	0.087	32	3.63015909823	0.00184810190148	29.1801258417
gpc_glycerol	125.0	0.097	0.087	33	3.6307968484	0.0103354030255	-68.786926334
gpc_glycerol	125.0	0.097	0.087	34	3.63312277017	0.00385136452366	197.454218997
gpc_glycerol	125.0	0.097	0.087	35	3.64731641301	0.0277501298248	211.917038069
gpc_glycerol	125.0	0.097	0.087	36	3.64746903531	0.0163317653801	152.448617785
gpc_glycerol	125.0	0.097	0.087	37	3.64755760117	0.0250002290335	-39.3245970603
gpc_glycerol	125.0	0.097	0.087	38	3.6475890765	0.0206244381756	38.8118004756
gpc_glycerol	125.0	0.097	0.087	39	3.64933404729	0.0227562650932	133.996337715
gpc_glycerol	125.0	0.097	0.087	40	3.6507524004	0.00899230029042	-89.6657929854
gpc_glycerol	125.0	0.097	0.087	41	3.65303739627	0.0174033729285	66.8699279844
gpc_glycerol	125.0	0.097	0.087	42	3.6535081215	0.0253163686906	5.18664481165
gpc_glycerol	125.0	0.097	0.087	43	3.6568299803	0.0130095409273	66.0393415696
gpc_glycerol	125.0	0.097	0.087	44	3.65713142765	0.0120422258	122.412501026
gpc_glycerol	125.0	0.097	0.087	45	3.65971273625	0.020562616076	201.678232045
gpc_glycerol	125.0	0.097	0.087	46	3.66080049344	0.0150534932084	-19.6418992723
gpc_glycerol	125.0	0.097	0.087	47	3.66262349048	0.0121671697889	20.2845163214
gpc_glycerol	125.0	0.097	0.087	48	3.66273394933	0.0618631977529	-47.3786537081
gpc_glycerol	125.0	0.097	0.087	49	3.6627970794	0.018945164759	71.3435064975
gpc_glycerol	125.0	0.097	0.087	50	3.67721533164	0.00515357822222	209.096544039
gpc_glycerol	125.0	0.097	0.087	51	3.67781424085	0.00185232600061	-83.8129654071
gpc_glycerol	125.0	0.097	0.087	52	3.67932529317	0.00168634873737	169.48903068
gpc_glycerol	125.0	0.097	0.087	53	3.68029982113	0.013258323018	-42.8983546889
gpc_glycerol	125.0	0.097	0.087	54	3.69071041699	0.00141496056584	234.888889313
gpc_glycerol	125.0	0.097	0.087	55	3.69728476799	0.0511387219799	196.247292987
gpc_glycerol	125.0	0.097	0.087	56	3.70064618949	0.0131254232852	104.170290796
gpc_glycerol	125.0	0.097	0.087	57	3.70123719352	0.00742226227898	226.328326847
gpc_glycerol	125.0	0.097	0.087	58	3.70245447363	0.0156626603937	145.386972542
gpc_glycerol	125.0	0.097	0.087	59	3.70709486346	0.0126600372701	93.7903255208
gpc_glycerol	125.0	0.097	0.087	60	3.70832917738	0.00250097088473	228.315203059
gpc_glycerol	125.0	0.097	0.087	61	3.70913721753	0.0158518876349	14.1290831988
gpc_glycerol	125.0	0.097	0.087	62	3.71201148148	0.0179935533301	88.1524282439
gpc_glycerol	125.0	0.097	0.087	63	3.71219148913	0.00823132778852	198.263154974
gpc_glycerol	125.0	0.097	0.087	64	3.71249505971	0.0171336053721	-2.13143420441
gpc_glycerol	125.0	0.097	0.087	65	3.71249515818	0.0146584950975	146.82894045
gpc_glycerol	125.0	0.097	0.087	66	3.72996629265	0.00333293018781	220.950365459
gpc_glycerol	125.0	0.097	0.087	67	3.73045811385	0.00177776405845	24.6996497083
gpc_glycerol	125.0	0.097	0.087	68	3.79209022585	0.00192261396583	-37.2290613268
gpc_glycerol	125.0	0.097	0.087	69	3.80401456621	0.00342292212365	13.3369220693
gpc_glycerol	125.0	0.097	0.087	70	3.80673006865	0.00598301410139	12.7683440941
gpc_glycerol	125.0	0.097	0.087	71	3.812369296	0.0130919381957	-44.4467026725
gpc_glycerol	125.0	0.097	0.087	72	3.8219021502	0.0182063562745	203.472552468
gpc_glycerol	125.0	0.097	0.087	73	3.8236775389	0.00189743486055	60.2825436254
gpc_glycerol	125.0	0.097	0.087	74	3.82533546253	0.00939503547229	66.2114286786
gpc_glycerol	125.0	0.097	0.087	75	3.826891376	0.00666415283834	54.060224808
gpc_glycerol	125.0	0.097	0.087	76	3.83616839228	0.0074534982241	-52.8231203694
gpc_glycerol	125.0	0.097	0.087	77	3.83737506662	0.079538436242	166.530715261
gpc_glycerol	125.0	0.097	0.087	78	3.84026356605	0.0114384682854	16.5519236142
gpc_glycerol	125.0	0.097	0.087	79	3.84198147044	0.0138226832273	209.053636409
gpc_glycerol	125.0	0.097	0.087	80	3.84532177124	0.00365896406888	-48.1958501654
gpc_glycerol	125.0	0.097	0.087	81	3.85718276851	0.002138701959	-24.6556250398
gpc_glycerol	125.0	0.097	0.087	82	3.85758417551	0.0192595267971	228.712131145
gpc_glycerol	125.0	0.097	0.087	83	3.86299136488	0.0214796821172	142.850142123
gpc_glycerol	125.0	0.097	0.087	84	3.86362325475	0.00114792418136	-24.2834590572
gpc_glycerol	125.0	0.097	0.087	85	3.86528117596	0.0129880983793	108.158984636
gpc_glycerol	125.0	0.097	0.087	86	3.86663394259	0.00821928948269	-69.6407915508
gpc_glycerol	125.0	0.097	0.087	87	3.87259474796	0.046560130673	-26.2460119563
gpc_glycerol	125.0	0.097	0.087	88	3.87433234598	0.0627083800354	253.76881646
gpc_glycerol	125.0	0.097	0.087	89	3.87711040454	0.00288787965899	44.6275925001
gpc_glycerol	125.0	0.097	0.087	90	3.88014930752	0.0641058631431	-41.5643198618
gpc_glycerol	125.0	0.097	0.087	91	3.88053700844	0.0210323976485	242.291016007
gpc_glycerol	125.0	0.097	0.087	92	3.88267873654	0.0110020515972	-73.366213121
gpc_glycerol	125.0	0.097	0.087	93	3.88504855277	0.0374425516654	203.620565641
gpc_glycerol	125.0	0.097	0.087	94	3.88542453394	0.0162572353331	69.4587329995
gpc_glycerol	125.0	0.097	0.087	95	3.89008734653	0.0498592993702	214.40813411
gpc_glycerol	125.0	0.097	0.087	96	3.89034115273	0.0183235992273	-27.0711931387
gpc_glycerol	125.0	0.097	0.087	97	3.89069404916	0.0053509578169	124.240949111
gpc_glycerol	125.0	0.097	0.087	98	3.89253276981	0.023102026368	117.788244717
gpc_glycerol	125.0	0.097	0.087	99	3.89332608754	0.0390283023991	202.574960384
gpc_glycerol	125.0	0.097	0.087	100	3.89413819128	0.0202276430739	45.3275487506
gpc_glycerol	125.0	0.097	0.087	101	3.89431166586	0.0406389423558	-25.7107061909
gpc_glycerol	125.0	0.097	0.087	102	3.89511268695	0.0156666806946	112.60591245
gpc_glycerol	125.0	0.097	0.087	103	3.89595799836	0.0400109695314	-25.4232021841
gpc_glycerol	125.0	0.097	0.087	104	3.89821850678	0.00914331475758	-36.2762835411
gpc_glycerol	125.0	0.097	0.087	105	3.9002571307	0.0431474533968	199.610383725
gpc_glycerol	125.0	0.097	0.087	106	3.90018939388	0.0314183693034	16.180653203
gpc_glycerol	125.0	0.097	0.087	107	3.90228024792	0.011222906762	78.3149133402
gpc_glycerol	125.0	0.097	0.087	108	3.90240667232	0.0139348702604	-28.0755532238
gpc_glycerol	125.0	0.097	0.087	109	3.90422193677	0.0244073621079	39.0327255958
gpc_glycerol	125.0	0.097	0.087	110	3.90424691338	0.0387804927544	7.84041091057
gpc_glycerol	125.0	0.097	0.087	111	3.90665754566	0.023926458764	124.286220668
gpc_glycerol	125.0	0.097	0.087	112	3.90801031229	0.00866008759668	250.853448386
gpc_glycerol	125.0	0.097	0.087	113	3.90965106595	0.0051631521522	19.8299665145
gpc_glycerol	125.0	0.097	0.087	114	3.91198031493	0.0687422298994	121.170892834
gpc_glycerol	125.0	0.097	0.087	115	3.91411700182	0.00434381768196	258.34292764
gpc_glycerol	125.0	0.097	0.087	116	3.91468273047	0.0553943605199	113.375897596
gpc_glycerol	125.0	0.097	0.087	117	3.91632072121	0.00908583060768	222.371144124
gpc_glycerol	125.0	0.097	0.087	118	3.91668853709	0.0199297365931	167.34257937
gpc_glycerol	125.0	0.097	0.087	119	3.91937247162	0.0202820591515	143.508724979
gpc_glycerol	125.0	0.097	0.087	120	3.91981509692	0.0104249058	-76.1011929513
gpc_glycerol	125.0	0.097	0.087	121	3.92062205819	0.0411104303289	-11.1566369644
gpc_glycerol	125.0	0.097	0.087	122	3.92244735468	0.0116455519086	267.406800661
gpc_glycerol	125.0	0.097	0.087	123	3.92401343092	0.0711565958087	52.2243494753
gpc_glycerol	125.0	0.097	0.087	124	3.92430452189	0.0120315438795	-53.2111759546
gpc_glycerol	125.0	0.097	0.087	125	3.92702354205	0.0174795442186	-79.4541925535
gpc_glycerol	125.0	0.097	0.087	126	3.93018278932	0.0211135409714	252.20907137
gpc_glycerol	125.0	0.097	0.087	127	3.93177559092	0.0582503444711	-10.2079004136
gpc_glycerol	125.0	0.097	0.087	128	3.93418658641	0.0257496336507	245.412407941
gpc_glycerol	125.0	0.097	0.087	129	3.94366086651	0.00204021057724	53.6963185504
gpc_glycerol	125.0	0.097	0.087	130	3.94432926832	0.00444828432972	-2.02990090177
gpc_glycerol	125.0	0.097	0.087	131	3.94594586238	0.00720433930856	183.120900217
gpc_glycerol	125.0	0.097	0.087	132	3.94772747455	0.00670098216316	111.50554908
gpc_glycerol	125.0	0.097	0.087	133	3.94883026999	0.00865103261976	39.2897313408
gpc_glycerol	125.0	0.097	0.087	134	3.94993119394	0.00542407731633	207.476927788
gpc_glycerol	125.0	0.097	0.087	135	3.95034989145	0.00961954995259	-25.6722648015
gpc_glycerol	125.0	0.097	0.087	136	3.95350400826	0.00188501979119	13.8211111578
gpc_glycerol	125.0	0.097	0.087	137	3.95753847857	0.00378442142901	87.8135827344
gpc_glycerol	125.0	0.097	0.087	138	3.96073548229	0.0834419259523	165.112688295
gpc_glycerol	125.0	0.097	0.087	139	3.96555307488	0.0128372924931	50.8022996614
gpc_glycerol	125.0	0.097	0.087	140	3.97125968455	0.0238179335366	-33.5465475554
gpc_glycerol	125.0	0.097	0.087	141	3.9734376796	0.0112251056348	166.632829364
gpc_glycerol	125.0	0.097	0.087	142	3.98092058454	0.0205863274347	99.5217973872
gpc_glycerol	125.0	0.097	0.087	143	3.98096111329	0.00852349654658	63.7448954248
gpc_glycerol	125.0	0.097	0.087	144	3.9810178318	0.00306296181935	-82.7490506456
gpc_glycerol	125.0	0.097	0.087	145	3.98313880554	0.00427243380807	133.339947412
gpc_glycerol	125.0	0.097	0.087	146	3.98536453393	0.0045510458489	16.6058597536
gpc_glycerol	125.0	0.097	0.087	147	3.98842450408	0.00865777879204	7.42261581732
gpc_glycerol	125.0	0.097	0.087	148	3.99085659676	0.0160249639253	231.962325247
gpc_glycerol	125.0	0.097	0.087	149	3.99829034924	0.00219041004172	-20.7132777679
gpc_glycerol	125.0	0.097	0.087	150	4.00250178276	0.00913261084094	-24.4222634787
gpc_glycerol	125.0	0.097	0.087	151	4.0065617582	0.00536746021963	186.384408682
gpc_glycerol	125.0	0.097	0.087	152	4.00824283197	0.00388819778727	252.586670691
gpc_glycerol	125.0	0.097	0.087	153	4.01782892618	0.000904856230013	103.205260075
naa_aspartate	125.0	1.0	0.069	0	2.42994713284	0.216381525611	208.046275675
naa_aspartate	125.0	1.0	0.069	1	2.46264920863	0.13340135217	141.554291716
naa_aspartate	125.0	1.0	0.069	2	2.482407089	0.129204564778	191.169390284
naa_aspartate	125.0	1.0	0.069	3	2.51510942756	0.272451960419	186.515056137
naa_aspartate	125.0	1.0	0.069	4	2.63340732241	0.131929550357	100.198402653
naa_aspartate	125.0	1.0	0.069	5	2.64673832675	0.244111628578	-74.5765155305
naa_aspartate	125.0	1.0	0.069	6	2.68586757087	0.230346952425	114.294637928
naa_aspartate	125.0	1.0	0.069	7	2.69919863057	0.13611489728	-62.9991409655
naa_aspartate	125.0	1.0	0.069	8	4.33805226897	0.0595946899368	55.195508236
naa_aspartate	125.0	1.0	0.069	9	4.3513830937	0.0377051748037	228.436454011
naa_aspartate	125.0	1.0	0.069	10	4.35958461114	0.0697865379935	159.570450302
naa_aspartate	125.0	1.0	0.069	11	4.3707545707	0.104660169227	52.8798064509
naa_aspartate	125.0	1.0	0.069	12	4.37291590033	0.0642995524636	-24.2205282201
naa_aspartate	125.0	1.0	0.069	13	4.38408539298	0.0121395349026	267.0367982
naa_aspartate	125.0	1.0	0.069	14	4.39228650928	0.0428942207675	6.16138349162
naa_aspartate	125.0	1.0	0.069	15	4.40561779602	0.0596742296415	-76.9819584553
lactate	125.0	0.039	0.087	0	1.30246140882	0.226928327184	183.469329528
lactate	125.0	0.039	0.087	1	1.30258623101	0.0699954020631	257.34445403
lactate	125.0	0.039	0.087	2	1.32583422095	0.124775557054	127.695060188
lactate	125.0	0.039	0.087	3	1.32584241713	0.257950341549	94.7085807569
lactate	125.0	0.039	0.087	4	4.06255628652	0.111569695952	56.7680461315
lactate	125.0	0.039	0.087	5	4.08587318202	0.343506498151	138.758008349
lactate	125.0	0.039	0.087	6	4.10920200397	0.345756085893	214.091437608
lactate	125.0	0.039	0.087	7	4.13253700483	0.111057561505	-58.830854361
naa_acetyl	125.0	1.0	0.13	0	2.008	2.91225765314	58.3849038022
myoinositol	125.0	0.578	0.087	0	3.18750103155	0.000815827930987	-67.6554922707
myoinositol	125.0	0.578	0.087	1	3.23561458278	0.0119121332292	-86.5675493632
myoinositol	125.0	0.578	0.087	2	3.23561477054	0.0103762414535	268.744516376
myoinositol	125.0	0.578	0.087	3	3.23728937485	0.0510573521859	7.88974958687
myoinositol	125.0	0.578	0.087	4	3.26500172991	0.0349575146261	62.0013648309
myoinositol	125.0	0.578	0.087	5	3.26740677755	0.110900948665	-42.2119035587
myoinositol	125.0	0.578	0.087	6	3.26764501024	0.160276929019	26.1029618664
myoinositol	125.0	0.578	0.087	7	3.26991268726	0.0523723569706	-43.8929208547
myoinositol	125.0	0.578	0.087	8	3.29846689841	0.202663190693	-62.2265759998
myoinositol	125.0	0.578	0.087	9	3.34749163393	0.00196720972076	14.8495828593
myoinositol	125.0	0.578	0.087	10	3.35658037465	0.00181725577429	-31.6994396037
myoinositol	125.0	0.578	0.087	11	3.38692235571	0.000956845951939	-58.4008511314
myoinositol	125.0	0.578	0.087	12	3.49701579513	0.212528870695	-41.9121380899
myoinositol	125.0	0.578	0.087	13	3.50610671524	0.0847993287948	183.574213528
myoinositol	125.0	0.578	0.087	14	3.50718656001	0.0422511061097	63.8291072444
myoinositol	125.0	0.578	0.087	15	3.50746037598	0.0321506412866	74.0313351115
myoinositol	125.0	0.578	0.087	16	3.53060418077	0.449632922212	187.818412465
myoinositol	125.0	0.578	0.087	17	3.54016423072	0.469545710153	52.9542800403
myoinositol	125.0	0.578	0.087	18	3.54169178035	0.0180174367594	47.8773868626
myoinositol	125.0	0.578	0.087	19	3.585872686	0.457964989629	61.7460028198
myoinositol	125.0	0.578	0.087	20	3.61682401674	0.553555374785	1.91491996246
myoinositol	125.0	0.578	0.087	21	3.61944595377	0.294264848772	-31.4637686639
myoinositol	125.0	0.578	0.087	22	3.64998986261	0.0220389030328	209.553798751
myoinositol	125.0	0.578	0.087	23	3.65052108642	0.0877504104476	6.452400119
myoinositol	125.0	0.578	0.087	24	3.65086935331	0.0536053129577	11.9101556365
myoinositol	125.0	0.578	0.087	25	3.65103366795	0.00448397261853	107.575135593
myoinositol	125.0	0.578	0.087	26	4.04428528744	0.174092958559	80.5940557759
myoinositol	125.0	0.578	0.087	27	4.05387427668	0.415792498921	-13.273360832
myoinositol	125.0	0.578	0.087	28	4.06348605956	0.150714372325	251.894990017
myoinositol	125.0	0.578	0.087	29	4.06347415756	0.0499833769787	-74.8212879712
naag_aspartyl	125.0	0.16	0.087	0	2.46274169543	0.199864415121	212.979167093
naag_aspartyl	125.0	0.16	0.087	1	2.49450147826	0.179140444336	179.396243583
naag_aspartyl	125.0	0.16	0.087	2	2.51627255614	0.272337048099	234.173576934
naag_aspartyl	125.0	0.16	0.087	3	2.54803233898	0.223233057852	177.758832464
naag_aspartyl	125.0	0.16	0.087	4	2.68014621287	0.209030052953	120.565204497
naag_aspartyl	125.0	0.16	0.087	5	2.69524501619	0.304158099759	261.008549042
naag_aspartyl	125.0	0.16	0.087	6	2.73367707359	0.163054485408	127.743175827
naag_aspartyl	125.0	0.16	0.087	7	2.7487758769	0.0705658533355	238.263279005
naag_aspartyl	125.0	0.16	0.087	8	4.57372264483	0.205376588733	-57.116873917
naag_aspartyl	125.0	0.16	0.087	9	4.58882144815	0.177001751453	61.2719542923
naag_aspartyl	125.0	0.16	0.087	10	4.60548242767	0.23130581247	251.656026958
naag_aspartyl	125.0	0.16	0.087	11	4.62058123099	0.209839267073	58.4139221857
pcho_N(CH3)3_a	125.0	0.058	0.121	0	3.2060818805	1.2075072549	-18.2478218623
pcho_N(CH3)3_a	125.0	0.058	0.121	1	3.20799956105	0.125903682289	-17.1102215115
pcho_N(CH3)3_a	125.0	0.058	0.121	2	3.20799956077	0.065688291255	216.016868793
pcho_N(CH3)3_a	125.0	0.058	0.121	3	3.20799956091	0.101119642053	119.101008137
pcho_N(CH3)3_a	125.0	0.058	0.121	4	3.20799956132	0.205175070254	14.7657926931
pcho_N(CH3)3_a	125.0	0.058	0.121	5	3.20991738592	0.114282564137	123.794989175
pcho_N(CH3)3_a	125.0	0.058	0.121	6	3.20991752532	0.0656480996247	43.1029604635
pcho_N(CH3)3_a	125.0	0.058	0.121	7	3.20991807312	0.112840657658	195.7552785
pcho_N(CH3)3_a	125.0	0.058	0.121	8	3.20991778315	0.125194718313	-43.2193061166
pcho_N(CH3)3_a	125.0	0.058	0.121	9	3.2099179003	0.0449588775701	268.881736624
naag_glutamate	125.0	0.16	0.087	0	1.871	0.472025319781	40.8558086898
naag_glutamate	125.0	0.16	0.087	1	2.039	0.999723809525	68.4493240163
naag_glutamate	125.0	0.16	0.087	2	2.17	0.719577998464	24.7401376325
naag_glutamate	125.0	0.16	0.087	3	2.18	0.735410469698	28.9126013664
naag_glutamate	125.0	0.16	0.087	4	4.118	0.994495396268	-8.18928215157
naag_acetyl	125.0	0.16	0.13	0	2.032	2.99997722084	66.2347551052
pcr_X	125.0	0.422	0.081	0	3.93	1.9781365813	-9.65521271653
pcho_X	125.0	0.058	0.087	0	3.54205005565	0.00151430036211	48.5435319328
pcho_X	125.0	0.058	0.087	1	3.62468456527	0.258996096073	184.10655273
pcho_X	125.0	0.058	0.087	2	3.62474046887	0.185729298418	188.765085991
pcho_X	125.0	0.058	0.087	3	3.63118570716	0.0889645545003	117.372662328
pcho_X	125.0	0.058	0.087	4	3.63354013251	0.102556976638	84.5532373841
pcho_X	125.0	0.058	0.087	5	3.63983951581	0.000829087214472	73.049723869
pcho_X	125.0	0.058	0.087	6	3.64029502294	0.0871957031279	-13.1607941973
pcho_X	125.0	0.058	0.087	7	3.63985464391	0.00662499931483	143.577310721
pcho_X	125.0	0.058	0.087	8	3.64134155088	0.0616208007327	-69.0569085704
pcho_X	125.0	0.058	0.087	9	3.64134081602	0.0128173733259	266.556280135
pcho_X	125.0	0.058	0.087	10	3.64823705137	0.113940862363	260.717310469
pcho_X	125.0	0.058	0.087	11	3.64823331038	0.00997685103838	109.99555719
pcho_X	125.0	0.058	0.087	12	3.6505906644	0.0783220231037	236.036927954
pcho_X	125.0	0.058	0.087	13	3.65059520074	0.010423237149	-70.0250829211
pcho_X	125.0	0.058	0.087	14	3.65677763589	0.22587893454	175.015134127
pcho_X	125.0	0.058	0.087	15	3.65686340733	0.0677083415174	152.539725533
pcho_X	125.0	0.058	0.087	16	3.65690731178	0.0136597060418	-87.5178601897
pcho_X	125.0	0.058	0.087	17	3.73913818232	0.00238341070025	109.061789323
pcho_X	125.0	0.058	0.087	18	3.7391474082	0.00240317807152	-5.25277395466
pcho_X	125.0	0.058	0.087	19	4.18372970344	0.000967133157064	-1.92882795934
pcho_X	125.0	0.058	0.087	20	4.24499205473	0.0588432984936	222.080090791
pcho_X	125.0	0.058	0.087	21	4.25117623034	0.0156345426632	113.420979336
pcho_X	125.0	0.058	0.087	22	4.25353002872	0.0184182457791	72.865708189
pcho_X	125.0	0.058	0.087	23	4.25415538929	0.0639048008011	220.980138251
pcho_X	125.0	0.058	0.087	24	4.26034183364	0.0164165153892	117.560502043
pcho_X	125.0	0.058	0.087	25	4.26042599344	0.0410128678495	-3.22300909207
pcho_X	125.0	0.058	0.087	26	4.26193398259	0.0288159067346	-14.6358502788
pcho_X	125.0	0.058	0.087	27	4.26269565333	0.0184536795137	79.8278528644
pcho_X	125.0	0.058	0.087	28	4.26333107131	0.0683045451239	217.733810468
pcho_X	125.0	0.058	0.087	29	4.26612373199	0.0204932575003	88.3060076046
pcho_X	125.0	0.058	0.087	30	4.2682295992	0.0199329201513	262.823298543
pcho_X	125.0	0.058	0.087	31	4.26951916315	0.0175415389171	121.223315726
pcho_X	125.0	0.058	0.087	32	4.27022054029	0.0696415186357	-4.07197104016
pcho_X	125.0	0.058	0.087	33	4.27058339758	0.0172178940368	232.036758268
pcho_X	125.0	0.058	0.087	34	4.27197905151	0.0264672114797	75.7100004034
pcho_X	125.0	0.058	0.087	35	4.2746358202	0.00977395108673	102.622341239
pcho_X	125.0	0.058	0.087	36	4.27525880431	0.0712605136517	212.079186429
pcho_X	125.0	0.058	0.087	37	4.27707267886	0.0564694709754	135.647102194
pcho_X	125.0	0.058	0.087	38	4.27739365253	0.0186427188644	268.489604238
pcho_X	125.0	0.058	0.087	39	4.27941425171	0.0688144298065	-0.509712559341
pcho_X	125.0	0.058	0.087	40	4.27974747222	0.0163984892031	234.311676521
pcho_X	125.0	0.058	0.087	41	4.28144755342	0.0188975850704	123.476777588
pcho_X	125.0	0.058	0.087	42	4.28152751838	0.00921425564818	20.0941803539
pcho_X	125.0	0.058	0.087	43	4.28353838117	0.0332924293088	96.8239031484
pcho_X	125.0	0.058	0.087	44	4.28443363601	0.0709462863281	207.736308008
pcho_X	125.0	0.058	0.087	45	4.28623000068	0.0542136853143	130.773791059
pcho_X	125.0	0.058	0.087	46	4.28656905173	0.0183881081194	-86.3078043017
pcho_X	125.0	0.058	0.087	47	4.28892291781	0.0159019482836	236.472215508
pcho_X	125.0	0.058	0.087	48	4.29017201134	0.0297370718172	115.960936332
pcho_X	125.0	0.058	0.087	49	4.29140451247	0.0748556563116	5.53478831373
pcho_X	125.0	0.058	0.087	50	4.29297881002	0.0236038702238	93.241035857
pcho_X	125.0	0.058	0.087	51	4.2954012084	0.0518239216355	127.755831274
pcho_X	125.0	0.058	0.087	52	4.29800588064	0.0255267881229	258.503691432
pcho_X	125.0	0.058	0.087	53	4.29832482014	0.00793474117394	-13.9085160979
pcho_X	125.0	0.058	0.087	54	4.29849781429	0.0194200971231	-84.2517748821
pcho_X	125.0	0.058	0.087	55	4.30058576216	0.0665747128615	1.79002338735
pcho_X	125.0	0.058	0.087	56	4.300851686	0.0159078363231	236.942758946
pcho_X	125.0	0.058	0.087	57	4.30732200918	0.0502046894468	129.448372026
pcho_X	125.0	0.058	0.087	58	4.30767344445	0.0207279326105	-86.8697168192
pcho_X	125.0	0.058	0.087	59	4.31002736134	0.0162913564896	235.147198135
pcho_X	125.0	0.058	0.087	60	4.31649130106	0.0515416552533	135.537287499
pcho_X	125.0	0.058	0.087	61	4.38082028267	0.00128770856197	182.96622232
pcho_N(CH3)3_b	125.0	0.058	0.121	0	3.2060818802	1.50881571815	-18.2478152681
pcho_N(CH3)3_b	125.0	0.058	0.121	1	3.20799956103	0.0994363437597	134.10365925
pcho_N(CH3)3_b	125.0	0.058	0.121	2	3.20799956093	0.376164486355	-15.4911380462
pcho_N(CH3)3_b	125.0	0.058	0.121	3	3.2079995609	0.043255352683	235.181732318
pcho_N(CH3)3_b	125.0	0.058	0.121	4	3.20799956097	0.340091233293	-11.6137893533
pcho_N(CH3)3_b	125.0	0.058	0.121	5	3.20799956099	0.310511220072	-3.87010615968
pcho_N(CH3)3_b	125.0	0.058	0.121	6	3.20799956112	0.210406448296	-29.1951573083
pcho_N(CH3)3_b	125.0	0.058	0.121	7	3.20799956119	0.17893994076	7.10280008291
pcho_N(CH3)3_b	125.0	0.058	0.121	8	3.20991766661	0.837306744279	-25.4605592586
pcho_N(CH3)3_b	125.0	0.058	0.121	9	3.20991775143	0.745338397022	-19.6064195165
pcho_N(CH3)3_b	125.0	0.058	0.121	10	3.20991779704	0.0308295967086	100.193470241
pcho_N(CH3)3_b	125.0	0.058	0.121	11	3.20991724193	0.00426646944695	259.047939589
pcho_N(CH3)3_b	125.0	0.058	0.121	12	3.20991782885	0.650421575289	-20.8725748509
pcho_N(CH3)3_b	125.0	0.058	0.121	13	3.20991768071	0.00642422272065	185.065540345
pcho_N(CH3)3_b	125.0	0.058	0.121	14	3.20991824695	0.0564972151946	50.1074508077
pcr_N(CH3)	125.0	0.422	0.09	0	3.029	2.97846677805	1.47808452922
scyllo-inositol	125.0	0.044	0.087	0	3.34	5.74910739121	-7.60481182097
peth	125.0	0.126	0.087	0	3.19889495356	0.36935598466	233.913824206
peth	125.0	0.126	0.087	1	3.20943911964	0.128088724401	74.9811064943
peth	125.0	0.126	0.087	2	3.2091589816	0.00198447040026	-10.6439634183
peth	125.0	0.126	0.087	3	3.21549808372	0.284112404721	-14.9695182601
peth	125.0	0.126	0.087	4	3.22221953199	0.00645902458699	92.3849279665
peth	125.0	0.126	0.087	5	3.22222646529	0.0808457613731	-86.8044162795
peth	125.0	0.126	0.087	6	3.22263864952	0.123590447906	266.995266351
peth	125.0	0.126	0.087	7	3.23269693539	0.374565123001	135.315738876
peth	125.0	0.126	0.087	8	3.23281524204	0.0066129650369	199.029382896
peth	125.0	0.126	0.087	9	3.88827853336	0.00108454608499	149.465777333
peth	125.0	0.126	0.087	10	3.94595720941	0.0740255310298	215.326002025
peth	125.0	0.126	0.087	11	3.94772532448	0.0744253016457	215.607670488
peth	125.0	0.126	0.087	12	3.94949400245	0.0747716689499	215.844316007
peth	125.0	0.126	0.087	13	3.95665806305	0.0522803286375	85.0550619026
peth	125.0	0.126	0.087	14	3.95919133951	0.054191926307	83.1181967757
peth	125.0	0.126	0.087	15	3.9634578747	0.0829870630809	-1.88654047327
peth	125.0	0.126	0.087	16	3.96610966698	0.0930619792286	-6.99016840141
peth	125.0	0.126	0.087	17	3.96920856932	0.0356097810665	-66.8811025252
peth	125.0	0.126	0.087	18	3.97000103599	0.0211058828608	13.0465273484
peth	125.0	0.126	0.087	19	3.97167484562	0.0884762905126	221.449552375
peth	125.0	0.126	0.087	20	3.97097779685	0.035790254678	-67.3373062319
peth	125.0	0.126	0.087	21	3.97274681861	0.0359419592287	-67.9102513561
peth	125.0	0.126	0.087	22	3.97366282733	0.0759522768711	214.660222906
peth	125.0	0.126	0.087	23	3.97981159564	0.0476332652542	128.215351589
peth	125.0	0.126	0.087	24	3.98060340712	0.00151889169977	254.613773771
peth	125.0	0.126	0.087	25	3.98248108181	0.128382760356	107.659087139
peth	125.0	0.126	0.087	26	3.98414213022	0.01962726656	76.7526948768
peth	125.0	0.126	0.087	27	3.98674994644	0.0101214749715	93.9765722147
peth	125.0	0.126	0.087	28	3.98762904672	0.0120907039682	150.814331252
peth	125.0	0.126	0.087	29	3.98940152247	0.0765564182005	-4.96893331298
peth	125.0	0.126	0.087	30	3.99116383508	0.0286810146381	-15.0596723152
peth	125.0	0.126	0.087	31	3.99351413848	0.0169022624135	39.6552224593
peth	125.0	0.126	0.087	32	3.99516299145	0.0378853590638	-81.1303701012
peth	125.0	0.126	0.087	33	3.99693312739	0.0380115202999	-82.3628843833
peth	125.0	0.126	0.087	34	4.00375726558	0.0206503912615	116.757869962
peth	125.0	0.126	0.087	35	4.00407901361	0.00243409705332	-20.9936731388
peth	125.0	0.126	0.087	36	4.00568978313	0.0546340356326	136.581901296
peth	125.0	0.126	0.087	37	4.007460825	0.0564928580875	136.488398486
peth	125.0	0.126	0.087	38	4.0861004598	0.0017653180554	224.648079446
taurine	125.0	0.117	0.085	0	3.2209127337	0.161054325307	-83.2019267437
taurine	125.0	0.117	0.085	1	3.22397870406	0.243571444153	226.95556497
taurine	125.0	0.117	0.085	2	3.24241160821	0.0809705026441	1.90041429862
taurine	125.0	0.117	0.085	3	3.24383044883	0.175999305007	84.0343019826
taurine	125.0	0.117	0.085	4	3.24407055337	0.0203184037008	15.4695337945
taurine	125.0	0.117	0.085	5	3.24589869721	0.444085171796	-6.76171888938
taurine	125.0	0.117	0.085	6	3.24772584198	0.0215915649841	-28.1903996166
taurine	125.0	0.117	0.085	7	3.26532934784	0.24065194891	33.7943029699
taurine	125.0	0.117	0.085	8	3.26768692835	0.221300544912	75.6530762326
taurine	125.0	0.117	0.085	9	3.39881286344	0.279137393323	-74.8834318128
taurine	125.0	0.117	0.085	10	3.40117086037	0.268440109668	-54.9050763998
taurine	125.0	0.117	0.085	11	3.41877394265	0.0171692446925	8.86432653559
taurine	125.0	0.117	0.085	12	3.42060318137	0.392889699341	-16.8369326804
taurine	125.0	0.117	0.085	13	3.42308418896	0.287468871491	-48.0740427367
taurine	125.0	0.117	0.085	14	3.44252147965	0.0868691578146	77.7583495694
taurine	125.0	0.117	0.085	15	3.4455870826	0.181556642658	56.0225843435
lm1	125.0	1.0	0.945781	L	50.72009	3.550126	-1.138201
lm2	125.0	1.0	1.475781	L	54.12614	2.855701	0.05457026
lm3	125.0	1.0	1.705781	L	68.32043	3.90728	-0.06015777
lm4	125.0	1.0	2.115781	L	96.4358	4.719139	-0.09620739
lm5	125.0	1.0	2.315781	L	69.70896	2.784562	-0.5775946
lm6	125.0	1.0	3.015781	L	42.72932	1.01768	-0.6582785
lm7	125.0	1.0	3.9854041	L	29.64625	1.209407	0.2889715
lm8	125.0	1.0	7.125781	L	274.476	4.046641	0.3027004
lm9	125.0	1.0	7.855781	L	37.37627	1.313574	0.02022181
lm10	125.0	1.0	2.655781	L	121.4557	2.349968	-0.5826102
lm11	125.0	1.0	1.235781	L	30.68139	0.7444791	-1.138201
lm12	125.0	1.0	-0.62824	L	1789.202	21.51878	-3.652967
lm13	125.0	1.0	3.295781	L	109.4958	1.665539	0.1635756
lm14	125.0	1.0	3.705781	L	169.6304	4.873533	-1.354319
