;PINTS for FITMAN Simulation Output
;Experiment Information
;---------------------------------------------------------------------------
;Name: semi-LASER
;Created: 2018_03_11
;Comment: Density-matrix simulations of metabolites using PyGAMMA and metabolite parameters from V. Govindaraju et. al, NMR Biomed. 2000;13:129-153
;PI: bartha-olemew
;b0: 400.2
;50 Metabolites: alanine, aspartate, choline_1-CH2_2-CH2, choline_N(CH3)3_a, choline_N(CH3)3_b, creatine_N(CH3), creatine_X, d-glucose-alpha, d-glucose-beta, eth, gaba, glutamate, glutamine, glutathione_cysteine, glutathione_glutamate, glutathione_glycine, glycine, gpc_7-CH2_8-CH2, gpc_glycerol, gpc_N(CH3)3_a, gpc_N(CH3)3_b, lactate, myoinositol, naa_acetyl, naa_aspartate, naag_acetyl, naag_aspartyl, naag_glutamate, pcho_N(CH3)3_a, pcho_N(CH3)3_b, pcho_X, pcr_N(CH3), pcr_X, peth, scyllo-inositol, taurine
;Simulation Results
;---------------------------------------------------------------------------
alanine	20.0	0.078	0.087	0	1.4576270789	1.51922218315	19.7961777857
alanine	20.0	0.078	0.087	1	1.47570249286	1.47846297843	-33.3213744642
alanine	20.0	0.078	0.087	2	3.74759307124	0.122664892498	79.8017544108
alanine	20.0	0.078	0.087	3	3.76566710715	0.364728289249	23.9122467194
alanine	20.0	0.078	0.087	4	3.78374379825	0.380418336291	-29.4455496262
alanine	20.0	0.078	0.087	5	3.80181929416	0.130918477884	-79.6807397654
aspartate	20.0	0.117	0.087	0	2.61702904032	0.181756564167	22.0703978016
aspartate	20.0	0.117	0.087	1	2.63953262834	0.229271101096	-30.6353016433
aspartate	20.0	0.117	0.087	2	2.6605700074	0.318201552283	9.00730771805
aspartate	20.0	0.117	0.087	3	2.68307359543	0.255284512933	-54.0071830557
aspartate	20.0	0.117	0.087	4	2.77777297559	0.314526874497	30.7669624407
aspartate	20.0	0.117	0.087	5	2.78713619174	0.260339055855	-4.48866042868
aspartate	20.0	0.117	0.087	6	2.82131394268	0.175328467272	14.3588373678
aspartate	20.0	0.117	0.087	7	2.83067715882	0.233627041904	-24.319506444
aspartate	20.0	0.117	0.087	8	3.87559021284	0.256255340863	46.4044635949
aspartate	20.0	0.117	0.087	9	3.88495342898	0.235221526319	8.00559365785
aspartate	20.0	0.117	0.087	10	3.89809380086	0.245647730989	-13.1441514855
aspartate	20.0	0.117	0.087	11	3.90745701701	0.246597729161	-48.5190867778
choline_N(CH3)3_a	20.0	0.165	0.121	0	3.18370295098	1.46209377466	-4.13078420192
choline_N(CH3)3_a	20.0	0.165	0.121	1	3.18539281753	0.251315118566	160.688921682
choline_N(CH3)3_a	20.0	0.165	0.121	2	3.18578659887	0.250290284401	-23.5741824867
choline_N(CH3)3_a	20.0	0.165	0.121	3	3.18569021303	0.231327978408	99.2220171037
choline_N(CH3)3_a	20.0	0.165	0.121	4	3.18600096996	0.122696744148	203.284615307
choline_N(CH3)3_a	20.0	0.165	0.121	5	3.18614133446	0.121343492319	240.484660322
choline_N(CH3)3_a	20.0	0.165	0.121	6	3.18642418383	0.158034962267	15.1400886692
choline_N(CH3)3_a	20.0	0.165	0.121	7	3.18642428782	0.0350754349251	-48.3608099116
choline_1-CH2_2-CH2	20.0	0.165	0.087	0	3.4881689702	0.347529224329	32.0017429386
choline_1-CH2_2-CH2	20.0	0.165	0.087	1	3.48803291307	0.0127219868501	165.528231875
choline_1-CH2_2-CH2	20.0	0.165	0.087	2	3.49616378535	0.219166138085	18.1226688425
choline_1-CH2_2-CH2	20.0	0.165	0.087	3	3.50070914662	0.32772486764	-2.27584811881
choline_1-CH2_2-CH2	20.0	0.165	0.087	4	3.50074739019	0.0450177168525	197.593815127
choline_1-CH2_2-CH2	20.0	0.165	0.087	5	3.50575658295	0.16936165123	-17.2819471186
choline_1-CH2_2-CH2	20.0	0.165	0.087	6	3.50574787976	0.0470650789473	65.8543299097
choline_1-CH2_2-CH2	20.0	0.165	0.087	7	3.51350753797	0.349892639979	-41.0537198656
choline_1-CH2_2-CH2	20.0	0.165	0.087	8	3.51353004191	0.0688025933284	156.545814403
choline_1-CH2_2-CH2	20.0	0.165	0.087	9	3.57141502034	0.00307815005031	13.6593123482
choline_1-CH2_2-CH2	20.0	0.165	0.087	10	4.03492774611	0.175053016396	36.4383956033
choline_1-CH2_2-CH2	20.0	0.165	0.087	11	4.04187446543	0.259715410631	28.8694552174
choline_1-CH2_2-CH2	20.0	0.165	0.087	12	4.04817688353	0.313504624191	-1.55938968079
choline_1-CH2_2-CH2	20.0	0.165	0.087	13	4.04816995265	0.0354135847693	216.165680843
choline_1-CH2_2-CH2	20.0	0.165	0.087	14	4.05227487028	0.081938675272	-16.1726552818
choline_1-CH2_2-CH2	20.0	0.165	0.087	15	4.05428359155	0.163778617198	-2.18661403514
choline_1-CH2_2-CH2	20.0	0.165	0.087	16	4.05576494398	0.0346658689371	143.557061273
choline_1-CH2_2-CH2	20.0	0.165	0.087	17	4.0558399037	0.0314498298671	53.4053434835
choline_1-CH2_2-CH2	20.0	0.165	0.087	18	4.05994361185	0.279035345127	-34.2966561984
choline_1-CH2_2-CH2	20.0	0.165	0.087	19	4.06536261227	0.0361459373546	87.6115339573
choline_1-CH2_2-CH2	20.0	0.165	0.087	20	4.06543757199	0.0206860948855	201.748712761
choline_1-CH2_2-CH2	20.0	0.165	0.087	21	4.0668344719	0.160382271377	-39.9875732431
choline_1-CH2_2-CH2	20.0	0.165	0.087	22	4.07327315242	0.00928129400312	146.559840944
choline_1-CH2_2-CH2	20.0	0.165	0.087	23	4.07352519451	0.0236708058593	249.327636091
choline_1-CH2_2-CH2	20.0	0.165	0.087	24	4.13155205992	0.00169606050581	142.175882427
creatine_X	20.0	0.296	0.081	0	3.913	1.99961599128	-1.80842436285
creatine_N(CH3)	20.0	0.296	0.09	0	3.027	2.99723399559	-3.67903019727
d-glucose-alpha	20.0	0.049	0.087	0	3.36395097805	0.00615811520383	47.2881068068
d-glucose-alpha	20.0	0.049	0.087	1	3.37063158696	0.201260347662	32.5670120544
d-glucose-alpha	20.0	0.049	0.087	2	3.38728511499	0.0095041303443	24.4291054571
d-glucose-alpha	20.0	0.049	0.087	3	3.39418214662	0.503734281647	-3.97457382924
d-glucose-alpha	20.0	0.049	0.087	4	3.40119402571	0.0106764470351	-32.4559867714
d-glucose-alpha	20.0	0.049	0.087	5	3.41775246859	0.243376607003	-53.5633087087
d-glucose-alpha	20.0	0.049	0.087	6	3.42460490326	0.00977214196898	-78.9570028831
d-glucose-alpha	20.0	0.049	0.087	7	3.50148100423	0.211798559704	12.8500744869
d-glucose-alpha	20.0	0.049	0.087	8	3.51093423057	0.236116248524	-10.3550560458
d-glucose-alpha	20.0	0.049	0.087	9	3.52543864584	0.282362728097	-0.909650242008
d-glucose-alpha	20.0	0.049	0.087	10	3.53489265762	0.262559217813	-25.296923834
d-glucose-alpha	20.0	0.049	0.087	11	3.67559457191	0.26778005958	31.2944488042
d-glucose-alpha	20.0	0.049	0.087	12	3.69924210694	0.526074682447	-0.0437307122235
d-glucose-alpha	20.0	0.049	0.087	13	3.72126804545	0.0588484496592	-3.56180033567
d-glucose-alpha	20.0	0.049	0.087	14	3.72290294882	0.263457779013	-13.0113267275
d-glucose-alpha	20.0	0.049	0.087	15	3.72908515575	0.0201877899841	-6.55991656182
d-glucose-alpha	20.0	0.049	0.087	16	3.73778019624	0.187564622328	-4.27179507337
d-glucose-alpha	20.0	0.049	0.087	17	3.75290523022	0.264231171852	-4.98485341985
d-glucose-alpha	20.0	0.049	0.087	18	3.761319493	0.0331595943241	-4.74689046439
d-glucose-alpha	20.0	0.049	0.087	19	3.76857631851	0.361971452056	-6.37932522509
d-glucose-alpha	20.0	0.049	0.087	20	3.80187779863	0.15289486136	25.3399840674
d-glucose-alpha	20.0	0.049	0.087	21	3.8053703044	0.138288815631	28.2782696505
d-glucose-alpha	20.0	0.049	0.087	22	3.81135333884	0.179625898712	-0.605962916095
d-glucose-alpha	20.0	0.049	0.087	23	3.81460184153	0.47347636021	4.91480524754
d-glucose-alpha	20.0	0.049	0.087	24	3.81831066244	0.216390248192	19.1717524323
d-glucose-alpha	20.0	0.049	0.087	25	3.82180278918	0.015693906633	52.7187313684
d-glucose-alpha	20.0	0.049	0.087	26	3.82615161354	0.15086548631	-27.4693234848
d-glucose-alpha	20.0	0.049	0.087	27	3.82992242159	0.137047846492	-27.0234503359
d-glucose-alpha	20.0	0.049	0.087	28	3.84162329078	0.292477696364	-10.8972638681
d-glucose-alpha	20.0	0.049	0.087	29	3.8453725488	0.22624020119	-9.57315803766
choline_N(CH3)3_b	20.0	0.165	0.121	0	3.18386140809	2.08000480222	-3.71697068606
choline_N(CH3)3_b	20.0	0.165	0.121	1	3.18606453597	1.08758685386	-11.2729731822
choline_N(CH3)3_b	20.0	0.165	0.121	2	3.18545475555	0.232077949023	117.90438847
choline_N(CH3)3_b	20.0	0.165	0.121	3	3.18554344758	0.12489581383	144.088232901
choline_N(CH3)3_b	20.0	0.165	0.121	4	3.18546882772	0.13988098677	141.65878703
choline_N(CH3)3_b	20.0	0.165	0.121	5	3.18606777004	1.00039622684	6.31871191314
choline_N(CH3)3_b	20.0	0.165	0.121	6	3.18548412829	0.0512485546074	248.054815986
choline_N(CH3)3_b	20.0	0.165	0.121	7	3.18626812461	0.84237090393	6.0548946669
d-glucose-beta	20.0	0.049	0.087	0	3.20386213147	0.00220166238926	43.0365878647
d-glucose-beta	20.0	0.049	0.087	1	3.2083993836	0.208390954751	32.6241145315
d-glucose-beta	20.0	0.049	0.087	2	3.21968119288	0.000420326769467	-6.91877976276
d-glucose-beta	20.0	0.049	0.087	3	3.22376767903	0.00288765581904	-14.5884338523
d-glucose-beta	20.0	0.049	0.087	4	3.22833950497	0.247970920311	-23.2053106927
d-glucose-beta	20.0	0.049	0.087	5	3.23045284676	0.27557558624	13.3949646876
d-glucose-beta	20.0	0.049	0.087	6	3.23421739105	0.00203716080648	9.24208145813
d-glucose-beta	20.0	0.049	0.087	7	3.23597239098	0.00191748249442	6.00295946467
d-glucose-beta	20.0	0.049	0.087	8	3.23791998053	0.000529138780898	3.21476024759
d-glucose-beta	20.0	0.049	0.087	9	3.23959890813	0.000689346617091	1.76018439765
d-glucose-beta	20.0	0.049	0.087	10	3.25040060008	0.240067300801	-48.6940304415
d-glucose-beta	20.0	0.049	0.087	11	3.25419992283	0.00162196145782	-54.2862256116
d-glucose-beta	20.0	0.049	0.087	12	3.25595452676	0.00151823404283	-58.3757363821
d-glucose-beta	20.0	0.049	0.087	13	3.25790740649	0.000403980663141	-61.9663037999
d-glucose-beta	20.0	0.049	0.087	14	3.25958444116	0.000521367490922	-64.3606497009
d-glucose-beta	20.0	0.049	0.087	15	3.36117551317	0.144435512897	-5.99201732528
d-glucose-beta	20.0	0.049	0.087	16	3.37495581342	0.00349399813147	-8.97644084221
d-glucose-beta	20.0	0.049	0.087	17	3.37844069059	0.0105917410636	-7.87323101871
d-glucose-beta	20.0	0.049	0.087	18	3.38342011773	0.40045937937	-4.49478774129
d-glucose-beta	20.0	0.049	0.087	19	3.388596694	0.0145935305008	-3.84846279058
d-glucose-beta	20.0	0.049	0.087	20	3.39188506447	0.00594562539651	-3.10635188787
d-glucose-beta	20.0	0.049	0.087	21	3.40031130185	0.00217331215191	0.918136727995
d-glucose-beta	20.0	0.049	0.087	22	3.40577949687	0.40858241444	-6.7836928101
d-glucose-beta	20.0	0.049	0.087	23	3.41017869158	0.00102743485887	3.11270646933
d-glucose-beta	20.0	0.049	0.087	24	3.41402615168	0.000985556477075	2.87821366781
d-glucose-beta	20.0	0.049	0.087	25	3.42277841401	0.0010237005691	0.747152393976
d-glucose-beta	20.0	0.049	0.087	26	3.42653760652	0.00109931114274	-0.361700770812
d-glucose-beta	20.0	0.049	0.087	27	3.43239020746	0.152798442854	4.4728747123
d-glucose-beta	20.0	0.049	0.087	28	3.43628553645	0.164453132881	-0.212213615389
d-glucose-beta	20.0	0.049	0.087	29	3.44529918974	0.172896308965	-2.30791605938
d-glucose-beta	20.0	0.049	0.087	30	3.44917445429	0.173509140813	-11.4871496449
d-glucose-beta	20.0	0.049	0.087	31	3.45278305356	0.359091999099	13.5556063717
d-glucose-beta	20.0	0.049	0.087	32	3.45467202222	0.0275159437527	13.5309791816
d-glucose-beta	20.0	0.049	0.087	33	3.45777249853	0.0829791364177	0.640395044796
d-glucose-beta	20.0	0.049	0.087	34	3.46672362728	0.0971529578108	-4.73003119686
d-glucose-beta	20.0	0.049	0.087	35	3.47048166969	0.0927358075027	-16.3401039556
d-glucose-beta	20.0	0.049	0.087	36	3.47534320532	0.487792697091	-1.86924192719
d-glucose-beta	20.0	0.049	0.087	37	3.4977891747	0.177434511861	-8.56791085815
d-glucose-beta	20.0	0.049	0.087	38	3.67947754403	0.00372163348059	12.1929136237
d-glucose-beta	20.0	0.049	0.087	39	3.68407443708	0.218997482544	8.59280002643
d-glucose-beta	20.0	0.049	0.087	40	3.6968788009	0.206343145237	-4.57104600751
d-glucose-beta	20.0	0.049	0.087	41	3.7007862456	0.00196879789316	-5.2946654673
d-glucose-beta	20.0	0.049	0.087	42	3.70253537459	0.00151636733425	-8.51816803159
d-glucose-beta	20.0	0.049	0.087	43	3.71475412367	0.301757639591	-8.76111114106
d-glucose-beta	20.0	0.049	0.087	44	3.72762985664	0.259726983926	-21.1285637052
d-glucose-beta	20.0	0.049	0.087	45	3.86193743686	0.0011401531613	24.6197742471
d-glucose-beta	20.0	0.049	0.087	46	3.86608194967	0.284716532253	15.8453734988
d-glucose-beta	20.0	0.049	0.087	47	3.86990158994	0.276388925525	8.50937343577
d-glucose-beta	20.0	0.049	0.087	48	3.8739762523	0.00107533766667	3.20202639869
d-glucose-beta	20.0	0.049	0.087	49	3.89675899221	0.217919832558	0.844500779199
d-glucose-beta	20.0	0.049	0.087	50	3.9006585491	0.214753233757	-10.5033794092
d-glucose-beta	20.0	0.049	0.087	51	4.62009840315	0.497618377474	30.1393926447
d-glucose-beta	20.0	0.049	0.087	52	4.64004415605	0.485869633638	-29.598473539
eth	20.0	0.32	0.087	0	3.13333132919	0.16490252601	39.4292646737
eth	20.0	0.32	0.087	1	3.13324583511	0.0809401213738	200.653885424
eth	20.0	0.32	0.087	2	3.13335229149	0.0577032745247	-76.962832405
eth	20.0	0.32	0.087	3	3.14273770416	0.060628165254	79.732925326
eth	20.0	0.32	0.087	4	3.14300338893	0.238484148503	4.40792813108
eth	20.0	0.32	0.087	5	3.14287061296	0.0289974220408	203.831262914
eth	20.0	0.32	0.087	6	3.14307730199	0.00775654583191	257.305153881
eth	20.0	0.32	0.087	7	3.15020498698	0.27069137264	-7.37979176114
eth	20.0	0.32	0.087	8	3.15019890556	0.278267741104	-5.61092443309
eth	20.0	0.32	0.087	9	3.15005906562	0.0597853561073	125.400367392
eth	20.0	0.32	0.087	10	3.15043850761	0.0203794903602	195.670973093
eth	20.0	0.32	0.087	11	3.15160756053	0.00122959185525	111.511211585
eth	20.0	0.32	0.087	12	3.15978448311	0.274773531095	-37.7197227149
eth	20.0	0.32	0.087	13	3.15990842603	0.0357186912827	96.1063600315
eth	20.0	0.32	0.087	14	3.8035373572	0.0868079669362	40.4907582354
eth	20.0	0.32	0.087	15	3.8051261195	0.141426300254	34.81975739
eth	20.0	0.32	0.087	16	3.80543366681	0.0355801040185	-68.7034053864
eth	20.0	0.32	0.087	17	3.80577015367	0.0152604438667	97.1379667428
eth	20.0	0.32	0.087	18	3.80638340958	0.0495751502368	218.186702961
eth	20.0	0.32	0.087	19	3.8140377232	0.185448032433	13.0473180533
eth	20.0	0.32	0.087	20	3.81533772462	0.0657549769708	229.048390858
eth	20.0	0.32	0.087	21	3.81505940894	0.0447391694375	-69.5943734602
eth	20.0	0.32	0.087	22	3.81506104645	0.0414284877685	106.257633413
eth	20.0	0.32	0.087	23	3.81653552436	0.0216681801003	150.594240213
eth	20.0	0.32	0.087	24	3.8166828372	0.0271294848828	-35.7366776411
eth	20.0	0.32	0.087	25	3.82123689724	0.174429599389	-11.3164564794
eth	20.0	0.32	0.087	26	3.82250708574	0.0474687468221	217.377376603
eth	20.0	0.32	0.087	27	3.82287842253	0.0406406364305	160.60653339
eth	20.0	0.32	0.087	28	3.82234782471	0.0510475437511	-74.3911536917
eth	20.0	0.32	0.087	29	3.822630438	0.0178658644082	86.608506736
eth	20.0	0.32	0.087	30	3.82392289644	0.0234064832127	-20.996974827
eth	20.0	0.32	0.087	31	3.8313095418	0.336689422008	-43.3605519614
eth	20.0	0.32	0.087	32	3.83198686591	0.0244819167471	242.080368239
eth	20.0	0.32	0.087	33	3.83354803294	0.0492751220871	-14.9716975292
glutamate	20.0	0.898	0.088	0	1.9866392062	0.0262138890322	30.6496267842
glutamate	20.0	0.898	0.088	1	2.00440382013	0.0749059919457	-1.52986044506
glutamate	20.0	0.898	0.088	2	2.00653207093	0.0366787199842	11.9560673036
glutamate	20.0	0.898	0.088	3	2.02219702085	0.0442048822701	-36.2789579742
glutamate	20.0	0.898	0.088	4	2.02364292672	0.0753854324689	27.7436988441
glutamate	20.0	0.898	0.088	5	2.02433660771	0.0882996515866	-28.2210904993
glutamate	20.0	0.898	0.088	6	2.04127472744	0.174457115494	0.000842366431769
glutamate	20.0	0.898	0.088	7	2.04216940529	0.0476032047162	-69.7063324699
glutamate	20.0	0.898	0.088	8	2.0437955242	0.0852051724745	9.61066884011
glutamate	20.0	0.898	0.088	9	2.05889627584	0.0857636862946	-30.3127650313
glutamate	20.0	0.898	0.088	10	2.06145098739	0.173044205033	-25.5258049156
glutamate	20.0	0.898	0.088	11	2.0791289838	0.0756609974583	-63.7401043108
glutamate	20.0	0.898	0.088	12	2.07986320046	0.0574979131351	28.2671305064
glutamate	20.0	0.898	0.088	13	2.09175989908	0.0717380341698	-8.54160753992
glutamate	20.0	0.898	0.088	14	2.0987488816	0.176274278866	12.627236935
glutamate	20.0	0.898	0.088	15	2.11060846017	0.172587808493	-23.3373332887
glutamate	20.0	0.898	0.088	16	2.11745210685	0.127755272573	-8.5558567943
glutamate	20.0	0.898	0.088	17	2.12922300873	0.119313397888	-37.2191261512
glutamate	20.0	0.898	0.088	18	2.13573046739	0.0760412491356	13.8482826206
glutamate	20.0	0.898	0.088	19	2.14757782824	0.0843420116985	-19.3349818022
glutamate	20.0	0.898	0.088	20	2.15455954413	0.0525183416482	-6.28055225025
glutamate	20.0	0.898	0.088	21	2.1663574048	0.0483617236691	-43.483513242
glutamate	20.0	0.898	0.088	22	2.28660672133	0.0102203370693	14.1792862162
glutamate	20.0	0.898	0.088	23	2.30420585968	0.0172028912734	-8.45589875489
glutamate	20.0	0.898	0.088	24	2.32273941022	0.00504260041203	-11.6427343117
glutamate	20.0	0.898	0.088	25	2.32680066638	0.527143068539	24.3850485197
glutamate	20.0	0.898	0.088	26	2.34414702866	0.502710640573	-1.3518199316
glutamate	20.0	0.898	0.088	27	2.34703138323	0.493429043142	-5.37348332407
glutamate	20.0	0.898	0.088	28	2.36241106831	0.185850604732	-19.5223306631
glutamate	20.0	0.898	0.088	29	2.36637868023	0.206980320143	-20.2581226637
glutamate	20.0	0.898	0.088	30	2.36701734915	0.00919684685711	35.6129087434
glutamate	20.0	0.898	0.088	31	2.38687809491	0.0172095748855	0.319074661023
glutamate	20.0	0.898	0.088	32	2.40605031731	0.00579033952612	-22.9591268584
glutamate	20.0	0.898	0.088	33	3.72844192688	0.255450233207	36.9546544687
glutamate	20.0	0.898	0.088	34	3.74028686501	0.251084182403	2.64088355624
glutamate	20.0	0.898	0.088	35	3.74644665338	0.242715765778	-6.52211172057
glutamate	20.0	0.898	0.088	36	3.75830474471	0.240803600973	-41.6472371474
gaba	20.0	0.155	0.082	0	1.85034894581	0.0846364367451	83.7502756284
gaba	20.0	0.155	0.082	1	1.86570815699	0.0179341315656	47.073533793
gaba	20.0	0.155	0.082	2	1.86859796428	0.381134005048	40.4589179218
gaba	20.0	0.155	0.082	3	1.87117398747	0.0459073704082	28.8196285139
gaba	20.0	0.155	0.082	4	1.87339827293	0.013228976145	19.4136700788
gaba	20.0	0.155	0.082	5	1.8820750089	0.00341957055543	4.6101258981
gaba	20.0	0.155	0.082	6	1.88484439789	0.0950249746797	1.38064540354
gaba	20.0	0.155	0.082	7	1.88723294679	0.532930168109	-5.10443601922
gaba	20.0	0.155	0.082	8	1.88894724487	0.0943425722412	-11.5328595403
gaba	20.0	0.155	0.082	9	1.89123433242	0.0523630464355	-15.2770319378
gaba	20.0	0.155	0.082	10	1.90209743358	0.0251293994617	-40.36132838
gaba	20.0	0.155	0.082	11	1.90574439843	0.433419430395	-54.6744643112
gaba	20.0	0.155	0.082	12	1.90732702952	0.045003034283	-56.2918524095
gaba	20.0	0.155	0.082	13	1.90957778425	0.0287441337972	-61.5789547493
gaba	20.0	0.155	0.082	14	1.92444112133	0.135841591369	250.565359483
gaba	20.0	0.155	0.082	15	2.26614209142	0.552285615222	38.9486647081
gaba	20.0	0.155	0.082	16	2.28440279408	1.00998815005	-5.00748624727
gaba	20.0	0.155	0.082	17	2.28658922024	0.0123418838284	-11.4453908759
gaba	20.0	0.155	0.082	18	2.28968453084	0.000826069219297	-1.22491793662
gaba	20.0	0.155	0.082	19	2.30273787672	0.41221957188	-43.5113634001
gaba	20.0	0.155	0.082	20	2.99442574688	0.514910183969	50.4973135745
gaba	20.0	0.155	0.082	21	3.0092408275	0.0765165042061	7.11350890335
gaba	20.0	0.155	0.082	22	3.01145739113	0.177708574777	0.679427755802
gaba	20.0	0.155	0.082	23	3.01364990903	0.664322014257	-5.83533532524
gaba	20.0	0.155	0.082	24	3.01679951095	0.0745460453299	-14.6151319627
gaba	20.0	0.155	0.082	25	3.03189489878	0.480993656977	-57.2223640373
glutathione_glutamate	20.0	0.194	0.087	0	2.08611682093	0.00245275444629	48.7911582399
glutathione_glutamate	20.0	0.194	0.087	1	2.10203385983	0.00276820364623	3.35240109083
glutathione_glutamate	20.0	0.194	0.087	2	2.10431537888	0.00705024345309	11.5071418658
glutathione_glutamate	20.0	0.194	0.087	3	2.12024622642	0.007128743266	-32.9583630094
glutathione_glutamate	20.0	0.194	0.087	4	2.12258466529	0.00423109856896	-31.8452742115
glutathione_glutamate	20.0	0.194	0.087	5	2.12476137501	0.0997914083716	49.3285990797
glutathione_glutamate	20.0	0.194	0.087	6	2.12777619138	0.0889658837853	50.4150559825
glutathione_glutamate	20.0	0.194	0.087	7	2.13853294438	0.00406868070126	-77.3752398172
glutathione_glutamate	20.0	0.194	0.087	8	2.14067500766	0.112416829241	7.42621565133
glutathione_glutamate	20.0	0.194	0.087	9	2.14314174439	0.351082710753	13.7573818007
glutathione_glutamate	20.0	0.194	0.087	10	2.14524234719	0.250375425901	14.6606738365
glutathione_glutamate	20.0	0.194	0.087	11	2.15889367157	0.249722725357	-27.097738358
glutathione_glutamate	20.0	0.194	0.087	12	2.16108973032	0.383672417551	-27.0495548463
glutathione_glutamate	20.0	0.194	0.087	13	2.16269934123	0.139624625561	-24.6481676891
glutathione_glutamate	20.0	0.194	0.087	14	2.16642074546	0.00252488960437	52.5174821919
glutathione_glutamate	20.0	0.194	0.087	15	2.17782130106	0.258314467907	-70.9829893435
glutathione_glutamate	20.0	0.194	0.087	16	2.18278712062	0.0058584114172	18.9092301221
glutathione_glutamate	20.0	0.194	0.087	17	2.18447322093	0.00419751552886	16.658551021
glutathione_glutamate	20.0	0.194	0.087	18	2.1997770027	0.00712650618591	-23.4726042228
glutathione_glutamate	20.0	0.194	0.087	19	2.20133837174	0.00412407146235	-16.7437868708
glutathione_glutamate	20.0	0.194	0.087	20	2.21708443765	0.00382867970128	-65.2339946193
glutathione_glutamate	20.0	0.194	0.087	21	2.46603651752	0.058957519271	29.961305904
glutathione_glutamate	20.0	0.194	0.087	22	2.48361262487	0.105770370634	-9.84674757108
glutathione_glutamate	20.0	0.194	0.087	23	2.50121084125	0.0391033086554	-41.4213350442
glutathione_glutamate	20.0	0.194	0.087	24	2.50577303179	0.21886098302	33.5353148893
glutathione_glutamate	20.0	0.194	0.087	25	2.52336518873	0.411347117465	-5.55308776476
glutathione_glutamate	20.0	0.194	0.087	26	2.52937810415	0.206166772728	38.8394880578
glutathione_glutamate	20.0	0.194	0.087	27	2.54095306951	0.158253058281	-39.5451690455
glutathione_glutamate	20.0	0.194	0.087	28	2.54750302785	0.404432437322	-3.59040683416
glutathione_glutamate	20.0	0.194	0.087	29	2.5655814952	0.180250434656	-37.9166048161
glutathione_glutamate	20.0	0.194	0.087	30	2.5691145799	0.0616350939831	44.6411837691
glutathione_glutamate	20.0	0.194	0.087	31	2.58724008665	0.104418074246	0.835030949339
glutathione_glutamate	20.0	0.194	0.087	32	2.60532381072	0.0384110798944	-39.6098704783
glutathione_glutamate	20.0	0.194	0.087	33	3.75322974475	0.253668639464	42.8621822928
glutathione_glutamate	20.0	0.194	0.087	34	3.76907648177	0.497018432268	-1.99114548477
glutathione_glutamate	20.0	0.194	0.087	35	3.78492790657	0.246467420846	-47.0856859201
glutathione_glycine	20.0	0.194	0.087	0	3.769	1.99917840977	-2.05915997735
glutathione_cysteine	20.0	0.194	0.087	0	2.89447119171	0.103784116273	17.6675581057
glutathione_cysteine	20.0	0.194	0.087	1	2.91165593864	0.113937455403	-32.6664039789
glutathione_cysteine	20.0	0.194	0.087	2	2.92960293327	0.389702093495	16.1993657295
glutathione_cysteine	20.0	0.194	0.087	3	2.9467876802	0.389479764122	-28.3971033772
glutathione_cysteine	20.0	0.194	0.087	4	2.95668494394	0.392822178657	18.0787125489
glutathione_cysteine	20.0	0.194	0.087	5	2.96898476216	0.386536105874	-21.8087670533
glutathione_cysteine	20.0	0.194	0.087	6	2.9918166855	0.105332805146	17.0428285488
glutathione_cysteine	20.0	0.194	0.087	7	3.00411650371	0.112492102367	-17.8457503703
glutathione_cysteine	20.0	0.194	0.087	8	4.54612755765	0.254333234724	42.1249993914
glutathione_cysteine	20.0	0.194	0.087	9	4.55842737586	0.249528327511	3.73426680797
glutathione_cysteine	20.0	0.194	0.087	10	4.56331230458	0.244811523066	-3.50367497651
glutathione_cysteine	20.0	0.194	0.087	11	4.57561212279	0.244604020484	-42.9622650073
glutamine	20.0	0.427	0.087	0	2.05181731484	0.00525138186538	43.0935229299
glutamine	20.0	0.427	0.087	1	2.06611304501	0.00191565621547	37.1767738004
glutamine	20.0	0.427	0.087	2	2.06764626481	0.00608946819516	-2.34917006044
glutamine	20.0	0.427	0.087	3	2.07236321804	0.0155134174236	5.49277375601
glutamine	20.0	0.427	0.087	4	2.08808409181	0.0158578795125	-38.1411314689
glutamine	20.0	0.427	0.087	5	2.08799278582	0.0931685572071	38.9126680977
glutamine	20.0	0.427	0.087	6	2.09149686778	0.0104489336909	-29.1796967773
glutamine	20.0	0.427	0.087	7	2.0946175241	0.079185277199	39.020477709
glutamine	20.0	0.427	0.087	8	2.10410211812	0.14440261822	6.05072876484
glutamine	20.0	0.427	0.087	9	2.10620266661	0.119903588896	16.801280911
glutamine	20.0	0.427	0.087	10	2.10738420171	0.00962137436701	-77.6398575869
glutamine	20.0	0.427	0.087	11	2.11056636125	0.261232461853	8.55731776139
glutamine	20.0	0.427	0.087	12	2.11413845352	0.123621846495	7.41211353598
glutamine	20.0	0.427	0.087	13	2.11726540385	0.0375127533502	6.03158608714
glutamine	20.0	0.427	0.087	14	2.12017348187	0.0295039502293	-19.3013600039
glutamine	20.0	0.427	0.087	15	2.12207131057	0.121067901105	-23.9224572836
glutamine	20.0	0.427	0.087	16	2.12702766846	0.307419460991	-24.4652400462
glutamine	20.0	0.427	0.087	17	2.12901870804	0.125433537117	-31.8284392967
glutamine	20.0	0.427	0.087	18	2.13079299508	0.00526062662966	32.2470831629
glutamine	20.0	0.427	0.087	19	2.13248783455	0.167897435644	-26.8760006423
glutamine	20.0	0.427	0.087	20	2.14353513044	0.117369080407	-66.2191375839
glutamine	20.0	0.427	0.087	21	2.14576519855	0.00620383058449	1.85048649464
glutamine	20.0	0.427	0.087	22	2.14728521094	0.12519296191	-67.5816094561
glutamine	20.0	0.427	0.087	23	2.1488373052	0.014326559195	16.3333682073
glutamine	20.0	0.427	0.087	24	2.15422807512	0.00302026227029	13.6835510406
glutamine	20.0	0.427	0.087	25	2.16387468093	0.0144077235667	-20.0646027321
glutamine	20.0	0.427	0.087	26	2.16875957016	0.0129163768675	-16.495787124
glutamine	20.0	0.427	0.087	27	2.18343613968	0.0091042927696	-57.033653073
glutamine	20.0	0.427	0.087	28	2.38347215746	0.0212759871376	24.6788579923
glutamine	20.0	0.427	0.087	29	2.4002880555	0.0155655627294	-5.70468783599
glutamine	20.0	0.427	0.087	30	2.40244256295	0.0142978483849	-12.2456785268
glutamine	20.0	0.427	0.087	31	2.40641241485	0.00678929393604	-7.53674569502
glutamine	20.0	0.427	0.087	32	2.42116278904	0.012371300349	-29.3935586784
glutamine	20.0	0.427	0.087	33	2.42179478013	0.261130676071	34.7002660408
glutamine	20.0	0.427	0.087	34	2.42670279288	0.243565384773	31.5628645266
glutamine	20.0	0.427	0.087	35	2.43988029669	0.487402020265	0.923141751574
glutamine	20.0	0.427	0.087	36	2.44649856076	0.230329990436	-9.10570038882
glutamine	20.0	0.427	0.087	37	2.44816217772	0.240173934092	-7.35270337217
glutamine	20.0	0.427	0.087	38	2.45950103729	0.176763656467	-29.471628761
glutamine	20.0	0.427	0.087	39	2.46502512752	0.0215893097479	42.6551285556
glutamine	20.0	0.427	0.087	40	2.46641700229	0.20331333322	-31.289522457
glutamine	20.0	0.427	0.087	41	2.48175879417	0.00975921170181	10.4518610344
glutamine	20.0	0.427	0.087	42	2.48376412981	0.0147418068345	5.98803995495
glutamine	20.0	0.427	0.087	43	2.48790150023	0.0127046404784	-6.80680921463
glutamine	20.0	0.427	0.087	44	2.5047554445	0.0123824093741	-31.3091325689
glutamine	20.0	0.427	0.087	45	3.73767789212	0.253768647354	40.2279665269
glutamine	20.0	0.427	0.087	46	3.75306769922	0.495376968089	-2.06293379486
glutamine	20.0	0.427	0.087	47	3.76847207552	0.244219157488	-44.5291626893
gpc_N(CH3)3_a	20.0	0.097	0.121	0	3.21065298804	1.40740010571	-2.59175576147
gpc_N(CH3)3_a	20.0	0.097	0.121	1	3.2127794124	0.200318782849	194.865369162
gpc_N(CH3)3_a	20.0	0.097	0.121	2	3.21263303365	0.0955205478159	-66.924512617
gpc_N(CH3)3_a	20.0	0.097	0.121	3	3.21231274487	0.257568315332	110.907472036
gpc_N(CH3)3_a	20.0	0.097	0.121	4	3.21315287778	0.14374242904	228.76263205
gpc_N(CH3)3_a	20.0	0.097	0.121	5	3.21302744276	0.269120141153	1.35518278941
gpc_N(CH3)3_a	20.0	0.097	0.121	6	3.21342453006	0.0906912196083	55.0463506273
glycine	20.0	0.068	0.087	0	3.548	1.99978933658	-2.69099071149
gpc_glycerol	20.0	0.097	0.087	0	3.55458824119	0.00134385455537	-5.36250191253
gpc_glycerol	20.0	0.097	0.087	1	3.56112029741	0.00162078201546	242.552700977
gpc_glycerol	20.0	0.097	0.087	2	3.56418851677	0.00198604538194	12.6219166305
gpc_glycerol	20.0	0.097	0.087	3	3.57485884459	0.0498234591417	2.36280046119
gpc_glycerol	20.0	0.097	0.087	4	3.5747156162	0.0169791529705	85.1175404369
gpc_glycerol	20.0	0.097	0.087	5	3.57447026275	0.00819062701026	159.196680313
gpc_glycerol	20.0	0.097	0.087	6	3.57797755333	0.00437093953747	52.3405657478
gpc_glycerol	20.0	0.097	0.087	7	3.57850135086	0.0152335843828	-2.83724754015
gpc_glycerol	20.0	0.097	0.087	8	3.58174258808	0.00184573482828	181.714769681
gpc_glycerol	20.0	0.097	0.087	9	3.58482448854	0.0156116205739	-9.59203427966
gpc_glycerol	20.0	0.097	0.087	10	3.5852086635	0.00355738473992	117.016303823
gpc_glycerol	20.0	0.097	0.087	11	3.58843916146	0.0684549436609	-16.3810063465
gpc_glycerol	20.0	0.097	0.087	12	3.58764134608	0.00237009699805	136.783938352
gpc_glycerol	20.0	0.097	0.087	13	3.58866274493	0.00572234578784	224.061339773
gpc_glycerol	20.0	0.097	0.087	14	3.59440840591	0.00133594388052	17.5929466848
gpc_glycerol	20.0	0.097	0.087	15	3.59609011208	0.00257410900554	20.7636177585
gpc_glycerol	20.0	0.097	0.087	16	3.59913732262	0.00277866635123	-35.2159666956
gpc_glycerol	20.0	0.097	0.087	17	3.60046030242	0.00574775224756	257.496799125
gpc_glycerol	20.0	0.097	0.087	18	3.60206591942	0.00171763692133	188.190452757
gpc_glycerol	20.0	0.097	0.087	19	3.60878713882	0.00133763208936	79.7275131329
gpc_glycerol	20.0	0.097	0.087	20	3.61135872136	0.10392048716	-1.18266338699
gpc_glycerol	20.0	0.097	0.087	21	3.61137613245	0.0103923077231	110.95127471
gpc_glycerol	20.0	0.097	0.087	22	3.61214101271	0.00953958249562	258.949519055
gpc_glycerol	20.0	0.097	0.087	23	3.61350551668	0.0855349186332	-1.60604404893
gpc_glycerol	20.0	0.097	0.087	24	3.61812621712	0.00636934243738	138.665647991
gpc_glycerol	20.0	0.097	0.087	25	3.61890119615	0.0150646640618	27.0088527165
gpc_glycerol	20.0	0.097	0.087	26	3.62360342811	0.0846539022944	-11.8347387393
gpc_glycerol	20.0	0.097	0.087	27	3.6251400862	0.0207487922892	224.784717316
gpc_glycerol	20.0	0.097	0.087	28	3.62565318731	0.0398331433522	104.588973916
gpc_glycerol	20.0	0.097	0.087	29	3.62565735549	0.0894644156298	-15.5324620013
gpc_glycerol	20.0	0.097	0.087	30	3.63656711085	0.00393523132316	-44.6785336713
gpc_glycerol	20.0	0.097	0.087	31	3.63725631363	0.00362895676534	229.691104497
gpc_glycerol	20.0	0.097	0.087	32	3.6409227698	0.00275503324787	-40.5184487862
gpc_glycerol	20.0	0.097	0.087	33	3.64173636507	0.00351582217889	17.6892292665
gpc_glycerol	20.0	0.097	0.087	34	3.64278542152	0.00142184310512	-45.0449129362
gpc_glycerol	20.0	0.097	0.087	35	3.6527839126	0.126786875591	6.58893979139
gpc_glycerol	20.0	0.097	0.087	36	3.65250698946	0.0277118272236	229.259851729
gpc_glycerol	20.0	0.097	0.087	37	3.65358162912	0.00929031252343	106.277680064
gpc_glycerol	20.0	0.097	0.087	38	3.65492222834	0.011105270507	53.4849052182
gpc_glycerol	20.0	0.097	0.087	39	3.65604919915	0.0398960151198	1.81796935102
gpc_glycerol	20.0	0.097	0.087	40	3.66033050192	0.0409068704425	-1.41647815847
gpc_glycerol	20.0	0.097	0.087	41	3.66134467973	0.013594349528	246.743479548
gpc_glycerol	20.0	0.097	0.087	42	3.66344512192	0.154862648627	-10.2684649295
gpc_glycerol	20.0	0.097	0.087	43	3.66373072863	0.0161561785695	89.9537344917
gpc_glycerol	20.0	0.097	0.087	44	3.66384282149	0.00702136770853	224.425058632
gpc_glycerol	20.0	0.097	0.087	45	3.67464333601	0.00503532924344	-24.5349319645
gpc_glycerol	20.0	0.097	0.087	46	3.67740497743	0.00271432289773	113.500491626
gpc_glycerol	20.0	0.097	0.087	47	3.67901059443	0.00156352353565	85.1669125365
gpc_glycerol	20.0	0.097	0.087	48	3.68398005374	0.00350833526486	250.146261911
gpc_glycerol	20.0	0.097	0.087	49	3.68979466979	0.0482169066159	4.2357586908
gpc_glycerol	20.0	0.097	0.087	50	3.68962869582	0.0162931537595	241.958097096
gpc_glycerol	20.0	0.097	0.087	51	3.69170997021	0.016268348519	1.73446108136
gpc_glycerol	20.0	0.097	0.087	52	3.69426223335	0.0133266269749	262.806054275
gpc_glycerol	20.0	0.097	0.087	53	3.69584587116	0.00598815069719	44.2582415709
gpc_glycerol	20.0	0.097	0.087	54	3.70004773615	0.0946652316146	4.14121396104
gpc_glycerol	20.0	0.097	0.087	55	3.71270312708	0.00238543731308	-15.3407939624
gpc_glycerol	20.0	0.097	0.087	56	3.71631660021	0.00113970701374	-25.0505956164
gpc_glycerol	20.0	0.097	0.087	57	3.81509386906	0.00131243532628	-5.32478909466
gpc_glycerol	20.0	0.097	0.087	58	3.81639348578	0.00137710701771	61.8806275321
gpc_glycerol	20.0	0.097	0.087	59	3.81762566931	0.00179843601709	-5.86222189636
gpc_glycerol	20.0	0.097	0.087	60	3.8254245765	0.00569679708599	-2.78919610922
gpc_glycerol	20.0	0.097	0.087	61	3.82956456912	0.00134500018857	112.017837041
gpc_glycerol	20.0	0.097	0.087	62	3.8354980251	0.045557496322	-5.32229883209
gpc_glycerol	20.0	0.097	0.087	63	3.83973741058	0.0110779617721	-2.73862719749
gpc_glycerol	20.0	0.097	0.087	64	3.84733183373	0.0905052227252	-3.32340682436
gpc_glycerol	20.0	0.097	0.087	65	3.84887572881	0.00677203984746	-70.261060837
gpc_glycerol	20.0	0.097	0.087	66	3.85037141746	0.0128185122545	220.199044847
gpc_glycerol	20.0	0.097	0.087	67	3.84964060906	0.00320678738851	24.9095079684
gpc_glycerol	20.0	0.097	0.087	68	3.86232415031	0.0309736996215	168.575425558
gpc_glycerol	20.0	0.097	0.087	69	3.86226243669	0.0114717828316	-22.8251843011
gpc_glycerol	20.0	0.097	0.087	70	3.86498657256	0.00858873424114	-22.5580628449
gpc_glycerol	20.0	0.097	0.087	71	3.86791365228	0.0653110119498	-5.49967610041
gpc_glycerol	20.0	0.097	0.087	72	3.87228122709	0.00128897617071	56.2235785606
gpc_glycerol	20.0	0.097	0.087	73	3.87717524264	0.0799206436704	-0.581567478547
gpc_glycerol	20.0	0.097	0.087	74	3.87873683732	0.0078528607218	126.844614941
gpc_glycerol	20.0	0.097	0.087	75	3.87887215929	0.0925000026094	-5.21027309667
gpc_glycerol	20.0	0.097	0.087	76	3.8829159253	0.0639476571737	7.0323230773
gpc_glycerol	20.0	0.097	0.087	77	3.88548100392	0.0174203205839	-6.42418882543
gpc_glycerol	20.0	0.097	0.087	78	3.88995472187	0.0726358367092	4.19991045196
gpc_glycerol	20.0	0.097	0.087	79	3.89045160432	0.0170651024488	187.422847519
gpc_glycerol	20.0	0.097	0.087	80	3.89180474581	0.0746608003916	1.99965811053
gpc_glycerol	20.0	0.097	0.087	81	3.89317535625	0.0414310809098	144.371306656
gpc_glycerol	20.0	0.097	0.087	82	3.89457447322	0.0533238528036	-3.73880118842
gpc_glycerol	20.0	0.097	0.087	83	3.89559409324	0.0372903940721	257.393357782
gpc_glycerol	20.0	0.097	0.087	84	3.89746452352	0.0553693496421	8.35242345233
gpc_glycerol	20.0	0.097	0.087	85	3.90029774162	0.0606047478396	1.72977076583
gpc_glycerol	20.0	0.097	0.087	86	3.90206795498	0.0483619240719	11.8635564405
gpc_glycerol	20.0	0.097	0.087	87	3.90290104205	0.0130182538457	236.656284864
gpc_glycerol	20.0	0.097	0.087	88	3.90434545567	0.0818481552799	-9.73692577087
gpc_glycerol	20.0	0.097	0.087	89	3.90383071852	0.00267253840338	-85.5529101024
gpc_glycerol	20.0	0.097	0.087	90	3.90704982935	0.0390637650619	-9.43434232913
gpc_glycerol	20.0	0.097	0.087	91	3.90840902761	0.00164727197163	229.436418714
gpc_glycerol	20.0	0.097	0.087	92	3.91016078769	0.00177039750118	8.07894780574
gpc_glycerol	20.0	0.097	0.087	93	3.91262316145	0.0730367676904	-2.47463485835
gpc_glycerol	20.0	0.097	0.087	94	3.91486775171	0.113942856716	-3.85536778004
gpc_glycerol	20.0	0.097	0.087	95	3.91513024701	0.0154088094138	118.289447093
gpc_glycerol	20.0	0.097	0.087	96	3.91648012586	0.0144488048701	-28.9278457811
gpc_glycerol	20.0	0.097	0.087	97	3.9226316713	0.0787003586138	0.131046508542
gpc_glycerol	20.0	0.097	0.087	98	3.92451400799	0.135874960239	2.47437839872
gpc_glycerol	20.0	0.097	0.087	99	3.92460487659	0.0103480631007	-60.1621036429
gpc_glycerol	20.0	0.097	0.087	100	3.92698051298	0.0566633296273	-3.42823863817
gpc_glycerol	20.0	0.097	0.087	101	3.92887850203	0.0130762681944	-61.1968749315
gpc_glycerol	20.0	0.097	0.087	102	3.93256610751	0.0564081333731	3.29185222979
gpc_glycerol	20.0	0.097	0.087	103	3.9368919406	0.00229831928379	17.3713587049
gpc_glycerol	20.0	0.097	0.087	104	3.9392186131	0.0202413558739	246.267661015
gpc_glycerol	20.0	0.097	0.087	105	3.94055921232	0.0104362247858	-37.1742071914
gpc_glycerol	20.0	0.097	0.087	106	3.94146213251	0.0206741860811	127.720687256
gpc_glycerol	20.0	0.097	0.087	107	3.94629854016	0.00526991078328	23.182001633
gpc_glycerol	20.0	0.097	0.087	108	3.94672603955	0.00401804142776	94.3251410097
gpc_glycerol	20.0	0.097	0.087	109	3.94687855049	0.0075403767906	-47.2564617682
gpc_glycerol	20.0	0.097	0.087	110	3.94778071964	0.0173695517674	192.282089478
gpc_glycerol	20.0	0.097	0.087	111	3.95574203299	0.0885970800127	0.161529503823
gpc_glycerol	20.0	0.097	0.087	112	3.96222783288	0.0140665689335	1.00125101487
gpc_glycerol	20.0	0.097	0.087	113	3.96500749168	0.0487905597383	0.447755315407
gpc_glycerol	20.0	0.097	0.087	114	3.96970242582	0.00129989196802	-83.4321020459
gpc_glycerol	20.0	0.097	0.087	115	3.97075562434	0.0261088639463	125.874787558
gpc_glycerol	20.0	0.097	0.087	116	3.97080232924	0.0102351594135	232.487523887
gpc_glycerol	20.0	0.097	0.087	117	3.97601537455	0.00559265459171	115.247811985
gpc_glycerol	20.0	0.097	0.087	118	3.97708340707	0.0086324366271	-84.9993699921
gpc_glycerol	20.0	0.097	0.087	119	3.97946945598	0.0138060659164	234.746554958
gpc_glycerol	20.0	0.097	0.087	120	3.98015718562	0.00297574594859	3.23175848829
gpc_glycerol	20.0	0.097	0.087	121	3.98814331955	0.00171303325372	238.371018422
gpc_glycerol	20.0	0.097	0.087	122	3.98909628608	0.00102662761241	2.37274705559
gpc_glycerol	20.0	0.097	0.087	123	3.99474932178	0.0042380335661	126.953434072
gpc_glycerol	20.0	0.097	0.087	124	4.00355782207	0.00163980870469	225.675356329
gpc_7-CH2_8-CH2	20.0	0.097	0.087	0	3.61196741767	0.00201757984656	56.0633882122
gpc_7-CH2_8-CH2	20.0	0.097	0.087	1	3.64765256675	0.408891738037	34.0199262832
gpc_7-CH2_8-CH2	20.0	0.097	0.087	2	3.64762606952	0.0247751758468	-76.9054312654
gpc_7-CH2_8-CH2	20.0	0.097	0.087	3	3.65548300983	0.212558597936	8.65623441093
gpc_7-CH2_8-CH2	20.0	0.097	0.087	4	3.65880592647	0.404582637447	-2.70490145667
gpc_7-CH2_8-CH2	20.0	0.097	0.087	5	3.6585386576	0.0148790386503	200.374661909
gpc_7-CH2_8-CH2	20.0	0.097	0.087	6	3.65907470084	0.0193162227184	82.9421464535
gpc_7-CH2_8-CH2	20.0	0.097	0.087	7	3.66247953949	0.21573530037	-14.8680137683
gpc_7-CH2_8-CH2	20.0	0.097	0.087	8	3.66247792735	0.0100259688475	166.25935513
gpc_7-CH2_8-CH2	20.0	0.097	0.087	9	3.67013382282	0.448162430684	-37.4074956536
gpc_7-CH2_8-CH2	20.0	0.097	0.087	10	3.67022114473	0.019848014298	16.2634253289
gpc_7-CH2_8-CH2	20.0	0.097	0.087	11	3.70564594077	0.000845779953653	40.8710130232
gpc_7-CH2_8-CH2	20.0	0.097	0.087	12	4.26621321231	0.000738393022043	-63.7320178889
gpc_7-CH2_8-CH2	20.0	0.097	0.087	13	4.28665580573	0.0866430332865	34.8396509972
gpc_7-CH2_8-CH2	20.0	0.097	0.087	14	4.293646075	0.128665847331	26.8851841089
gpc_7-CH2_8-CH2	20.0	0.097	0.087	15	4.29798821137	0.0809963673592	-0.664385412087
gpc_7-CH2_8-CH2	20.0	0.097	0.087	16	4.30055829144	0.169884640227	17.4515936057
gpc_7-CH2_8-CH2	20.0	0.097	0.087	17	4.30172710873	0.03777480126	134.084851522
gpc_7-CH2_8-CH2	20.0	0.097	0.087	18	4.30465484848	0.0809593981135	-0.592584851518
gpc_7-CH2_8-CH2	20.0	0.097	0.087	19	4.30817243527	0.179174912644	17.9949331579
gpc_7-CH2_8-CH2	20.0	0.097	0.087	20	4.30916936119	0.0932437293387	-36.8807197419
gpc_7-CH2_8-CH2	20.0	0.097	0.087	21	4.31132763521	0.0809286186566	-0.521553726251
gpc_7-CH2_8-CH2	20.0	0.097	0.087	22	4.31311113136	0.0306295197313	63.7981500099
gpc_7-CH2_8-CH2	20.0	0.097	0.087	23	4.31529892869	0.184564558535	15.7300301761
gpc_7-CH2_8-CH2	20.0	0.097	0.087	24	4.3159402587	0.138500078726	-19.273163384
gpc_7-CH2_8-CH2	20.0	0.097	0.087	25	4.31637452128	0.0138671396589	140.776714398
gpc_7-CH2_8-CH2	20.0	0.097	0.087	26	4.31971800597	0.0808971412878	-0.43418214552
gpc_7-CH2_8-CH2	20.0	0.097	0.087	27	4.32268257747	0.16509538892	-18.8035727187
gpc_7-CH2_8-CH2	20.0	0.097	0.087	28	4.3241148503	0.0133232770023	172.90720826
gpc_7-CH2_8-CH2	20.0	0.097	0.087	29	4.32429685124	0.00391869418573	-28.5105816814
gpc_7-CH2_8-CH2	20.0	0.097	0.087	30	4.32639088057	0.0808786787423	-0.36632881304
gpc_7-CH2_8-CH2	20.0	0.097	0.087	31	4.3304851379	0.123148428406	-28.8422052915
gpc_7-CH2_8-CH2	20.0	0.097	0.087	32	4.33754611766	0.08191462565	-37.2980178019
gpc_7-CH2_8-CH2	20.0	0.097	0.087	33	4.35988851703	0.00198577548526	165.561614479
myoinositol	20.0	0.578	0.087	0	3.24494163069	0.215081605394	26.2515156555
myoinositol	20.0	0.578	0.087	1	3.26817259502	0.51421314929	-5.14038049821
myoinositol	20.0	0.578	0.087	2	3.29145864504	0.246928511708	-49.0606183109
myoinositol	20.0	0.578	0.087	3	3.5038967348	0.362223574645	7.07750407815
myoinositol	20.0	0.578	0.087	4	3.51112977638	0.406649894054	-12.7868905729
myoinositol	20.0	0.578	0.087	5	3.52886498189	0.623608226335	3.31872159663
myoinositol	20.0	0.578	0.087	6	3.53610256608	0.593602390905	-15.5772969351
myoinositol	20.0	0.578	0.087	7	3.59236988584	0.589819885832	23.5690219827
myoinositol	20.0	0.578	0.087	8	3.6163327672	1.03736026525	-2.70333338158
myoinositol	20.0	0.578	0.087	9	3.64059498455	0.339854420578	-16.5983953638
myoinositol	20.0	0.578	0.087	10	4.04661680243	0.254188896793	17.6785814236
myoinositol	20.0	0.578	0.087	11	4.0538505141	0.49320120934	-1.71017841665
myoinositol	20.0	0.578	0.087	12	4.06108422498	0.244125220714	-20.7847748358
gpc_N(CH3)3_b	20.0	0.097	0.121	0	3.21085706414	2.07350329114	-3.22365657102
gpc_N(CH3)3_b	20.0	0.097	0.121	1	3.21303333485	1.04211874766	-12.0441058551
gpc_N(CH3)3_b	20.0	0.097	0.121	2	3.21239938316	0.165721196447	154.884587018
gpc_N(CH3)3_b	20.0	0.097	0.121	3	3.21300996096	1.17190635195	2.03265133759
gpc_N(CH3)3_b	20.0	0.097	0.121	4	3.21217540966	0.133650127753	178.007351944
gpc_N(CH3)3_b	20.0	0.097	0.121	5	3.2132912199	0.787509952791	13.7976396295
gpc_N(CH3)3_b	20.0	0.097	0.121	6	3.21341971482	0.629151110936	-9.1456431697
gpc_N(CH3)3_b	20.0	0.097	0.121	7	3.21342416673	0.00244126263661	97.7857624339
gpc_N(CH3)3_b	20.0	0.097	0.121	8	3.21342440893	0.0133774902085	231.056667165
naa_acetyl	20.0	1.0	0.13	0	2.008	2.99937119126	-5.99721521661
lactate	20.0	0.039	0.087	0	1.30551138891	1.49293732576	17.4050731322
lactate	20.0	0.039	0.087	1	1.3228348834	1.50461436293	-31.3362928107
lactate	20.0	0.039	0.087	2	4.07149562031	0.12728370305	71.3124714926
lactate	20.0	0.039	0.087	3	4.08881888401	0.375793663402	22.9075422747
lactate	20.0	0.039	0.087	4	4.10614212355	0.371459232695	-26.0244795899
lactate	20.0	0.039	0.087	5	4.12346612782	0.124993613748	-74.7705876754
naag_acetyl	20.0	0.16	0.13	0	2.032	2.99938197259	-5.95545006689
naag_aspartyl	20.0	0.16	0.087	0	2.47528234113	0.192458238636	25.720803663
naag_aspartyl	20.0	0.16	0.087	1	2.49895078736	0.245849668767	-25.0178439693
naag_aspartyl	20.0	0.16	0.087	2	2.5150365979	0.299491371654	-0.232584656233
naag_aspartyl	20.0	0.16	0.087	3	2.53870504413	0.255750004732	-60.4433130805
naag_aspartyl	20.0	0.16	0.087	4	2.6874799919	0.287392573982	36.6226689137
naag_aspartyl	20.0	0.16	0.087	5	2.69861077995	0.266044958043	3.87840076337
naag_aspartyl	20.0	0.16	0.087	6	2.72723424867	0.194383328612	6.18321976169
naag_aspartyl	20.0	0.16	0.087	7	2.73836503673	0.241361777317	-27.5184318763
naag_aspartyl	20.0	0.16	0.087	8	4.57968417591	0.255168774928	44.4747250722
naag_aspartyl	20.0	0.16	0.087	9	4.59081496397	0.247345636816	12.3660140923
naag_aspartyl	20.0	0.16	0.087	10	4.60335262215	0.253993020769	-10.2660652871
naag_aspartyl	20.0	0.16	0.087	11	4.6144834102	0.228417754092	-45.0345186501
naag_glutamate	20.0	0.16	0.087	0	1.871	0.999792285405	-6.21723786861
naag_glutamate	20.0	0.16	0.087	1	2.039	0.999795105609	-5.94314395404
naag_glutamate	20.0	0.16	0.087	2	2.17	0.999811823121	-5.70805131385
naag_glutamate	20.0	0.16	0.087	3	2.18	0.999812507864	-5.69012483702
naag_glutamate	20.0	0.16	0.087	4	4.118	0.999698411758	-1.51490206409
naa_aspartate	20.0	1.0	0.069	0	2.44252660515	0.186303957441	23.0135319862
naa_aspartate	20.0	1.0	0.069	1	2.46692275377	0.245475888626	-26.7271988953
naa_aspartate	20.0	1.0	0.069	2	2.48148600544	0.297901554886	1.33522644328
naa_aspartate	20.0	1.0	0.069	3	2.50588215658	0.262758939259	-55.5717050298
naa_aspartate	20.0	1.0	0.069	4	2.64032763476	0.294456159361	32.8276607516
naa_aspartate	20.0	1.0	0.069	5	2.65011809825	0.264222472454	1.24104122369
naa_aspartate	20.0	1.0	0.069	6	2.67928703439	0.193551137775	8.00935608054
naa_aspartate	20.0	1.0	0.069	7	2.68907750043	0.23741375502	-25.0027782147
naa_aspartate	20.0	1.0	0.069	8	4.3466855594	0.125627279764	62.8314269444
naa_aspartate	20.0	1.0	0.069	9	4.35647595269	0.12585239619	33.1061538792
naa_aspartate	20.0	1.0	0.069	10	4.36267675648	0.132231100668	19.4121647242
naa_aspartate	20.0	1.0	0.069	11	4.37177836755	0.253735689173	0.84157547654
naa_aspartate	20.0	1.0	0.069	12	4.380872152	0.118021335378	-21.864569103
naa_aspartate	20.0	1.0	0.069	13	4.38707283233	0.120992502694	-31.7003312038
naa_aspartate	20.0	1.0	0.069	14	4.3968633676	0.113497990044	-68.0822733024
pcho_N(CH3)3_b	20.0	0.058	0.121	0	3.20685892729	2.07586681285	-3.59959238326
pcho_N(CH3)3_b	20.0	0.058	0.121	1	3.20897040498	1.1647729751	-10.1646701369
pcho_N(CH3)3_b	20.0	0.058	0.121	2	3.2082499357	0.0390463757426	240.523254973
pcho_N(CH3)3_b	20.0	0.058	0.121	3	3.20845903344	0.17027011624	146.887086402
pcho_N(CH3)3_b	20.0	0.058	0.121	4	3.20905491488	1.01294715834	6.255041437
pcho_N(CH3)3_b	20.0	0.058	0.121	5	3.20847130515	0.165838953	149.260534478
pcho_N(CH3)3_b	20.0	0.058	0.121	6	3.20939236962	0.787859753831	9.25411152403
pcho_N(CH3)3_b	20.0	0.058	0.121	7	3.20942419875	0.0237689569596	107.561050459
pcr_N(CH3)	20.0	0.422	0.09	0	3.029	2.99721026419	-3.67114334571
pcho_X	20.0	0.058	0.087	0	3.56758494629	0.00161644705732	78.0267203386
pcho_X	20.0	0.058	0.087	1	3.62894732568	0.408104506374	36.0272281734
pcho_X	20.0	0.058	0.087	2	3.62894891899	0.0225009107137	-64.1264297156
pcho_X	20.0	0.058	0.087	3	3.63373293901	0.0907858673902	19.990814182
pcho_X	20.0	0.058	0.087	4	3.63548172142	0.123544636292	13.7242609675
pcho_X	20.0	0.058	0.087	5	3.64077760876	0.403031594086	-2.67080172169
pcho_X	20.0	0.058	0.087	6	3.64023290755	0.0212861836964	195.270414106
pcho_X	20.0	0.058	0.087	7	3.64132425072	0.0207711306428	89.1546880928
pcho_X	20.0	0.058	0.087	8	3.64639543923	0.120060204871	-19.9311072045
pcho_X	20.0	0.058	0.087	9	3.64639322669	0.00821188811046	201.638314889
pcho_X	20.0	0.058	0.087	10	3.64814415526	0.0962429047889	-27.3430349734
pcho_X	20.0	0.058	0.087	11	3.65277109874	0.467530783139	-37.0953334068
pcho_X	20.0	0.058	0.087	12	3.71397221198	0.000797750415719	44.0481944136
pcho_X	20.0	0.058	0.087	13	4.20855157063	0.00106779741898	-56.5656095226
pcho_X	20.0	0.058	0.087	14	4.25407919236	0.0869876609122	36.6317421569
pcho_X	20.0	0.058	0.087	15	4.25870254849	0.018335537529	21.9736500378
pcho_X	20.0	0.058	0.087	16	4.26079165522	0.11099739129	32.3372641539
pcho_X	20.0	0.058	0.087	17	4.26683242291	0.210009601384	18.7248598766
pcho_X	20.0	0.058	0.087	18	4.26977701336	0.0380120624793	139.317886775
pcho_X	20.0	0.058	0.087	19	4.2728022027	0.163926443758	-0.693977610618
pcho_X	20.0	0.058	0.087	20	4.27437741655	0.00882507483411	6.82779420115
pcho_X	20.0	0.058	0.087	21	4.27612573584	0.0157977279423	-21.7854526879
pcho_X	20.0	0.058	0.087	22	4.27655798585	0.086879081848	36.9362381383
pcho_X	20.0	0.058	0.087	23	4.27829114345	0.145021634842	-24.7622865943
pcho_X	20.0	0.058	0.087	24	4.2803916472	0.0762780882033	-1.41233972431
pcho_X	20.0	0.058	0.087	25	4.28171712345	0.026897724615	79.097099853
pcho_X	20.0	0.058	0.087	26	4.28327646046	0.110844392545	32.5985955225
pcho_X	20.0	0.058	0.087	27	4.28477036121	0.10481118188	-34.6876716114
pcho_X	20.0	0.058	0.087	28	4.28822273993	0.123542189043	-0.891102700647
pcho_X	20.0	0.058	0.087	29	4.28704025753	0.0147423353857	145.114113469
pcho_X	20.0	0.058	0.087	30	4.28974846876	0.0239851175796	16.7201234548
pcho_X	20.0	0.058	0.087	31	4.29152170238	0.0815878304263	-39.4015643935
pcho_X	20.0	0.058	0.087	32	4.29348838308	0.0192992304534	162.367262219
pcho_X	20.0	0.058	0.087	33	4.29366174995	0.00286820394711	91.1709389627
pcho_X	20.0	0.058	0.087	34	4.29510572648	0.121480662645	-7.40384350428
pcho_X	20.0	0.058	0.087	35	4.30044323366	0.104990800317	-34.8293156194
pcho_X	20.0	0.058	0.087	36	4.3024096743	0.0176636277536	-24.1979305074
pcho_X	20.0	0.058	0.087	37	4.30719444289	0.0817520339557	-39.5407806332
pcho_X	20.0	0.058	0.087	38	4.35493491732	0.00168796829609	161.680593167
pcho_N(CH3)3_a	20.0	0.058	0.121	0	3.20667495668	1.43191955607	-2.33931623877
pcho_N(CH3)3_a	20.0	0.058	0.121	1	3.20833555197	0.241378520527	145.304480081
pcho_N(CH3)3_a	20.0	0.058	0.121	2	3.20899905706	0.046861188918	-53.3047805121
pcho_N(CH3)3_a	20.0	0.058	0.121	3	3.20844025759	0.205462753921	135.071072187
pcho_N(CH3)3_a	20.0	0.058	0.121	4	3.20898712573	0.124110107091	251.181863065
pcho_N(CH3)3_a	20.0	0.058	0.121	5	3.20873488986	0.214235156953	71.494056383
pcho_N(CH3)3_a	20.0	0.058	0.121	6	3.20900823307	0.110434914121	190.241363224
pcho_N(CH3)3_a	20.0	0.058	0.121	7	3.20942419801	0.202197984858	0.511425720985
scyllo-inositol	20.0	0.044	0.087	0	3.34	5.99752106721	-3.0302804622
taurine	20.0	0.117	0.085	0	3.22786413981	0.215450688001	-0.0367634648214
taurine	20.0	0.117	0.085	1	3.22953240332	0.207414987729	0.805399066818
taurine	20.0	0.117	0.085	2	3.24508072342	0.982257159105	-4.90417995111
taurine	20.0	0.117	0.085	3	3.24725628213	0.0218961898633	-3.90983840013
taurine	20.0	0.117	0.085	4	3.26153884352	0.568457127562	-16.422588456
taurine	20.0	0.117	0.085	5	3.40496112073	0.569147774	10.4329159357
taurine	20.0	0.117	0.085	6	3.42137165152	1.00457496796	-1.17225153011
taurine	20.0	0.117	0.085	7	3.43696773629	0.207360381993	-6.89592430437
taurine	20.0	0.117	0.085	8	3.43863572058	0.215324957958	-6.09035599264
pcr_X	20.0	0.422	0.081	0	3.93	1.99972121346	-1.79434997989
peth	20.0	0.126	0.087	0	3.20333998265	0.413405974485	37.0498882733
peth	20.0	0.126	0.087	1	3.20324494165	0.0162441537754	-19.6476604953
peth	20.0	0.126	0.087	2	3.20343488759	0.0079670196476	224.159412251
peth	20.0	0.126	0.087	3	3.21112152936	0.212345410406	13.3051694931
peth	20.0	0.126	0.087	4	3.21130350318	0.00859472393897	-59.987986848
peth	20.0	0.126	0.087	5	3.21578979538	0.402714566343	-4.24876562727
peth	20.0	0.126	0.087	6	3.21547194427	0.00125782427485	-75.0639104876
peth	20.0	0.126	0.087	7	3.21612334552	0.00883597356119	63.2835355135
peth	20.0	0.126	0.087	8	3.22062984739	0.0114166278187	74.4426366663
peth	20.0	0.126	0.087	9	3.22081232485	0.209800981491	-18.599497329
peth	20.0	0.126	0.087	10	3.22100249815	0.016042361774	266.778931814
peth	20.0	0.126	0.087	11	3.22841976823	0.450002463358	-43.9905400539
peth	20.0	0.126	0.087	12	3.22850313322	0.00727747388485	31.8652482909
peth	20.0	0.126	0.087	13	3.28925229813	0.000644826141389	209.626650242
peth	20.0	0.126	0.087	14	3.91091033866	0.000875812637338	205.064602423
peth	20.0	0.126	0.087	15	3.95443797957	0.172076024474	37.7426603959
peth	20.0	0.126	0.087	16	3.95640924831	0.0860237079392	37.7192595935
peth	20.0	0.126	0.087	17	3.96204888832	0.0840013019147	13.7474654749
peth	20.0	0.126	0.087	18	3.96402097535	0.041999065376	13.7405951088
peth	20.0	0.126	0.087	19	3.96707184591	0.161102978498	-0.688976898259
peth	20.0	0.126	0.087	20	3.96904285026	0.0805590876031	-0.678602606426
peth	20.0	0.126	0.087	21	3.97173948962	0.0883429236792	-17.1905674676
peth	20.0	0.126	0.087	22	3.97165950357	0.0102211038038	187.430944631
peth	20.0	0.126	0.087	23	3.97371023435	0.17187131479	37.49665378
peth	20.0	0.126	0.087	24	3.97370476932	0.0413060024815	-17.2128476957
peth	20.0	0.126	0.087	25	3.9795160566	0.167904843314	-41.897798148
peth	20.0	0.126	0.087	26	3.97953764324	0.00691078473913	65.9349672793
peth	20.0	0.126	0.087	27	3.981323441	0.0839893550271	13.6623022026
peth	20.0	0.126	0.087	28	3.98149250328	0.0827563578095	-42.0120743233
peth	20.0	0.126	0.087	29	3.9840473668	0.00685555897127	232.207633382
peth	20.0	0.126	0.087	30	3.98629984289	0.165611180575	-0.974520159975
peth	20.0	0.126	0.087	31	3.98885165446	0.00717529068761	36.0286960428
peth	20.0	0.126	0.087	32	3.98923663821	0.00413743292158	-77.3855572108
peth	20.0	0.126	0.087	33	3.99100850836	0.0826372694657	-17.1004689833
peth	20.0	0.126	0.087	34	3.99681627887	0.0304097725417	152.20971322
peth	20.0	0.126	0.087	35	3.99879393982	0.165488965394	-41.7699968549
