    4096
       1
  0.000166400
      400.170
       1
/Users/amyschranz/Desk170622_02/Metab.fid
Jun 22 2017
MachS=0 ConvS=1.00e-05 V1=2.000 V2=6.000 V3=3.000 vtheta=0.0
TE=0.100 s TM=0.080 s P1=0.28159 P2=0.05028 P3=-0.20000 Gain=58.00
SIMULTANEOUS
      0.00000
EMPTY
     0.289436
     0.259427
     0.354121
     0.447994
    0.0437494
     0.439418
   -0.0922053
     0.307166
    -0.190607
     0.180602
    -0.166162
     0.143092
    -0.182576
    0.0514348
    -0.152850
   0.00323366
    -0.145346
   -0.0406148
   -0.0402250
    -0.109895
   -0.0182485
    -0.119629
    0.0730460
   -0.0562415
    0.0443723
   -0.0121279
    0.0271938
    0.0396903
   -0.0357666
    0.0591930
   -0.0724232
   -0.0151906
   -0.0372130
   -0.0830471
    0.0249336
   -0.0604661
    0.0304765
  -0.00717058
    0.0282630
    0.0201826
   0.00322597
   -0.0108289
    0.0165631
   -0.0354304
    0.0479487
  -0.00330114
    0.0581952
    0.0317442
   -0.0111962
    0.0274983
   -0.0567859
   -0.0199845
   -0.0199152
   -0.0402741
    0.0216917
  -0.00525851
    0.0295470
   0.00648563
    0.0128263
    0.0169323
  -0.00957151
   0.00683605
   -0.0173482
  0.000432025
   0.00260804
    0.0263491
    0.0184467
    0.0226528
    0.0431287
   0.00805066
    0.0102171
 -0.000706272
   -0.0258383
   0.00790865
   -0.0219010
   0.00116070
   -0.0245603
  -0.00198632
  -0.00484064
  -0.00590295
   0.00377426
    0.0145389
  -0.00951171
    0.0336176
   -0.0387295
    0.0223222
   -0.0441888
   -0.0281780
 -0.000636444
   -0.0629115
    0.0440507
   -0.0266906
    0.0424797
    0.0270899
 -0.000734476
    0.0583876
   -0.0206954
    0.0363715
   -0.0301372
   -0.0147294
   -0.0247247
   -0.0283926
   0.00358229
   0.00241824
    0.0116102
    0.0176409
   0.00247565
   0.00575939
    0.0176302
  -0.00475795
   0.00221848
  -0.00451793
  -0.00407855
   0.00532767
   -0.0131612
    0.0336011
   -0.0260037
    0.0219670
   -0.0382392
  -0.00472523
   -0.0308343
   -0.0285673
  -0.00522160
   -0.0487486
    0.0532841
   -0.0473688
    0.0728830
   0.00343280
    0.0442896
    0.0414775
  -0.00681544
    0.0439985
   -0.0196692
    0.0415027
   -0.0323434
    0.0435807
   -0.0557734
    0.0162768
   -0.0596437
   -0.0178401
   -0.0428237
   -0.0477961
   -0.0210329
   -0.0525116
    0.0298997
   -0.0391012
    0.0397318
  -0.00634041
    0.0384841
    0.0235098
    0.0300095
    0.0367895
   0.00112009
    0.0410712
   -0.0366699
    0.0170168
   -0.0762717
   -0.0220528
   -0.0507771
   -0.0523958
   -0.0119981
   -0.0505806
    0.0128682
   -0.0480308
    0.0263051
   -0.0577038
    0.0626704
   -0.0481043
    0.0697074
   0.00122526
    0.0590048
    0.0664881
    0.0210208
    0.0722769
   -0.0290616
    0.0552240
   -0.0388459
    0.0245904
   -0.0182447
   0.00828029
  -0.00890367
  -0.00634416
  -0.00400532
   -0.0154127
   -0.0256835
  -0.00443957
   -0.0423754
  -0.00868499
   -0.0248970
   -0.0177013
  -0.00135567
   -0.0311179
    0.0142906
   -0.0336634
    0.0195667
   -0.0127710
   0.00521088
   -0.0111149
   0.00908086
   0.00355269
    0.0122889
   0.00779915
    0.0229976
  0.000489704
    0.0203617
    0.0184794
    0.0153294
    0.0362341
    0.0127294
    0.0264297
  -0.00404869
    0.0156191
  -0.00895343
  -0.00311728
 -0.000357233
   0.00238019
   0.00911198
   0.00735182
  -0.00789274
    0.0134454
   -0.0212774
   0.00549108
   -0.0111319
   -0.0337163
  0.000647560
   -0.0356213
    0.0145420
   -0.0168803
   0.00280982
  -0.00460262
  -0.00103936
   -0.0115322
  -0.00281712
   -0.0326487
   -0.0101674
   -0.0299085
    0.0167766
   -0.0168319
    0.0243838
  0.000770179
    0.0198338
    0.0245082
  -0.00784964
    0.0343253
   -0.0254951
    0.0226492
   -0.0185455
   0.00183493
   -0.0131702
   -0.0131147
  -0.00498627
   -0.0200453
  -0.00301902
   -0.0188575
   0.00554931
   -0.0177800
    0.0102352
   -0.0312911
    0.0322547
   -0.0228208
    0.0404738
  -0.00380290
    0.0120881
    0.0124783
  -0.00722781
    0.0207234
   -0.0280383
   0.00891671
   -0.0319990
  -0.00732953
   0.00331674
   -0.0153832
    0.0112901
   0.00714699
    0.0150508
    0.0208771
   -0.0100850
    0.0265993
   -0.0195024
    0.0260880
   -0.0363397
    0.0148668
   -0.0227880
   0.00145935
   -0.0175382
  -0.00808074
  -0.00994039
   -0.0143199
  -0.00806247
   -0.0217613
   0.00769743
   -0.0268254
    0.0300219
   -0.0305029
    0.0536796
   -0.0139522
    0.0463955
    0.0165425
    0.0266978
    0.0343418
  -0.00674591
    0.0323647
   -0.0321303
    0.0180019
   -0.0217100
  -0.00293040
   -0.0240877
   -0.0165456
   -0.0129269
   -0.0286027
  -0.00631000
   -0.0319308
   0.00862760
   -0.0315810
    0.0241799
   -0.0171482
    0.0265292
  -0.00588683
   0.00493364
   0.00555122
  -0.00467381
 -0.000614556
  0.000425961
   0.00203324
   0.00109189
  0.000335713
 -5.67617e-05
   -0.0166182
   0.00217192
   -0.0130755
   0.00404889
   0.00166239
  -0.00383587
    0.0103399
  -0.00784702
    0.0145901
  -0.00285048
    0.0105677
   -0.0112354
   0.00489907
   0.00477221
    0.0157423
 -0.000288733
   0.00997864
  -0.00721077
  -0.00930101
   0.00334162
   -0.0221595
   0.00500639
   -0.0200870
    0.0143076
  -0.00487464
    0.0130933
    0.0155133
   0.00907672
    0.0161443
 -0.000578747
   0.00269442
   0.00319832
  -0.00125968
  0.000490397
   -0.0159930
   0.00216201
   -0.0223872
   0.00729131
  -0.00680067
   0.00788727
   0.00161256
    0.0157206
   0.00538986
   0.00775390
   0.00372775
    0.0104963
    0.0148490
  -0.00579552
    0.0110756
  -0.00226935
    0.0228649
   -0.0203057
    0.0160704
   -0.0325004
   0.00707853
   -0.0217811
  -0.00766731
   -0.0102062
   -0.0159802
   0.00937194
  -0.00578860
    0.0110259
  -0.00478768
   0.00954504
   0.00958617
 -0.000871536
   0.00638298
   0.00449088
   0.00786107
   0.00342215
    0.0134169
  -0.00565918
  -0.00428005
   0.00312720
   0.00349718
  -0.00514108
   0.00720548
   0.00385238
  -0.00770633
   0.00940079
  -0.00924560
   0.00564481
 -0.000801563
    0.0118072
  -0.00917486
 -0.000519579
   -0.0110684
  -0.00543592
  -0.00945906
  -0.00144277
  -0.00936811
    0.0147919
  -0.00665924
    0.0117015
  -0.00529916
    0.0100361
   0.00212815
  -0.00344005
   0.00436080
  -0.00714201
   0.00413330
  7.20965e-05
  0.000667715
  -0.00206786
  -0.00438885
  -0.00964486
   0.00172111
   -0.0106825
    0.0104908
   -0.0107992
  -0.00139348
  -0.00547018
  -0.00511125
   0.00140610
  0.000771513
   0.00579632
   0.00481134
  -0.00121826
   0.00743464
  -0.00439478
   0.00793561
   -0.0123496
  -0.00340361
   -0.0117193
   -0.0108796
  -0.00298732
  -0.00626322
   0.00352714
  0.000940675
    0.0237775
   0.00366232
    0.0117069
   0.00757365
    0.0125476
    0.0111597
   0.00880086
   0.00473857
   0.00711232
    0.0133509
  -0.00646788
   0.00676472
  -0.00696696
    0.0118257
  -0.00348971
   0.00708119
  -0.00782781
  -0.00431650
    0.0108564
  -0.00176108
   0.00802915
  -0.00424983
    0.0132228
   0.00408201
   0.00554106
   0.00438891
   0.00514726
   0.00552971
   0.00190356
   0.00394438
  -0.00754844
   0.00347863
   0.00380124
  0.000289599
 -0.000496019
  -0.00686729
  -0.00271883
  -0.00132862
 -0.000960715
   -0.0130585
   0.00996422
  -0.00936926
   0.00909204
   -0.0123926
    0.0102951
  -0.00285520
   0.00624491
   0.00912872
  0.000467172
  -0.00168841
  -0.00531690
  -0.00266253
 -0.000722384
   0.00289978
   0.00188742
  -0.00282218
  -0.00271808
 -0.000414561
    0.0121512
   0.00795980
   0.00291154
 -0.000157836
   0.00705703
 -0.000888428
    0.0103506
    0.0149800
 -0.000702834
   0.00812719
   0.00134389
   0.00593082
  -0.00534259
   0.00902548
   0.00120410
   0.00157027
    0.0114625
  0.000798696
   0.00902255
   0.00226057
    0.0155291
   0.00394087
   0.00870895
  0.000348085
 -0.000176589
   0.00717929
  -0.00232477
   0.00536516
   0.00864088
   0.00237077
  -0.00167592
    0.0142764
   0.00330062
   0.00365703
   0.00269111
  -0.00653939
   0.00138698
   0.00571529
    0.0104056
   0.00199656
   0.00701511
  -0.00878796
    0.0125555
   0.00891561
   0.00383307
   0.00464155
    0.0126468
   0.00330939
  -0.00340164
   0.00144212
   0.00639002
  -0.00209762
   0.00748357
   -0.0132202
   0.00621762
  -0.00388772
  0.000271769
  -0.00204360
    0.0110222
  9.03959e-06
 -0.000993061
  -0.00771551
  -0.00545219
  -0.00388480
  0.000291145
 -0.000362992
  -0.00292588
  -0.00883698
  -0.00301725
   0.00147017
   0.00562494
  -0.00173363
  -0.00758404
   0.00393173
   0.00204964
  -0.00459132
  -0.00260778
  -0.00296823
 -0.000520764
  -0.00313829
 -0.000480457
   0.00956740
  -0.00323779
    0.0113575
   -0.0116607
  -0.00361908
  -0.00425898
 -0.000182096
  0.000140272
  0.000448065
  -0.00513114
  -0.00252027
 -0.000153744
  -0.00465907
   0.00289530
  -0.00831436
   0.00615859
 -0.000842037
    0.0120491
  -0.00117863
   0.00323916
   0.00427612
   0.00730440
  0.000778422
  0.000559976
   0.00421029
   0.00680113
   0.00167634
    0.0115369
   0.00187409
   0.00197516
  -0.00136367
   0.00166391
   0.00140480
  -0.00238958
   0.00362737
  -0.00104458
   0.00543274
  -0.00321738
   0.00413072
  -0.00444969
  -0.00411905
  -0.00673374
  -0.00121998
  -0.00646331
  -0.00638094
   0.00232361
  -0.00839935
   0.00281699
  -0.00657990
   0.00218886
  -0.00751601
  -0.00213799
  0.000938386
   0.00380467
  -0.00456218
  -0.00852890
   0.00294141
  -0.00289142
 -0.000200799
  -0.00204378
   0.00189305
  -0.00570591
   0.00146667
  -0.00308449
  -0.00538357
  -0.00916783
  -0.00589278
  0.000522873
  -0.00292103
    0.0100478
  -0.00343187
   0.00146789
  -0.00163424
   0.00149214
  -0.00111150
  0.000136609
  -0.00632415
 -0.000961382
  -0.00190167
  0.000754162
  0.000560061
  -0.00268558
  0.000624709
  -0.00547954
    0.0117187
   0.00181934
   0.00277535
  -0.00793683
   0.00777717
  -0.00832679
   0.00150786
   0.00140834
   0.00109496
   0.00198357
 -0.000891734
  0.000283349
   0.00347563
    0.0114800
  -0.00303318
 -0.000413242
  -0.00233801
  -0.00662931
   0.00301547
   0.00807857
   0.00851908
   0.00743565
   0.00791719
   0.00609824
   0.00364193
  0.000655388
  -0.00580435
  -0.00578050
  -0.00294701
  0.000529827
  -0.00407929
  0.000445981
  -0.00137855
   0.00205053
   0.00179372
  -0.00482821
   0.00204034
  -0.00549146
   0.00610364
   0.00562918
   0.00970477
  -0.00168763
  -0.00717039
  -0.00498198
  -0.00122377
 -8.95064e-05
 -0.000429963
   0.00963355
 -0.000370187
  0.000706134
   0.00582147
  -0.00693210
  0.000586089
  -0.00514111
  -0.00193235
 -0.000431259
  -0.00248674
 -0.000541749
  -0.00263380
  -0.00103476
   0.00332010
  0.000975923
  0.000782684
   0.00182213
   0.00528659
  -0.00945904
  -0.00323159
 -0.000685322
   0.00903074
 -0.000867731
   0.00455942
  -0.00121764
  -0.00614432
   0.00382949
   0.00287263
  -0.00120356
  -0.00215277
  -0.00530388
   0.00101704
   0.00489483
  0.000655379
   0.00191986
   0.00642293
  0.000770185
  -0.00403254
   0.00476869
  -0.00390664
  -0.00126227
   0.00884516
   0.00478023
   0.00359306
   0.00281143
  -0.00457982
   0.00500060
   0.00998667
  -0.00148788
   0.00506112
   0.00248567
   0.00766384
  0.000279051
 -0.000192539
   0.00242808
   0.00386956
   0.00177173
   0.00231791
  -0.00591539
   0.00113740
  -0.00512917
   0.00971913
  -0.00714419
   0.00523673
  -0.00555360
  -0.00211607
  0.000280647
   0.00577128
  -0.00638154
  -0.00345687
  0.000220226
  0.000206438
   0.00833368
   0.00177225
   0.00219837
   0.00219620
 -0.000198099
   0.00298091
   0.00216082
   0.00306320
  0.000252808
   0.00398278
  -0.00284553
   0.00744381
 -9.66942e-05
  0.000541607
  -0.00631510
   0.00586206
  -0.00270380
   0.00555313
  -0.00100304
  5.03614e-05
  -0.00326577
   0.00355297
  -0.00348159
   0.00368407
  0.000876863
   0.00494129
  -0.00223265
   0.00350218
   0.00374904
   0.00664070
  -0.00142039
   0.00407368
   0.00441536
  -0.00443276
   0.00554074
  -0.00380480
   0.00253920
   0.00419681
  -0.00213375
  -0.00277849
  -0.00309894
   0.00623287
  -0.00309728
   0.00588116
   0.00781576
   0.00304695
   0.00187883
   0.00292381
  0.000141009
   0.00912616
 -0.000583942
 -0.000276092
 -1.60411e-05
   0.00304751
    0.0114317
   0.00324660
  -0.00817890
  -0.00492757
  -0.00590609
   0.00748640
   0.00330422
   0.00765561
  -0.00242628
   0.00579259
  -0.00110728
  -0.00424098
  0.000462873
  -0.00314103
  -0.00104094
  0.000797011
  -0.00378603
   0.00447003
  -0.00121926
   0.00115948
   0.00908411
   0.00325931
  -0.00193907
   0.00752741
   0.00350480
   0.00868614
  -0.00171090
 -0.000355725
   0.00157914
   0.00954700
   0.00327765
   0.00280233
  -0.00460853
  0.000630274
   0.00373686
   0.00954868
 -0.000579573
   0.00253866
  0.000259147
   0.00364303
  -0.00141300
   0.00510605
  -0.00268371
  -0.00641117
  -0.00852566
 -0.000958202
  -0.00127642
   0.00146034
   0.00217220
  -0.00621335
   0.00632772
   0.00688994
   0.00595274
   0.00688668
   0.00399946
   0.00158881
  -0.00380662
   0.00264563
   0.00120159
   0.00109100
  -0.00146207
 -0.000345495
  -0.00107917
  -0.00494453
  -0.00242188
    0.0106373
  -0.00249932
  0.000902208
   0.00288516
  0.000294455
   0.00212015
  -0.00734620
   0.00339104
   0.00293526
   0.00126057
   0.00404370
  -0.00396256
   0.00183370
  -0.00835977
  -0.00222047
   0.00613438
  0.000189141
   0.00512800
   0.00226211
 -0.000888356
  -0.00119377
   0.00252038
   0.00574494
  -0.00252673
  -0.00722809
   0.00259830
   0.00377175
   0.00747495
   0.00257957
   0.00520435
   0.00252404
 -0.000784496
   0.00444849
  -0.00726301
   0.00304214
 -0.000614297
  -0.00370280
 -8.32954e-05
   0.00259481
 -0.000334632
  -0.00309622
  -0.00491924
   0.00393941
   0.00945350
   0.00421707
 -0.000978603
   0.00458741
   0.00643891
   0.00515939
   0.00316004
   0.00799573
   0.00234577
    0.0109352
   0.00106834
  -0.00299698
  0.000789284
  0.000769056
  -0.00520174
   0.00497163
  -0.00159669
   0.00158557
   0.00237038
  0.000770851
 -0.000566825
   0.00976084
  -0.00437371
  -0.00195417
   0.00817342
  -0.00557525
   0.00229412
 -0.000474633
  -0.00331696
   0.00677911
   0.00778461
 -0.000531514
   0.00146022
    0.0112612
   0.00504308
   0.00372576
   0.00261367
  -0.00378347
   0.00274020
  -0.00502488
   0.00241737
  -0.00222423
  -0.00114303
   0.00333424
   0.00199730
 -0.000246364
   0.00345185
   0.00890446
  -0.00254194
  -0.00305147
  -0.00721441
  -0.00163472
  0.000478950
    0.0115715
 -0.000849230
 -0.000428888
   0.00178941
   0.00677942
   0.00669055
   0.00195781
   0.00143672
  -0.00219228
 -0.000476577
  0.000834021
  -0.00476818
    0.0136273
  -0.00433298
 -0.000640109
   0.00205175
   0.00379567
   0.00438316
    0.0116306
  -0.00106194
   0.00487471
  -0.00235222
  -0.00314421
    0.0102601
   0.00344274
  0.000576159
   0.00276745
   0.00492228
  -0.00213410
   0.00887654
  -0.00515759
  0.000314784
  -0.00249610
   0.00920699
  5.94875e-05
  -0.00167817
   0.00228318
  -0.00168399
  2.67376e-05
  -0.00195960
   0.00550047
 -0.000674981
  -0.00459756
   0.00122193
  -0.00505709
   0.00268702
  -0.00823156
  -0.00328706
 -0.000385433
   0.00281533
  0.000644941
   0.00492740
  -0.00204914
   0.00143430
  0.000779515
   0.00814759
  -0.00516331
   0.00414829
  -0.00454112
   0.00999376
  -0.00505004
   0.00610488
  -0.00201322
   0.00357154
  -0.00123298
    0.0110602
   0.00587428
  0.000980895
  -0.00220224
   0.00579649
   0.00184269
   0.00228791
 -0.000938529
  4.14560e-06
   0.00352245
 -0.000891500
  -0.00134741
  -0.00386893
   0.00441582
 -0.000798130
  0.000776848
  0.000998166
   0.00214625
  -0.00426301
  0.000862603
  -0.00297599
  -0.00766354
  -0.00197973
  -0.00762031
 -7.79112e-05
   0.00137407
   0.00203255
  -0.00387094
  -0.00514441
  -0.00180977
  0.000656822
 -0.000625926
  -0.00351202
  -0.00264930
  -0.00346470
   0.00128670
   0.00328819
 -0.000339399
  -0.00329588
   0.00251203
  -0.00619136
  -0.00672666
  -0.00451963
 -8.03738e-05
   0.00203601
  -0.00682549
   0.00625659
  -0.00127739
   -0.0106067
  -0.00753241
   0.00458810
   0.00387996
   0.00490636
 -0.000455879
  -0.00203335
  -0.00517761
   0.00255437
   0.00403302
  -0.00609607
   0.00180064
   0.00140216
  -0.00169871
   0.00383441
  -0.00859423
  -0.00552442
  -0.00802272
   0.00379237
  -0.00570516
  -0.00553823
   0.00864937
   0.00176627
  -0.00278304
   0.00829157
  0.000401161
   0.00902768
  -0.00304723
  -0.00552816
  -0.00615183
   0.00199795
   0.00646722
    0.0106413
  -0.00552470
 -0.000224947
  -0.00235376
   0.00103796
  -0.00743041
  -0.00488920
  -0.00418880
   0.00507875
   0.00242021
  -0.00188756
  0.000941117
  0.000296522
  -0.00922690
   0.00245146
   -0.0126570
   0.00223234
   0.00687452
    0.0103035
  -0.00801802
    0.0125135
  0.000719775
  -0.00120586
  -0.00268973
 -0.000331581
  -0.00149372
   0.00605164
  -0.00233278
  0.000493768
  -0.00200659
  -0.00172863
  -0.00782782
   0.00468104
   0.00783498
  -0.00132187
   0.00185893
 -0.000273535
  -0.00419997
  -0.00107813
  0.000607649
  -0.00251859
   0.00371521
   0.00874035
  -0.00524121
  0.000265651
  -0.00176846
   0.00663021
  -0.00312520
  -0.00341885
  -0.00161721
  -0.00473664
  -0.00128898
 -0.000500321
  -0.00540545
  -0.00302259
   0.00257139
   0.00160404
  -0.00503473
   0.00138788
   0.00147785
   0.00433839
  -0.00480462
   0.00374504
   0.00288044
   0.00225198
  0.000970454
  -0.00274659
  -0.00136216
  -0.00689593
  -0.00767323
  -0.00505326
  -0.00438623
   0.00680614
  0.000327115
  -0.00276092
 -0.000497593
  -0.00104700
  0.000626216
  -0.00683331
   0.00101610
   0.00161781
  -0.00104306
  0.000878031
  -0.00159933
  -0.00295028
 -0.000945149
   0.00120636
  -0.00124296
  -0.00162893
 -0.000391253
   0.00116819
   0.00260008
   0.00128821
  -0.00621075
   0.00421279
  -0.00638593
   0.00349912
 -0.000765373
   0.00797739
   0.00308719
  -0.00137766
  -0.00245658
   0.00728667
   0.00132387
   0.00343795
   0.00178247
   0.00969928
  -0.00743507
  -0.00123428
   -0.0105941
   0.00832783
  -0.00317125
   0.00584241
  0.000997183
  -0.00293042
 -0.000308260
   0.00175003
   0.00429632
   0.00617247
 -0.000235961
   0.00519201
  -0.00395970
   0.00473247
  -0.00112185
   0.00631744
   0.00538075
  0.000877181
   0.00432769
   0.00307424
  -0.00613574
   0.00423794
   0.00149141
  -0.00363201
   0.00149348
  0.000906302
  -0.00287926
   0.00390320
   0.00237899
   0.00633280
   -0.0108937
  -0.00756654
  -0.00267700
 -0.000192972
 -5.70936e-05
   0.00379499
  -0.00740626
   0.00429230
   0.00843245
  0.000627227
   0.00242058
  7.69293e-05
  -0.00134473
   0.00261414
  0.000668176
  -0.00342310
  -0.00290291
   0.00116255
  -0.00214442
  -0.00143103
  9.46915e-05
   0.00252402
 -0.000185158
  0.000689896
  -0.00576001
   0.00367737
 -0.000237064
  -0.00155723
  -0.00258738
   0.00163675
  -0.00764852
  -0.00757200
  -0.00557643
  -0.00246907
  -0.00601750
   0.00235350
  -0.00528480
   0.00480511
  -0.00239840
   0.00313875
   0.00351431
  -0.00209971
   0.00146041
   0.00212374
  -0.00212748
   0.00709262
  -0.00107305
  -0.00368596
  -0.00184394
  0.000492632
  3.05281e-05
   0.00162224
  -0.00433948
 -0.000193397
  0.000145715
   0.00498111
  -0.00262991
  -0.00326732
 -0.000993315
  9.89086e-05
  -0.00606568
  -0.00513984
  -0.00261164
 -0.000609129
   0.00772769
   0.00311678
 -0.000862255
   0.00252010
  0.000373785
  -0.00193352
  -0.00105679
 -0.000732110
   0.00109076
  -0.00231369
  -0.00757836
  -0.00443254
  -0.00472265
   0.00397859
   0.00364653
  -0.00609949
   0.00157466
  -0.00121628
  -0.00118508
  -0.00259436
  0.000515027
  -0.00681816
   0.00695034
  -0.00319077
  -0.00504203
  -0.00358395
  -0.00722296
   0.00253085
  -0.00173905
  -0.00189078
  -0.00388351
  -0.00373537
  -0.00671813
  -0.00255080
 -0.000382452
   0.00324265
  -0.00292497
   0.00566831
  -0.00471838
  -0.00216964
   0.00177229
  -0.00432896
   -0.0101483
  0.000707888
  -0.00230572
  -0.00766220
  -0.00793452
  -0.00383300
  0.000943874
  9.58743e-05
   0.00387939
   0.00656783
  -0.00576567
  -0.00381393
  0.000610275
   0.00254350
   0.00404697
   0.00349372
  -0.00142092
   0.00356118
   0.00570397
  -0.00167771
  0.000977675
 -0.000571299
 -0.000450048
  -0.00248461
   0.00203543
  -0.00196233
  -0.00455320
   0.00498311
   0.00473996
   0.00101137
  -0.00158091
   0.00216696
  -0.00329340
  0.000384176
   0.00134805
   0.00131000
   0.00495196
   0.00290519
 -0.000977367
 -0.000705575
  -0.00109192
  -0.00145255
  -0.00395701
  -0.00693779
   0.00401582
   0.00364295
  -0.00369498
   0.00417213
   0.00153415
  -0.00204471
  -0.00705698
   0.00119792
  -0.00477730
  0.000864272
  0.000434457
 -0.000577675
   0.00136956
 -0.000175221
  -0.00456882
   0.00458018
  -0.00385671
  -0.00475095
   0.00220964
  -0.00126894
  0.000997754
 -0.000768912
   0.00154311
  0.000178244
   0.00206025
 -0.000109219
   0.00998295
   0.00666496
   0.00366926
   0.00929692
   0.00507847
  0.000635572
   0.00244998
   0.00471162
  -0.00467582
   0.00352062
   0.00103530
 -0.000887945
  -0.00261262
  -0.00757845
   0.00334427
  -0.00534608
 -0.000133272
   0.00237222
   0.00433552
  -0.00201730
 -0.000507459
 -0.000372279
   0.00421989
   0.00256158
  -0.00642312
 -0.000900549
   0.00381095
  -0.00299170
  -0.00503044
  -0.00541404
   0.00624007
   0.00109716
  -0.00870440
    0.0103637
  -0.00462192
  0.000737529
   0.00181728
  1.87657e-05
   0.00174591
   0.00404573
  -0.00134727
  -0.00286817
   0.00922364
   0.00134450
  -0.00247528
  -0.00216699
  -0.00389385
  -0.00234952
  0.000961178
   0.00666584
  -0.00549200
  -0.00107614
   0.00152964
  -0.00119470
  -0.00702903
  -0.00356502
  -0.00247933
  -0.00311212
  -0.00375666
  -0.00156890
  -0.00648239
 -0.000967143
  -0.00120176
 -0.000447604
   0.00122615
  0.000450876
   0.00199843
  -0.00771868
  -0.00572474
  0.000685562
  -0.00712718
   0.00379132
   0.00263624
   0.00571022
   0.00169750
  -0.00357705
  -0.00769554
  -0.00196070
   0.00155088
 -8.97764e-05
   0.00374753
   0.00144581
  0.000873261
   0.00656521
  -0.00358693
  -0.00129942
   0.00223512
  -0.00121701
  -0.00437532
   0.00411639
 -0.000265914
  0.000128593
 -0.000419411
  -0.00518363
   0.00133035
  -0.00290250
  -0.00274760
   0.00149285
  -0.00389736
   0.00105943
   0.00174393
   0.00294238
  -0.00691185
   0.00913096
  -0.00415773
  -0.00551756
  -0.00508562
 -0.000998936
  -0.00550933
   0.00307193
  0.000624373
  -0.00304795
   0.00383170
  -0.00194669
  -0.00420123
   0.00170160
  -0.00144244
   0.00374383
   0.00695893
 -0.000328994
   0.00489664
  -0.00130477
   0.00276746
   -0.0156393
   0.00202220
  -0.00686733
   0.00650379
  -0.00510769
  -0.00301076
   0.00776572
   -0.0116863
   0.00389288
   0.00823214
   0.00181265
  -0.00247725
  -0.00901217
  -0.00663553
   0.00449521
   0.00106115
   0.00237366
  -0.00590940
  -0.00286487
  -0.00334741
   0.00447566
   0.00609795
  -0.00253465
  -0.00293541
  -0.00368673
  -0.00191246
  -0.00138752
  -0.00233109
   0.00444493
   0.00208289
  -0.00205353
  -0.00510936
   0.00404890
   0.00308126
  0.000684000
   0.00369776
  0.000556612
   0.00238909
   0.00663566
   0.00723616
   0.00792019
  0.000658882
   0.00268729
  -0.00672777
  -0.00814287
  -0.00179472
  -0.00232119
   0.00351816
  -0.00338259
  -0.00180891
  0.000758914
   0.00806224
   0.00245226
  -0.00580022
  -0.00363664
   0.00130174
 -0.000624885
   0.00526611
   0.00186953
  -0.00527121
   -0.0140173
  -0.00493535
  0.000295683
  -0.00561640
   0.00281176
  0.000210599
 -0.000145928
  0.000126686
  -0.00143426
  -0.00251106
  -0.00191418
   0.00721245
  -0.00184073
  -0.00800171
 -1.20021e-05
   0.00316145
   0.00606592
  -0.00143713
   0.00256596
  -0.00451861
   0.00202311
   0.00187884
  -0.00100659
   0.00825006
   0.00221096
  -0.00264104
  -0.00207016
  -0.00353450
   0.00259912
  -0.00547730
  -0.00181922
  0.000105652
   0.00337674
  -0.00326458
  -0.00489013
   0.00352506
   0.00535701
   0.00488755
  0.000836024
  -0.00550117
  0.000454823
  -0.00544520
 -0.000987618
  -0.00872761
   0.00843173
   0.00404853
   0.00493994
 -1.07665e-05
  -0.00408695
   0.00133959
  0.000606103
   0.00409572
   0.00402605
   0.00664875
   0.00116083
   0.00303883
 -0.000446659
   0.00427200
   0.00345549
  -0.00249170
  -0.00444077
  -0.00153533
 -2.94163e-05
  -0.00844192
  -0.00562438
 -0.000553529
 -0.000910541
   0.00135085
  -0.00211179
   0.00611927
  -0.00229002
  -0.00164321
  -0.00686918
  -0.00382147
  -0.00302827
   0.00133757
 -0.000397318
  0.000833943
   0.00386462
  -0.00306936
  0.000592529
  0.000154587
  -0.00197459
  -0.00260431
  0.000383311
   0.00593384
  -0.00173267
  -0.00852704
 -0.000927436
 -0.000400988
  0.000674088
  -0.00666699
   0.00223993
  -0.00315702
  -0.00362391
   0.00128696
   0.00180649
   0.00672898
   0.00281205
  0.000214005
   0.00629368
   0.00149198
  7.03120e-05
   0.00545082
  -0.00195507
   0.00165142
  -0.00643044
  0.000902717
  0.000385211
  -0.00278832
   0.00495593
  -0.00725968
   0.00809173
  -0.00408429
  -0.00570143
   0.00140690
  -0.00168862
   0.00171298
   0.00148209
   0.00363699
   0.00243259
  -0.00780207
   0.00289683
  -0.00752320
  0.000220770
  -0.00111746
   0.00301844
   0.00114515
   0.00363787
 -0.000632392
  -0.00286987
  -0.00146104
  -0.00171371
  -0.00573373
   0.00378935
   0.00320363
   0.00171633
   0.00207912
  0.000709194
   0.00378980
  -0.00347509
   0.00572570
  0.000842449
  -0.00451120
  -0.00565818
   0.00208005
  -0.00897094
  -0.00287958
 -0.000706759
    0.0114679
  -0.00103856
  -0.00190166
  -0.00297727
   0.00135590
   0.00105117
  -0.00555544
   0.00242177
   0.00149435
  -0.00262947
   0.00527730
   0.00286140
  0.000697405
   0.00436335
  -0.00410038
   0.00803335
   0.00186987
 -0.000354599
  -0.00538290
  -0.00180348
  -0.00221277
   0.00388674
  -0.00100078
   0.00164910
  -0.00213995
  -0.00160338
   0.00385774
   0.00152928
   0.00552732
   0.00139706
 -0.000414192
   0.00107288
 -0.000950769
   0.00338667
  -0.00598042
  -0.00616461
  -0.00565417
   0.00175199
  0.000685939
  4.24499e-05
  -0.00187912
   0.00353680
 -0.000509376
  0.000846048
   0.00254920
  0.000994226
   0.00126263
  -0.00192566
   0.00287198
   0.00785737
 -0.000193691
  -0.00180272
   0.00285767
   0.00498704
   0.00957910
  -0.00530938
   0.00920759
   0.00308699
   0.00363815
   0.00218117
  -0.00310226
  0.000668196
 -0.000947637
   0.00333812
  -0.00412599
  -0.00299501
  -0.00449929
  -0.00169714
   0.00439950
   0.00284774
  -0.00258258
   0.00564864
   0.00203750
  -0.00434045
  -0.00504325
 -0.000724538
  0.000245163
  -0.00425864
 -0.000835289
  -0.00326075
   0.00898035
  -0.00131084
   0.00905902
  -0.00147287
   0.00215071
   0.00678720
  0.000602381
   0.00530140
  -0.00130395
  -0.00184625
  -0.00524528
  -0.00428577
   0.00227840
   0.00376882
   0.00273910
   0.00154448
  -0.00270519
   0.00128116
  -0.00460551
  -0.00135715
   0.00142711
   0.00281854
  0.000895631
   0.00303422
  -0.00272598
  -0.00213810
   0.00333926
  -0.00182739
   0.00107838
  -0.00344567
  0.000378383
  -0.00928195
   0.00427531
   0.00455575
   0.00274820
 -0.000701629
  0.000163062
   0.00262889
   0.00248190
   0.00483127
  -0.00101928
   0.00732352
  0.000596502
  -0.00929338
  -0.00616876
  -0.00123238
   0.00309793
   0.00362453
   0.00262260
  0.000680370
 -0.000873716
  -0.00684684
   0.00390601
   0.00559191
   0.00224183
   0.00374659
   0.00331375
  -0.00584679
   0.00226379
 -0.000208252
  -0.00340106
   0.00233421
   0.00472718
  -0.00674337
   0.00262550
  -0.00344397
   0.00315387
   0.00138844
 -0.000726710
   0.00464591
  -0.00286824
  -0.00149856
   0.00668731
  -0.00432394
   0.00236092
   0.00620375
  -0.00231338
   0.00618551
  -0.00376460
  0.000264304
 -0.000825763
  -0.00616386
  -0.00297290
  -0.00453700
 -0.000706048
 -0.000775089
 -9.52304e-05
 -0.000248126
  -0.00251147
  -0.00136709
  -0.00529177
  -0.00192199
 -0.000189130
  -0.00769982
  0.000591466
  -0.00100260
  -0.00233497
  0.000177635
  -0.00200144
   0.00606786
   0.00488606
  -0.00275395
   0.00347651
   0.00144918
  -0.00270609
   0.00296125
  -0.00461076
  0.000611269
   0.00914649
 -0.000579757
  -0.00209832
   -0.0128628
   0.00221981
   0.00851007
  6.59269e-05
  5.69314e-05
  -0.00526996
  -0.00208627
  -0.00285681
   0.00405146
  -0.00554263
  0.000864098
   0.00370860
   0.00604065
  -0.00343613
 -0.000490878
   0.00113817
   0.00117953
   0.00109450
 -0.000296103
    0.0109229
  0.000439245
   0.00337127
  -0.00987940
  -0.00294826
  -0.00191704
   0.00132627
   0.00365334
   0.00694190
   0.00404074
  0.000892609
  -0.00375286
  -0.00340960
  -0.00376145
  -0.00470973
   0.00388697
  0.000674183
  -0.00399659
  -0.00343888
   0.00440890
  0.000461077
  -0.00572356
   0.00676703
 -0.000614946
   0.00329099
 -0.000615258
  -0.00136904
   0.00522250
   0.00278894
   0.00119231
 -0.000314079
  -0.00190184
   0.00364191
   0.00325503
  -0.00116512
 -0.000580083
   0.00425183
  -0.00696920
   0.00552173
  -0.00107330
  -0.00278743
  -0.00608940
  -0.00616565
  -0.00115349
   0.00249608
 -0.000377567
   0.00575975
  0.000895356
   0.00176040
   0.00262126
   0.00167303
  -0.00344986
   0.00621965
 -7.80275e-05
 -0.000459733
  -0.00270525
   0.00215887
   0.00610746
  -0.00569853
   0.00283511
  -0.00244595
   0.00317272
  0.000524620
  -0.00471271
   0.00522619
   0.00793383
   0.00848178
  -0.00415464
   0.00245939
   0.00603886
  -0.00951495
  -0.00389666
  -0.00204423
 -0.000612198
 -0.000534448
   0.00351023
   0.00785739
 -0.000654359
  -0.00154673
   0.00524504
   0.00166020
   0.00210544
   0.00205916
   0.00815685
   0.00393914
   0.00671530
   0.00402716
  -0.00174120
   0.00724021
   0.00103734
   0.00107330
  -0.00331208
 -0.000996565
  -0.00152446
  0.000837600
   0.00279719
  -0.00328721
   0.00614887
  -0.00235901
  -0.00519443
  -0.00777181
  -0.00245470
  -0.00152964
   0.00446407
  -0.00334548
   0.00671488
   0.00734364
   0.00288872
  -0.00434227
   0.00586360
 -0.000464194
    0.0101735
   0.00404586
  -0.00428757
  0.000353895
   0.00462934
  0.000258913
   0.00252925
   0.00114391
  -0.00324987
  -0.00303313
   0.00466699
  -0.00803219
   0.00629483
  -0.00365729
  -0.00137635
   0.00453757
 -0.000465548
  -0.00701258
   0.00247724
  0.000561263
   -0.0100060
   0.00122211
   0.00101176
  -0.00203704
 -0.000578527
  0.000337839
 -0.000469847
   0.00405974
  -0.00355820
   0.00144465
   0.00380741
  -0.00502641
   0.00576100
   0.00131254
   -0.0111994
  -0.00327749
   0.00591016
  -0.00775749
  -0.00249826
  -0.00117846
    0.0101273
   0.00686460
  -0.00108306
   0.00772670
   0.00558056
  -0.00157016
  -0.00450480
   0.00225802
  -0.00131716
  -0.00129177
 -0.000780501
  0.000194457
  -0.00532482
   0.00192070
 -0.000568117
  -0.00449805
   0.00739862
   0.00298019
  -0.00523260
   0.00327844
   0.00824123
 -0.000434315
   0.00292407
   0.00442593
   0.00457796
   0.00111118
   0.00763787
   0.00479142
  0.000317788
  -0.00231635
 -0.000785280
   0.00348486
    0.0105997
   0.00397705
  -0.00354939
 -0.000241792
  -0.00227844
  -0.00174967
   0.00190852
  -0.00175057
   0.00106848
   0.00383750
  -0.00570355
  -0.00477344
   0.00781841
   0.00284860
   0.00793635
   0.00355964
  0.000185278
   0.00670267
   0.00450418
   0.00772170
  -0.00276594
   0.00542571
  -0.00241609
  0.000562724
  0.000833738
  -0.00464727
   0.00305155
   0.00555574
   0.00665336
  0.000174752
  -0.00116584
  6.67803e-05
  -0.00700305
    0.0105148
   0.00155773
 -0.000386097
   0.00713651
  -0.00173800
  -0.00608172
  -0.00115587
 -0.000337960
   0.00246328
   0.00299680
   0.00324344
  -0.00871743
   0.00224062
   0.00749435
   0.00398181
   0.00590015
  -0.00429998
 -0.000793029
  -0.00417676
  -0.00232518
  -0.00386353
   0.00263469
   0.00159572
   0.00670958
   0.00125498
   -0.0117335
   0.00536425
  -0.00775358
   0.00740351
   0.00349537
   0.00741477
   0.00101933
   0.00111302
   0.00185931
   0.00306826
  -0.00527969
   0.00343547
   -0.0132087
   0.00880167
  0.000992361
   0.00328786
   0.00268141
   0.00223103
  -0.00287154
  -0.00115782
   0.00127252
   0.00463233
  -0.00269944
   0.00515146
   0.00244460
  -0.00328443
   0.00384563
   0.00374567
   0.00689165
   0.00202574
   0.00461266
  -0.00977120
   0.00105367
   0.00421386
  -0.00587434
   0.00550690
  -0.00312636
   0.00468194
   0.00549862
  -0.00411201
  -0.00496942
  -0.00395796
   0.00200752
  -0.00514890
   0.00683445
  0.000505173
  -0.00298964
  -0.00642475
  0.000650268
   0.00995133
   0.00151217
   0.00689543
   0.00124907
   -0.0100305
  0.000984974
  -0.00403836
  -0.00138412
  -0.00181523
   0.00115480
  -0.00274108
  -0.00146427
   0.00877708
  0.000767663
  -0.00170174
  -0.00228440
   0.00284245
   0.00553655
   0.00145965
   0.00647452
 -5.11516e-05
  0.000504491
   0.00550105
   0.00454148
 -0.000509756
   0.00234550
  -0.00701156
  -0.00323147
  -0.00703737
  -0.00413643
 -0.000713185
   0.00325264
   0.00103100
  -0.00171129
  -0.00575783
   0.00297279
  -0.00492666
   0.00292487
   0.00317349
   0.00282096
  -0.00542237
   0.00669705
  -0.00460924
   0.00375215
   0.00122586
  -0.00162276
   0.00384195
   0.00388634
   0.00921703
   0.00243043
  -0.00508491
  -0.00136148
  -0.00344285
 -0.000701397
   0.00122620
  -0.00316433
 -0.000629753
   0.00618873
 -8.77117e-05
 -0.000339222
  -0.00233568
  0.000464811
  -0.00694164
  0.000897834
  -0.00210861
 -0.000578150
  -0.00364058
  -0.00118114
  -0.00408455
  -0.00235614
   0.00123248
  -0.00155714
   0.00183653
  2.88611e-05
  0.000441586
  -0.00631315
  -0.00330235
   0.00120784
  -0.00631927
  -0.00206017
   0.00219882
   0.00141181
  0.000644912
  -0.00117320
  -0.00190099
  -0.00505520
  -0.00272488
   0.00343880
   0.00230223
   0.00152782
  5.83393e-05
   0.00569585
   0.00202846
 -6.81154e-05
  -0.00177242
   0.00651993
  -0.00312029
   0.00135299
  -0.00667116
   0.00158705
   0.00439796
  -0.00106288
  -0.00434591
  -0.00151480
  -0.00410780
  -0.00505971
   0.00151130
  -0.00189562
  -0.00431260
   0.00482149
   0.00628748
 -0.000572404
  -0.00795845
  -0.00285429
  -0.00389238
  -0.00300118
  -0.00293032
  -0.00418006
  -0.00108427
   0.00142004
   0.00385677
  0.000141148
  -0.00665320
  -0.00350376
  -0.00206418
  -0.00522467
  -0.00341317
   -0.0113386
  -0.00559416
  1.74968e-05
  -0.00565717
 -0.000676430
  -0.00360917
   0.00200764
  -0.00327518
  -0.00182230
   0.00496782
 -0.000758253
   0.00830081
  -0.00636721
   0.00591382
   0.00293882
  -0.00130618
  -0.00424315
   0.00835983
  -0.00947213
   0.00315084
  -0.00974811
   0.00379685
  0.000960911
 -0.000201127
   0.00661193
  -0.00506110
   0.00226495
  -0.00472207
   0.00615298
  -0.00208603
  -0.00329600
  -0.00220798
  -0.00197797
   0.00101607
  -0.00510693
  -0.00130487
   0.00185910
   0.00204418
   0.00150215
   0.00296624
   0.00609719
  -0.00134370
   0.00213625
   0.00610436
   0.00285531
   0.00205341
  -0.00849662
 -0.000392533
  -0.00706853
  0.000394515
   0.00689655
  -0.00291344
   0.00147164
 -0.000683396
  0.000892728
  -0.00458236
   0.00184082
  0.000721670
  -0.00494009
  -0.00190031
  -0.00676000
 -0.000359297
  -0.00324591
  -0.00102629
  -0.00362281
   0.00167971
  -0.00213073
   0.00349270
   0.00360136
   0.00777168
  -0.00933555
   0.00645566
  -0.00368148
   0.00422264
 -0.000559408
   0.00478361
   0.00650065
  -0.00641042
   0.00834671
   0.00652555
   0.00397976
  -0.00655848
  -0.00448319
  -0.00128151
   0.00227284
 -0.000831544
   0.00786688
   0.00227442
  -0.00434009
  0.000844397
  -0.00408306
  7.73751e-05
  -0.00345104
   0.00564736
 -0.000152018
  -0.00563166
  -0.00668400
  -0.00214667
  -0.00675898
   0.00171233
 -0.000740962
  -0.00333567
   0.00515706
   0.00511534
   0.00780108
  -0.00125866
  -0.00219789
    0.0100914
  0.000132133
  -0.00335664
   -0.0111518
  -0.00346263
  0.000731206
   0.00289439
  -0.00440175
   0.00391741
  -0.00113871
  -0.00247258
 -0.000229656
   0.00299544
  -0.00298461
  -0.00756955
   0.00743145
  -0.00133754
  -0.00624849
   0.00305946
  -0.00747543
  -0.00718754
   0.00485363
   0.00369346
  -0.00428930
   0.00863645
   0.00480476
  -0.00218957
  -0.00511017
  -0.00622158
  -0.00359611
  0.000514393
  -0.00177105
  -0.00327763
   0.00406501
  -0.00143066
   0.00148006
 -0.000998698
  -0.00446189
  -0.00300174
  -0.00216884
  -0.00311378
  0.000135197
  -0.00376583
  -0.00186477
  -0.00382087
   0.00334427
  -0.00505091
 -3.67041e-05
   0.00385604
   0.00493832
  -0.00351900
  -0.00268366
  -0.00315904
   0.00939636
  -0.00312708
   0.00105137
  -0.00304612
   0.00516637
  -0.00889415
  -0.00870862
  -0.00110818
   0.00176539
   0.00985479
   0.00289539
  -0.00418723
  -0.00270660
  -0.00920125
  -0.00119659
  0.000314730
   0.00481141
  -0.00104328
  -0.00221958
   0.00436971
  -0.00473557
   0.00202170
  -0.00941056
  -0.00790031
  0.000985460
  -0.00145931
 -0.000203522
   0.00221868
   0.00220150
   0.00657068
   0.00335752
   0.00183067
  -0.00293945
   0.00126166
   0.00611858
  -0.00667835
   0.00538361
   0.00379964
   0.00907165
   0.00705663
  0.000900680
  0.000411613
  0.000491713
  -0.00611940
   0.00285475
  -0.00317043
 -0.000222219
   0.00147855
   0.00237381
  -0.00298448
  -0.00246015
  -0.00792652
  -0.00198712
   0.00269145
  -0.00404310
   0.00143441
  -0.00425307
  -0.00622062
  -0.00459005
  -0.00790466
   0.00132297
 -5.37052e-05
  -0.00161701
   0.00208025
   0.00486600
  0.000410212
  0.000111005
  0.000628171
  -0.00343099
   0.00193613
  -0.00588599
  0.000501089
  -0.00370799
   0.00848705
  -0.00330199
   0.00104001
  -0.00187500
   0.00389198
   0.00258600
  -0.00597505
   0.00252699
   0.00145492
 -0.000965017
   0.00809990
  -0.00250803
  0.000271875
  -0.00582003
   0.00777386
  -0.00596504
  -0.00213316
   0.00364495
  -0.00310018
 -0.000668055
  0.000384807
  -0.00802406
  -0.00885121
 -0.000284060
   0.00175378
  -0.00199406
   0.00143077
   0.00507494
   0.00158676
   0.00181195
  -0.00650924
   0.00114895
  -0.00192825
   0.00281996
  -0.00351626
 -0.000469029
  -0.00277128
  0.000107981
 -0.000626290
  0.000856992
 -0.000644306
   0.00647900
   0.00383368
 -0.000239982
  -0.00374834
  -0.00814397
  0.000102636
   0.00122704
   0.00493561
 -0.000190945
  -0.00407441
   0.00583006
   0.00400456
   0.00166407
 -0.000510465
  -0.00276092
 -0.000878495
   0.00135508
  0.000465475
   0.00204708
   0.00156244
 -0.000650915
   0.00116341
 -0.000510917
   0.00253338
   0.00475108
  -0.00354865
   0.00510607
   0.00111332
   0.00532406
 -0.000434713
   0.00740105
   0.00835926
  -0.00123296
  0.000329234
   0.00118103
  -0.00232079
   0.00182901
  1.91864e-05
  -0.00840001
  -0.00213784
   0.00568898
  -0.00588285
   0.00645196
  -0.00124687
  0.000220945
   0.00263011
  0.000555930
   0.00253910
  -0.00479608
  -0.00449091
  -0.00152310
   0.00174308
  -0.00454411
   0.00353808
  0.000189877
   0.00205507
  -0.00601513
 -2.93655e-06
   0.00760586
   0.00276006
   0.00274285
  -0.00366595
  -0.00919015
   0.00320205
  -0.00201616
  -0.00191096
    0.0103308
 -0.000788968
  -0.00463916
   0.00574103
   0.00102884
   0.00171802
  -0.00225216
   0.00207301
  -0.00312216
  0.000396998
   0.00536284
  0.000669987
  0.000231836
  -0.00880803
  8.34676e-07
  -0.00918104
  -0.00121617
   0.00253994
   0.00362383
   0.00228293
   0.00180883
   0.00574191
  -0.00442217
   0.00197389
  -0.00538718
  -0.00398913
   -0.0108752
   0.00557785
   0.00106480
  -0.00159617
  -0.00384621
   0.00224081
  -0.00115922
 -0.000279203
   0.00182277
  -0.00534522
   0.00486875
  -0.00196824
   0.00580374
   0.00281875
  -0.00314928
  -0.00365527
  -0.00359229
   0.00520272
  -0.00117531
   0.00266871
  -0.00304333
   0.00818870
   0.00210765
  -0.00257031
 -0.000940365
  -0.00586331
  0.000578618
 -0.000424320
  -0.00369440
   0.00649268
  0.000977585
   0.00578668
  -0.00175943
 -0.000103327
  -0.00624745
  -0.00774733
  -0.00600346
  -0.00286833
  -0.00157847
 -0.000873328
  -0.00345348
  0.000242674
  -0.00414749
   0.00575667
  -0.00958950
  -0.00582832
  -0.00765650
   0.00135968
   0.00357249
   0.00400268
   0.00365849
  -0.00259032
  0.000884480
  -0.00358833
  -0.00287752
   0.00505067
  -0.00344553
   0.00258567
  -0.00161353
   0.00726066
  -0.00161853
  -0.00754434
   0.00544046
  -0.00180535
  -0.00127254
  -0.00243935
   0.00257045
 -0.000317361
   0.00329144
   0.00160763
  -0.00470456
   0.00815062
  -0.00148357
  -0.00687438
  -0.00482858
   0.00296061
   0.00509641
   0.00239060
   0.00436440
  -0.00443041
  -0.00382361
  -0.00272942
   0.00252437
  -0.00818542
   0.00264836
  0.000774569
   0.00220935
  -0.00227744
  -0.00588467
  -0.00381744
  -0.00113868
   0.00428156
   0.00425430
  -0.00293945
  -0.00634571
  -0.00109945
  8.22739e-05
  -0.00233545
   0.00572826
  -0.00738945
   0.00229925
  0.000963556
  -0.00185677
  0.000584559
   0.00103522
  -0.00171344
 -0.000486791
   0.00564857
  0.000776198
  0.000842573
   0.00443119
   0.00121058
  -0.00398482
  -0.00327242
  0.000737171
   0.00365259
  -0.00171784
   0.00403159
   0.00553316
  -0.00484740
   0.00304915
   -0.0117174
  0.000491148
   0.00253561
 -0.000503856
   0.00306861
  -0.00723386
  -0.00169739
   0.00179414
  -0.00203438
   0.00308813
   0.00525562
  -0.00674087
   0.00389362
 -0.000666874
   0.00368862
   0.00494912
 -0.000448379
  -0.00581488
   0.00552662
  0.000759114
   0.00301262
  8.11094e-05
  -0.00265038
   0.00269510
  -0.00147638
  -0.00351990
 -0.000609385
  -0.00825191
   0.00675261
   0.00482008
   0.00271561
  -0.00673992
  0.000999609
  -0.00145493
 -0.000416390
   0.00422006
   0.00864861
    0.0109320
   0.00284161
  -0.00415696
  -0.00557039
   0.00100703
   0.00300061
   0.00122202
  -0.00554739
  -0.00296799
  -0.00320138
  -0.00176500
  -0.00419638
 -6.50081e-05
  -0.00251538
  -0.00969302
   0.00411963
   0.00371697
 -0.000131365
   0.00629697
   0.00267264
  0.000240959
  -0.00573835
   0.00330695
  -0.00156035
  0.000624946
   0.00206466
   0.00597394
  -0.00148733
  -0.00697306
  -0.00365132
  -0.00110407
  -0.00251832
  0.000686928
  -0.00726331
 -0.000184074
  -0.00369630
  -0.00261008
   0.00200170
   0.00104292
  0.000398709
   0.00141092
 -0.000361286
  -0.00117808
  -0.00191528
   0.00366192
 -0.000425277
   0.00382492
   0.00365273
  -0.00944308
   0.00152273
  -0.00657008
   0.00505373
  0.000875914
   0.00590174
   0.00148291
  -0.00698226
   0.00219491
   0.00280574
   0.00516391
   0.00995974
 -0.000898093
   0.00266274
   0.00430190
  -0.00121026
   0.00924090
   0.00154774
  -0.00316510
   0.00289575
   0.00214989
  0.000567748
   0.00377089
  -0.00356325
  -0.00343912
  -0.00317525
  -0.00209412
   0.00296975
   0.00535387
   0.00177676
  0.000296870
   0.00124676
  -0.00514113
  -0.00361124
  0.000280860
   0.00114577
    0.0110219
  0.000519774
 -0.000879150
  -0.00208022
  0.000162846
  -0.00266322
   0.00508784
   0.00656279
  -0.00221216
  -0.00322020
  -0.00205116
  -0.00412120
 -0.000652166
  -0.00196619
  -0.00625717
  -0.00470218
  -0.00511717
  -0.00259718
  0.000328829
 -9.91703e-05
  -0.00181517
  -0.00185416
   0.00421983
   0.00595784
   0.00566083
  -0.00816215
  -0.00800617
  0.000487853
   0.00123383
  -0.00685214
   0.00165183
  0.000849864
   0.00286083
  -0.00323713
  -0.00245716
  -0.00233113
  -0.00136016
   0.00398688
  -0.00993416
  -0.00648112
   0.00157584
  0.000790882
   0.00507584
  -0.00811812
  0.000948842
  0.000462886
  0.000329842
   0.00427289
   0.00206484
  0.000230890
  -0.00137216
   0.00297589
  0.000477842
   0.00928789
  -0.00748216
   0.00299289
 -0.000285158
  -0.00474410
   0.00487884
   0.00581990
  -0.00538616
   0.00306790
   0.00131984
   0.00740290
  0.000399836
  -0.00714810
   0.00333084
   0.00417591
  -0.00227517
  -0.00535409
  -0.00161417
  0.000748915
   0.00359183
 -9.20814e-05
   0.00671083
   0.00269792
  0.000453828
   0.00146593
  -0.00206317
  -0.00541207
   0.00600083
  -0.00109206
  -0.00422617
   0.00229694
    0.0103978
  0.000684945
  -0.00640317
   0.00533095
  -0.00680017
  -0.00500604
  -0.00835817
  -0.00171304
   0.00137583
   0.00152696
  0.000223831
   0.00536297
  -0.00374517
  -0.00327103
   0.00480984
  -0.00127402
 -0.000376162
  0.000939981
  -0.00132416
  -0.00719101
   0.00345284
  -0.00364101
  -0.00231415
   0.00142499
  -0.00247015
  -0.00142001
  -0.00487715
  -0.00939001
   0.00414785
   0.00259300
  -0.00447014
  -0.00936900
  -0.00816914
  -0.00277600
  -0.00183414
  -0.00272700
 -0.000682138
  -0.00232700
   0.00466886
    0.0117190
  0.000887865
  0.000222003
   0.00403987
   0.00699900
  -0.00159213
   0.00439401
   0.00320887
   0.00407601
  0.000954869
  -0.00195999
   0.00464187
   0.00272401
   0.00153587
   0.00205201
   0.00391787
   0.00603501
   0.00503087
   0.00483601
   0.00144787
 -0.000369986
  -0.00404713
  0.000443016
  -0.00444513
  -0.00862398
   0.00203687
  -0.00199198
  -0.00108413
 -0.000149977
  -0.00436913
  -0.00263797
   0.00551387
  -0.00659397
  -0.00235613
 -0.000888968
  0.000775876
   0.00437303
   0.00449088
   0.00355104
  -0.00845012
   0.00321404
  0.000431881
  6.70426e-05
   0.00418788
  -0.00120895
   0.00100389
  -0.00118495
   0.00290389
  -0.00365195
  -0.00165311
   0.00325805
  -0.00309411
   0.00678605
  -0.00104910
   0.00136605
  -0.00953810
  -0.00298594
  0.000284902
  -0.00587094
  -0.00170009
  -0.00319994
  -0.00482309
   0.00156706
   0.00359291
   0.00273706
  -0.00425409
  -0.00520194
  -0.00292708
 -0.000197941
   -0.0103991
   0.00525406
  -0.00433708
   0.00190006
   0.00175192
  -0.00377194
 -0.000290077
   0.00272906
  0.000823925
  -0.00654094
  -0.00325307
  -0.00465594
 -0.000949073
  -0.00460494
  0.000260929
   0.00917106
 -0.000553071
   0.00974006
 -0.000419070
   0.00198706
  -0.00495707
  -0.00659194
  0.000422932
  -0.00222194
  -0.00431707
    0.0124401
  0.000549933
 -0.000552940
   0.00287393
  -0.00388094
   0.00527394
 -0.000438938
  -0.00481306
   0.00187006
   0.00235494
   0.00367106
  -0.00245406
  0.000891066
  -0.00238706
  0.000647067
  -0.00187506
  6.50676e-05
   0.00114894
  -0.00190893
  -0.00119506
 -0.000393930
   0.00279295
  -0.00503493
 -0.000724052
   0.00664307
   0.00181795
   0.00272607
 -0.000543047
  -0.00218793
   0.00131195
  -0.00626993
   -0.0121060
 -0.000688926
  -0.00380104
   0.00621707
   0.00415096
  0.000416074
  0.000633964
  0.000111074
  -0.00120003
   0.00203307
  0.000508968
 -0.000698927
 -0.000843030
   0.00310707
   0.00533197
   0.00245507
   0.00393197
   0.00190107
  -0.00486402
  -0.00314593
  -0.00537102
  4.60698e-05
   0.00643098
 -5.89320e-05
  0.000947979
  -0.00479493
   0.00633798
   0.00448607
   0.00445298
 -6.79347e-05
  0.000804982
  0.000319065
  0.000899983
  -0.00217094
  0.000925984
   0.00901807
  -0.00332102
   0.00486606
   0.00726699
   0.00567006
   0.00616299
  -0.00306994
   0.00538999
  0.000911061
  -0.00493501
  -0.00187894
   0.00104799
   0.00148206
   0.00434699
   0.00165406
   0.00557199
   0.00104606
   0.00376799
  -0.00133194
  0.000445990
   0.00101806
  -0.00253701
  -0.00623894
   0.00321899
 -0.000946938
 -0.000564007
   0.00183406
  -0.00276001
  -0.00801694
  -0.00298500
  -0.00281394
  -0.00668100
  -0.00591194
   0.00336500
   0.00275706
  -0.00806800
  -0.00281194
  -0.00418900
   0.00699106
   0.00462400
   0.00114206
   0.00259300
  0.000580060
   0.00121501
   0.00698606
  -0.00399299
   0.00604806
  -0.00652499
  -0.00654294
  -0.00349899
   0.00842306
 -0.000447989
  0.000827056
   0.00275801
   0.00423705
   0.00376901
  -0.00114295
  -0.00431799
  0.000516052
 -0.000895985
   0.00132005
  -0.00214398
  -0.00305795
  -0.00540298
 -0.000736951
  -0.00311598
  -0.00384695
  -0.00847998
  -0.00476095
  -0.00176498
  -0.00377795
  -0.00720398
  0.000173045
   0.00315302
   0.00602104
   0.00135202
   0.00104604
   0.00593502
   -0.0125670
  -0.00313198
  -0.00301196
   0.00223802
  -0.00153096
 -0.000747982
  0.000493041
   0.00167902
  -0.00809096
   0.00338502
  -0.00522296
  -0.00200798
  -0.00103196
 -0.000917982
   0.00803504
   0.00351202
  -0.00296296
   0.00202902
   0.00134504
   0.00167702
  -0.00341396
  -0.00398698
   0.00523104
  -0.00301698
   0.00468704
   0.00976802
  -0.00581696
  -0.00268098
  -0.00209596
   0.00645902
   0.00151104
   0.00908402
   0.00447104
  -0.00942898
 -0.000906964
  -0.00404497
  -0.00284197
 -0.000616975
   0.00683903
  0.000682026
  -0.00207397
 -2.99729e-05
   0.00522303
   0.00727103
  -0.00726797
   0.00208003
  -0.00379397
  5.90284e-05
 -3.39706e-05
   0.00892503
   0.00482603
  -0.00547297
  0.000217028
   0.00143503
  -0.00574497
   0.00104603
   0.00524303
  -0.00547997
  -0.00203198
 -0.000891971
   0.00452802
   0.00241103
 -0.000881978
  -0.00654697
  -0.00619998
   0.00615003
   0.00352602
 -0.000699971
  -0.00555598
  -0.00137497
  -0.00155398
  -0.00438297
  0.000335018
  -0.00350597
  -0.00704198
   0.00111003
   0.00224302
  -0.00468497
   0.00345802
   0.00175503
   0.00168602
  -0.00133097
  -0.00362098
  -0.00217697
  0.000323015
  -0.00178397
 -0.000763985
   0.00191603
   0.00336001
  -0.00125697
  -0.00402098
  -0.00235697
  0.000934014
   0.00710603
   0.00493901
   0.00615902
   0.00204301
  -0.00957597
   0.00517101
  -0.00655597
   0.00712001
  -0.00438797
   0.00769801
  -0.00348397
 -0.000551988
  0.000699027
   0.00150701
   0.00160303
 -0.000432989
  -0.00259597
  -0.00559599
  -0.00520897
  -0.00435099
  -0.00160997
   0.00289801
   0.00720803
   0.00513901
   0.00288803
  0.000382008
   0.00565503
  -0.00146099
   0.00152203
   0.00386901
   0.00363003
  -0.00435399
  -0.00587997
  0.000629006
  -0.00482297
   0.00533200
  -0.00760097
  -0.00163500
  -0.00271997
   0.00620700
   0.00467103
  -0.00541200
  -0.00363897
  -0.00463100
  -0.00147397
  -0.00976300
   0.00315803
   0.00326100
  -0.00150697
  -0.00325700
  -0.00267397
 -0.000998001
  -0.00224398
  -0.00836400
  2.50243e-05
  -0.00225500
  -0.00413098
  0.000280999
 -0.000817977
   0.00630300
  -0.00469898
  6.39975e-05
   0.00301302
  2.69978e-05
   0.00394302
   0.00889700
  -0.00216598
   0.00237300
  -0.00870298
  -0.00297300
   0.00120102
  0.000870997
  -0.00190998
  -0.00518000
   0.00446302
   -0.0100200
 -3.97927e-06
   0.00198100
   0.00232602
   0.00175600
  0.000691021
   0.00115800
   0.00345202
  -0.00482200
  -0.00165498
   0.00396700
  -0.00423898
   0.00740600
  -0.00312398
   0.00356700
   0.00197702
   0.00131400
  -0.00256798
 -0.000549005
  -0.00437198
  -0.00184701
   0.00400302
  0.000429994
  0.000389020
   0.00639399
  -0.00319298
  -0.00192801
   0.00209202
  -0.00111101
   0.00287902
  -0.00721201
   0.00465402
  -0.00340501
  -0.00255198
  -0.00279201
   0.00365302
   0.00133899
   0.00283202
   0.00895899
  0.000636017
  -0.00551601
   0.00210802
   0.00420699
   0.00446802
  -0.00504001
  -0.00494998
  -0.00729101
   0.00440102
 -0.000486010
   -0.0109650
  -0.00445301
   0.00400401
   0.00282699
 -0.000172986
  -0.00633001
  -0.00252199
 -6.70105e-05
  -0.00493999
   0.00398099
   0.00176501
 -0.000805011
  -0.00329799
 -0.000233011
   0.00970101
   0.00721499
 -0.000783988
  -0.00187601
  -0.00408999
   0.00189099
   0.00373301
  -0.00184301
  -0.00172299
   0.00116399
 -0.000919989
 -0.000354010
   0.00181701
  -0.00322101
  -0.00143299
   0.00555299
  -0.00214999
   0.00454999
  -0.00302699
   0.00242299
  -0.00345499
 -2.40103e-05
  -0.00187299
  -0.00191101
  -0.00387499
   0.00651299
   0.00155401
   0.00122899
   0.00422901
  0.000501989
   0.00431501
 -0.000224011
  -0.00510199
  -0.00527201
  -0.00390499
   0.00848599
   0.00771901
   0.00248599
   0.00427801
  -0.00310501
  -0.00241399
  5.59880e-05
  -0.00877599
  -0.00102901
   0.00297801
   0.00633499
  -0.00614099
   0.00115999
  -0.00295099
  -0.00242801
  -0.00257899
  -0.00251901
   0.00262201
   0.00627599
  -0.00207099
  -0.00212801
  -0.00479499
  -0.00532101
  -0.00282299
   0.00127299
  -0.00853799
  -0.00983501
   0.00211100
   0.00168199
   0.00554200
   0.00876599
 -0.000789996
  -0.00175601
  -0.00511000
  -0.00254601
  -0.00416000
  -0.00130701
   0.00496100
  -0.00585601
   0.00525800
  0.000840988
   0.00457401
  -0.00111401
   0.00191700
   0.00591199
   0.00442800
  5.19890e-05
  -0.00336300
  -0.00345101
   0.00330500
   0.00166899
   0.00511000
 -0.000755010
   0.00429700
   0.00239299
  -0.00540200
  -0.00210101
  -0.00574700
 -0.000478010
  -0.00149700
  -0.00384801
   0.00678000
   0.00177599
  -0.00252100
  0.000356990
   0.00704300
   0.00400999
 -0.000764999
  0.000400990
   0.00345000
  -0.00229101
 -0.000904999
   0.00567499
   0.00180500
   0.00138099
  -0.00747200
 -0.000531011
   0.00549900
   0.00376999
  -0.00342100
  -0.00830601
  -0.00387900
  -0.00352501
 -0.000872000
  -0.00822101
  -0.00259400
  -0.00407701
 -6.40006e-05
   0.00309799
  0.000994999
   0.00429299
  -0.00462400
   0.00568799
   0.00221800
  -0.00174601
  -0.00230600
  0.000488990
  -0.00117200
  -0.00340901
   0.00431500
   -0.0139520
  -0.00197500
   0.00814799
  -0.00493100
   0.00784099
   0.00202900
   0.00527099
  -0.00152000
   0.00199299
  -0.00358000
   0.00567199
   0.00278600
  -0.00267401
   0.00405000
  -0.00325701
  -0.00183300
  -0.00663201
  0.000957997
  -0.00389401
  0.000900997
 -0.000151008
  0.000311996
   0.00904299
  -0.00256200
  -0.00382501
   0.00527000
  -0.00376001
   0.00176600
   0.00848000
   0.00226000
  -0.00467501
  -0.00263800
  -0.00241701
 -8.10034e-05
  -0.00128801
  1.99964e-05
   0.00503099
  -0.00558900
   0.00212299
  -0.00609900
   0.00225799
  -0.00834200
  0.000312994
   0.00531700
  -0.00192101
   0.00430299
 -0.000845006
   0.00141000
   0.00907199
  -0.00216700
 -1.20059e-05
   0.00574600
  0.000138994
   -0.0115350
  -0.00518300
 -5.50036e-05
   0.00356099
  0.000777996
 -7.50057e-05
   0.00947400
   0.00177799
   0.00220900
  -0.00645201
   0.00291400
  -0.00114801
   0.00243100
  0.000457995
  -0.00264600
 -0.000997005
   0.00346599
  -0.00611301
  -0.00743300
  8.49944e-05
   0.00385100
  -0.00476400
   0.00523900
  0.000853995
  -0.00291000
   0.00335800
  0.000259995
   0.00303400
 -0.000887005
   0.00307100
  -0.00118401
   0.00199700
  0.000469995
   0.00613799
   0.00419799
 -0.000675004
   0.00129099
   0.00776500
  -0.00681001
  -0.00222400
   0.00232899
 -0.000467003
  -0.00612300
   0.00473100
   0.00286900
  0.000905997
   0.00303200
  -0.00296200
   0.00537600
   0.00924300
   0.00373799
   0.00627000
  -0.00909201
  0.000930999
  -0.00463301
  -0.00640100
   0.00707499
  0.000222998
   0.00587700
   -0.0108990
   0.00458300
  -0.00470400
  -0.00100800
   0.00142700
  2.99570e-06
  -0.00205600
  -0.00856700
  -0.00394000
   0.00990900
   0.00158800
  -0.00214500
   0.00341200
  -0.00731901
   0.00602400
   0.00223100
  -0.00231500
   0.00294200
  -0.00586700
   0.00434200
  -0.00996100
   0.00414500
   0.00209700
 -0.000746005
  -0.00141500
  -0.00160800
  -0.00637100
  -0.00384200
   0.00446400
   0.00269200
  -0.00194100
  -0.00467701
   0.00302000
   0.00421500
  -0.00268000
  -0.00177400
  0.000258999
   0.00527100
  -0.00409700
   0.00130700
   0.00219600
  0.000294995
 -0.000219001
   0.00262200
   0.00242000
   0.00412800
  -0.00126100
   0.00221200
  -0.00498500
   0.00288000
  -0.00348000
  -0.00205800
  -0.00318400
   0.00618100
   0.00100000
   0.00190200
  -0.00357700
  -0.00623900
   0.00944400
   0.00315100
   0.00114100
  -0.00305600
   0.00171800
   0.00623300
   0.00357100
  -0.00358700
  -0.00219400
  -0.00730200
   0.00485100
 -0.000148003
   0.00725000
  -0.00395600
   0.00213100
  -0.00200800
  -0.00123600
  -0.00472800
  -0.00390300
 -0.000523004
  0.000275001
  -0.00527800
   0.00278200
   0.00437600
   0.00480600
  -0.00577500
  0.000455000
   0.00601800
  -0.00813000
  -0.00236800
  -0.00727900
  -0.00451200
  -0.00190900
  -0.00320900
   0.00728300
   0.00237200
   0.00398300
   0.00241100
   0.00236500
   0.00193700
   0.00412800
   0.00137100
  -0.00158100
  -0.00688101
 -0.000544998
  -0.00445300
  -0.00353100
 -0.000358003
   0.00260500
  -0.00371700
  0.000522002
  -0.00119100
   0.00209800
  -0.00150200
   0.00278100
   0.00757300
  -0.00186300
   0.00406600
  -0.00181400
  -0.00338200
   0.00225800
   0.00100900
  0.000231001
  -0.00206400
   0.00179300
  0.000820997
  -0.00319600
  0.000912998
   0.00531700
 -0.000882003
  -0.00322500
  -0.00719400
  -0.00643000
   0.00175800
   0.00531600
  -0.00142300
  -0.00143800
  -0.00548800
   0.00104900
  -0.00144900
 -0.000231998
  0.000411998
  -0.00134900
  -0.00462500
 -0.000133998
  -0.00543500
   0.00959600
   0.00450800
  -0.00165000
   0.00197900
   0.00569600
   0.00473100
  -0.00165100
   0.00134200
 -0.000962998
  -0.00259900
 -0.000242999
  -0.00206700
  -0.00227800
  -0.00616900
 -0.000722999
  8.09983e-05
   0.00107600
   0.00276200
   0.00899400
  -0.00311500
 -2.99988e-05
   0.00224600
   0.00100700
  -0.00116200
   0.00780000
   0.00416700
   0.00214300
 -0.000636001
  0.000805002
   0.00231600
  -0.00124100
  -0.00708900
   0.00484100
   0.00217500
  -0.00126300
  -0.00173200
  0.000619002
  0.000912999
  -0.00158900
  -0.00207800
   0.00992900
  -0.00131000
  0.000274002
  -0.00516400
  -0.00274900
  -0.00217000
   0.00317200
  -0.00128300
   0.00385800
   0.00167500
   0.00695100
   0.00816600
   0.00138600
  0.000195999
  -0.00396400
   0.00222100
  0.000161002
  -0.00128300
  -0.00827900
   0.00565100
  -0.00652800
  0.000533999
  -0.00185600
 -0.000518001
  -0.00184400
   -0.0102810
  0.000161003
   0.00189200
   0.00116800
  0.000618999
  -0.00127300
  -0.00128100
  -0.00198200
 -5.06790e-10
  1.97989e-09
