    4096
      64
  0.000166000
      297.235
       1
Robarts Reserch Institute, 2016_09_14_tDCS_009_v1
 "Sep 14 2016"
MachS=0 ConvS=1.00e-03 V1=18.000 V2=16.000 V3=20.000 vtheta=0.0
TE=0.060 s TR=7.500 s P1=20.26467 P2=0.09775 P3=26.21506 Gain=1.00
SIMULTANEOUS
      0.00000
EMPTY
     0.175653
    -0.969910
     0.682149
     -1.02496
      1.46644
    -0.612558
      1.76877
     0.177661
      1.52400
      1.06650
     0.633182
      1.39124
    -0.217772
      1.29307
    -0.628740
     0.696680
    -0.595578
     0.261085
    -0.284163
    0.0965247
   -0.0482415
     0.248070
    -0.100038
     0.344763
    -0.366174
     0.318358
    -0.617321
     0.170081
    -0.707973
    -0.155458
    -0.510447
    -0.463290
   -0.0972424
    -0.615847
     0.309092
    -0.467518
     0.433986
    -0.123788
     0.315973
     0.281859
   -0.0900379
     0.534247
    -0.523815
     0.394958
    -0.706595
   -0.0864209
    -0.591462
    -0.626822
    -0.175589
    -0.948800
     0.431913
    -0.871912
     0.792862
    -0.427300
     0.781990
     0.117107
     0.514087
     0.426722
     0.120080
     0.491232
   -0.0583961
     0.321393
    -0.104750
    0.0343126
  -0.00681109
    0.0273220
     0.137840
    0.0644191
    0.0935082
     0.256363
   -0.0501569
     0.366093
    -0.306880
     0.270853
    -0.489405
   -0.0172487
    -0.387939
    -0.335770
   -0.0289283
    -0.537085
     0.387497
    -0.351878
     0.494589
    0.0750192
     0.375805
     0.448619
   -0.0527392
     0.565095
    -0.509167
     0.340721
    -0.577368
   -0.0769812
    -0.373054
    -0.396783
   -0.0161560
    -0.454021
     0.286197
    -0.295635
     0.389683
   -0.0444980
     0.265810
     0.150227
  -0.00798031
     0.263783
    -0.235165
     0.204049
    -0.326233
   -0.0984249
    -0.174498
    -0.266724
     0.118566
    -0.379596
     0.382425
    -0.200551
     0.442611
    0.0963404
     0.169505
     0.339660
    -0.143901
     0.348587
    -0.321104
    0.0869375
    -0.207087
    -0.231167
     0.113834
    -0.359765
     0.372592
    -0.181743
     0.459982
     0.141403
     0.254835
     0.387355
   -0.0403753
     0.517310
    -0.358108
     0.387436
    -0.435519
    0.0557439
    -0.381093
    -0.214757
   -0.0984947
    -0.347323
     0.151262
    -0.260270
     0.219305
   -0.0314836
     0.148995
     0.183167
    -0.130229
     0.204416
    -0.253485
  -0.00736581
    -0.232856
    -0.256700
    0.0119390
    -0.324501
     0.295679
    -0.246951
     0.388523
     0.101291
     0.253569
     0.364746
   -0.0575239
     0.436141
    -0.352541
     0.227936
    -0.439930
   -0.0780182
    -0.271847
    -0.401716
    0.0545199
    -0.506260
     0.399855
    -0.376752
     0.551829
   -0.0127989
     0.423497
     0.332871
     0.180028
     0.463472
    -0.117954
     0.447782
    -0.364706
     0.259215
    -0.351065
   -0.0405204
    -0.205091
    -0.139661
    0.0426738
   -0.0666476
    0.0353156
   0.00833090
   -0.0567204
    0.0944291
    -0.258096
    0.0199593
    -0.273016
    -0.156671
    -0.145644
    -0.349373
     0.133520
    -0.449395
     0.414989
    -0.265913
     0.438933
    0.0743854
     0.278423
     0.348449
   -0.0203455
     0.442939
    -0.282443
     0.272248
    -0.452918
  -0.00897839
    -0.347291
    -0.289569
   -0.0707404
    -0.467942
     0.229667
    -0.380077
     0.359511
    -0.178313
     0.305177
    0.0831894
     0.166639
     0.200426
    0.0227883
     0.132437
   0.00345763
    0.0592597
    0.0740512
  -0.00449595
     0.210340
     0.105370
     0.213420
     0.241076
     0.131315
     0.402819
    -0.142979
     0.444747
    -0.409418
     0.292342
    -0.541119
   -0.0215424
    -0.397518
    -0.339038
    -0.173245
    -0.468009
     0.150247
    -0.399066
     0.303401
    -0.141007
     0.328322
     0.101239
     0.121701
     0.236101
    -0.118995
     0.223863
    -0.226532
    0.0975420
    -0.203679
    -0.157232
   -0.0880081
    -0.171329
    0.0727503
    -0.159675
    0.0756556
   -0.0521946
   0.00289337
   0.00280056
   -0.0644977
    0.0427771
    -0.112408
    -0.107914
  -0.00681514
    -0.240935
     0.140886
    -0.259490
     0.383517
    -0.130384
     0.488542
    0.0901204
     0.318060
     0.377467
    0.0668706
     0.493680
    -0.193176
     0.444181
    -0.371306
     0.250145
    -0.340208
    0.0340806
    -0.223496
    -0.125917
   -0.0558238
    -0.201191
    0.0485360
    -0.123938
    0.0314397
   0.00516763
   -0.0727964
    0.0845828
    -0.143390
  -0.00638131
    -0.183176
   -0.0880420
   -0.0365227
    -0.175587
    0.0448483
    -0.198520
     0.120197
   -0.0882325
     0.111760
    0.0699190
   0.00180115
     0.115853
    -0.157762
    0.0791545
    -0.206291
    -0.117864
    -0.107422
    -0.202524
    0.0862620
    -0.277195
     0.270606
    -0.173738
     0.297308
    0.0621280
     0.204320
     0.170225
    0.0185680
     0.264618
    -0.112204
     0.161127
    -0.190338
  -0.00886929
   -0.0702673
    -0.128668
    0.0245683
    -0.126522
     0.146376
   -0.0942287
     0.186110
    0.0841844
    0.0398773
     0.225431
   -0.0696193
     0.241642
    -0.144348
    0.0717475
    -0.221701
   -0.0614371
   -0.0505718
    -0.137993
    0.0538738
    -0.133395
    0.0955737
    0.0333640
    0.0731593
     0.150297
    -0.110316
     0.215234
    -0.231261
     0.112270
    -0.238087
    -0.105616
    -0.173724
    -0.183319
    0.0453855
    -0.307429
     0.169435
    -0.234621
     0.318414
   -0.0635965
     0.203699
     0.121247
    0.0664141
     0.228062
   -0.0651324
     0.172149
    -0.112237
    0.0343981
    -0.131366
   -0.0918024
   -0.0139568
    -0.110785
    0.0860059
   -0.0987984
     0.108587
   -0.0113364
    0.0590809
    0.0393922
   -0.0329328
    0.0195539
   -0.0674434
   -0.0719839
    0.0186005
   -0.0998496
     0.144304
    -0.111748
     0.260642
   -0.0230020
     0.165049
     0.174603
    0.0977014
     0.270288
    -0.121962
     0.319154
    -0.299031
     0.203338
    -0.346375
   -0.0254887
    -0.275045
    -0.151854
   -0.0673434
    -0.223231
    0.0393284
    -0.199438
     0.136731
    -0.120373
    0.0905837
   0.00247380
    0.0650840
    0.0490935
    0.0171946
    0.0383063
    0.0132728
  -0.00517195
    0.0570313
   -0.0389747
    0.0984935
    0.0575243
     0.123612
    0.0559751
    0.0471517
     0.158032
    -0.127256
    0.0983755
    -0.150906
    0.0490154
    -0.201396
   -0.0919412
   -0.0339107
    -0.232355
     0.108030
    -0.191845
     0.252593
    -0.146301
     0.256827
    0.0623250
     0.177063
     0.180417
    0.0580377
     0.240512
   -0.0856302
     0.175156
    -0.151772
    0.0518622
    -0.127972
   -0.0365611
   -0.0695769
   -0.0656820
  -0.00771774
   -0.0729979
   0.00749428
    0.0111412
   -0.0426348
    0.0416111
    -0.134666
   -0.0344848
    -0.110607
    -0.128923
   0.00123253
    -0.173335
     0.142343
    -0.187721
     0.252200
   -0.0842977
     0.215390
    0.0791644
     0.121188
     0.183077
   -0.0469787
     0.221969
    -0.189418
     0.148858
    -0.229382
   -0.0320655
    -0.165876
    -0.164285
    0.0242581
    -0.231577
     0.152252
    -0.195925
     0.163826
   -0.0753820
     0.157773
    0.0908587
    0.0662782
     0.111007
   -0.0222439
    0.0738013
   -0.0480553
    0.0116485
   -0.0459144
   -0.0226717
  -0.00457820
    0.0175360
    0.0402602
     0.110119
   -0.0265811
     0.102258
   -0.0904487
     0.112543
    -0.201871
    0.0492789
    -0.165763
  -0.00491160
    -0.148908
    -0.152349
    0.0348629
    -0.176656
    0.0666326
    -0.153479
     0.131002
   -0.0272562
    0.0978921
    0.0326281
  0.000546723
    0.0902906
   -0.0246987
    0.0206652
   -0.0669447
    0.0143977
   -0.0633672
    -0.113814
  -0.00876871
   -0.0613987
    0.0702655
   -0.0675382
     0.101012
    0.0128287
    0.0123079
   0.00712830
   -0.0125970
    0.0175804
   0.00238572
  -0.00694260
   0.00991978
   -0.0714607
    0.0839661
   -0.0499906
     0.124891
    0.0392340
     0.122662
     0.123878
    0.0798521
     0.169649
   -0.0383194
     0.164907
    -0.131290
    0.0902224
   -0.0972704
    0.0208390
    -0.122714
   -0.0345435
  -0.00180383
   -0.0832533
    0.0613707
   -0.0513930
    0.0428780
    0.0659691
  -0.00852033
     0.103321
   -0.0939053
    0.0728521
    -0.109542
   -0.0140922
   -0.0938392
   -0.0883261
   -0.0190924
    -0.144561
    0.0342714
    -0.103489
    0.0896449
   -0.0300427
    0.0599028
    0.0132674
  -0.00358050
    0.0134168
  -0.00815955
   0.00259491
   -0.0117661
   -0.0664030
    0.0227441
    -0.106579
     0.136581
   -0.0940402
     0.189413
   0.00210999
     0.115597
     0.153029
    0.0176098
     0.208365
    -0.138367
     0.196563
    -0.159223
    0.0764378
    -0.146001
   0.00977111
   -0.0839727
    -0.136306
    0.0145468
    -0.181420
     0.115593
   -0.0424094
     0.150226
  -0.00617667
    0.0629434
    0.0871326
  -0.00645685
    0.0906496
   0.00677379
     0.110895
   -0.0157202
   -0.0344810
  -0.00980830
   0.00446956
    0.0331979
    0.0282578
   -0.0106492
    0.0485838
   0.00210746
    0.0861273
   -0.0866780
    0.0531852
    -0.107314
   -0.0387417
   -0.0989904
   -0.0774055
   -0.0412750
    -0.156843
    0.0191012
    -0.124265
     0.125915
   -0.0674035
     0.146139
  -0.00812869
    0.0962670
    0.0769638
  0.000228305
    0.0735956
   -0.0642092
    0.0384854
   -0.0393638
   0.00648300
   -0.0369947
 -7.13436e-05
   -0.0295342
   -0.0334733
   0.00683435
   -0.0146382
    0.0313407
    0.0228086
   0.00106962
  -0.00802664
   -0.0518360
   -0.0329937
  -0.00809722
   -0.0459071
    0.0615101
   -0.0697600
     0.120155
   -0.0338396
     0.104537
    0.0317272
    0.0792993
     0.148115
  -0.00756928
     0.170975
    -0.109141
     0.121654
    -0.196913
    0.0945387
   -0.0927860
  -0.00931840
   -0.0887421
    -0.152321
   0.00170390
    -0.142639
    0.0994454
    -0.127822
    0.0705171
  -0.00260933
    0.0780418
   -0.0214006
    0.0421726
 -0.000375310
   -0.0187283
   -0.0287953
    0.0467656
   -0.0100575
     0.105436
  -0.00405209
     0.116762
    0.0561005
    0.0597217
    0.0900248
   -0.0413670
     0.151974
   -0.0919877
    0.0797734
    -0.165595
   -0.0116905
    -0.122446
    -0.101302
   -0.0571646
    -0.114911
     0.111525
    -0.167305
     0.121651
   -0.0320056
    0.0923554
    0.0195138
    0.0193919
     0.116613
   -0.0751335
     0.146735
    -0.143767
    0.0915459
    -0.137995
   -0.0366025
   -0.0773915
   -0.0559716
  -0.00592529
    -0.118255
    0.0320752
   -0.0829764
    0.0199103
   -0.0140258
   -0.0232126
    0.0225918
   -0.0459614
    0.0275185
   -0.0682069
    0.0234932
  -0.00910604
   -0.0655711
    0.0194881
   -0.0599095
    0.0651035
   -0.0161992
    0.0984009
    0.0869987
     0.105860
    0.0807140
   -0.0275550
    0.0955564
   -0.0642009
    0.0276828
    -0.104026
   0.00556387
   -0.0532656
   -0.0528578
   0.00805256
   -0.0706494
    0.0872130
   -0.0377094
    0.0612632
    0.0157629
    0.0467742
    0.0191029
    0.0341524
    0.0416362
   0.00371476
  -0.00180772
    0.0108334
    0.0490876
    0.0140993
   0.00352370
    0.0221112
    0.0227489
  -0.00989123
    0.0359256
    0.0338067
    0.0964042
   0.00681952
    0.0127712
   -0.0576195
   -0.0438780
   -0.0430571
   -0.0545070
  -0.00145813
    -0.119185
    0.0377124
    -0.107458
    0.0774992
   -0.0483145
    0.0398522
   -0.0217921
   -0.0427200
    0.0428136
   -0.0137990
    0.0439246
   -0.0529904
  -0.00463036
   -0.0441707
   -0.0825550
   0.00922910
   -0.0828131
    0.0903813
    -0.101348
    0.0843229
    0.0131740
    0.0181641
    0.0571675
   -0.0504322
    0.0742990
   -0.0230650
    0.0147785
   -0.0841371
    0.0549514
   -0.0289626
   -0.0373841
    0.0204865
   -0.0349845
    0.0387895
    0.0150010
   0.00546748
    0.0593493
   -0.0150053
    0.0873653
    -0.101081
     0.124791
    -0.171084
   0.00839503
   -0.0623855
   -0.0978054
   -0.0167383
   -0.0709839
    0.0584251
   -0.0886238
     0.119898
  -0.00743833
    0.0474640
    0.0557291
   0.00355087
     0.122377
   -0.0471921
     0.117853
   -0.0978474
    0.0404938
   -0.0858012
    0.0283595
   -0.0690227
   -0.0488394
  -0.00957268
   -0.0712893
    0.0342309
   0.00978563
    0.0436424
   -0.0173587
  -0.00958769
   0.00440736
   0.00326614
   -0.0243755
   -0.0185464
   -0.0396296
    0.0167956
   -0.0187785
    0.0731748
   -0.0419337
     0.110707
    0.0301151
    0.0996005
     0.134978
   0.00984618
     0.105745
   -0.0471964
    0.0895367
   -0.0927118
    0.0432738
   -0.0942409
   0.00839956
   0.00818196
   -0.0704073
    0.0547950
   -0.0881761
    0.0840387
   -0.0116992
    0.0808547
    0.0554180
   0.00618832
   0.00479471
   -0.0117488
    0.0282714
  -0.00663725
   -0.0541928
   -0.0186604
    0.0140202
    0.0384253
   -0.0244586
    0.0515633
    0.0481748
    0.0164962
    0.0428621
   -0.0485855
    0.0485672
   -0.0479094
    0.0283775
    -0.119570
   -0.0456625
   -0.0675189
   -0.0829042
   -0.0132437
    -0.141314
    0.0753160
   -0.0821167
     0.116024
   -0.0642341
    0.0796997
    0.0198545
    0.0411483
    0.0688790
   -0.0349680
     0.107657
    -0.109936
  -0.00651755
   -0.0951917
  -0.00352812
  -0.00944431
   -0.0709456
   -0.0192421
    0.0242265
    0.0373046
   -0.0126912
    0.0317215
    0.0363548
   -0.0412051
  -0.00521308
   -0.0240969
   -0.0148765
   -0.0858925
   -0.0306430
   0.00358305
   -0.0804592
  0.000178795
  -0.00931386
    0.0158026
  -0.00221359
    0.0375701
    0.0789800
   -0.0537800
     0.135484
   -0.0821462
     0.105371
    -0.169531
    0.0372723
    -0.142296
   -0.0360809
   -0.0741311
   -0.0650504
   -0.0208507
   -0.0610038
    0.0899841
   -0.0593453
    0.0136012
    0.0645650
   -0.0261738
    0.0458039
   -0.0162881
    0.0768524
   -0.0393184
  -0.00361042
   -0.0259379
   -0.0389963
   0.00552457
   -0.0665098
    0.0493926
   -0.0401426
    0.0607574
    0.0302020
    0.0689234
    0.0552326
    0.0457599
    0.0886462
   -0.0311547
    0.0680678
   -0.0368071
    0.0474673
   -0.0228330
   -0.0124738
    0.0675940
   -0.0328883
  -0.00496261
   -0.0212267
   0.00198659
    0.0148377
   -0.0278319
    0.0522796
   -0.0135344
    0.0490516
   -0.0618252
  -0.00622106
  -0.00291076
   -0.0178626
   0.00975691
   -0.0284118
    0.0281047
    -0.101905
    0.0491556
   -0.0218387
    0.0947997
   -0.0126447
    0.0336653
    0.0543606
    0.0768577
    0.0142057
   0.00741124
    0.0318630
  -0.00294446
   -0.0317180
  -0.00942179
  -0.00253274
    0.0687850
   0.00864623
    0.0331278
   0.00637242
  -0.00317143
    0.0496544
   -0.0782276
    0.0284596
   -0.0295316
    0.0186787
   -0.0313870
   0.00820098
   0.00257747
   -0.0658340
    0.0270594
   -0.0439409
    0.0450182
   -0.0181952
    0.0394718
    0.0636692
  -0.00307314
    0.0736578
   -0.0583568
    0.0467407
   -0.0592382
    0.0128130
   -0.0585523
  -0.00266011
   -0.0112961
   -0.0265807
    0.0274116
   -0.0335138
    0.0684241
 -0.000332575
    0.0314616
    0.0151067
   -0.0182445
    0.0618477
   -0.0424140
    0.0182000
   -0.0511643
   -0.0163510
    0.0143928
   -0.0567538
   0.00928306
   -0.0499543
    0.0770008
   0.00686785
    0.0364844
    0.0689515
    0.0170566
    0.0864538
   -0.0351803
    0.0723505
    -0.108598
    0.0177432
   -0.0804384
   -0.0309203
   -0.0215608
   -0.0658655
   -0.0318454
   -0.0664621
    0.0438959
   -0.0444436
    0.0733105
   0.00603902
   0.00244862
    0.0420860
  -0.00251760
    0.0355744
   -0.0325551
    0.0131511
   -0.0143948
    0.0161859
   -0.0258408
   -0.0707072
   -0.0279434
  -0.00199352
   -0.0124227
    0.0128265
  0.000122862
  -0.00250537
   -0.0438482
    0.0582404
   -0.0361465
    0.0502333
   -0.0180357
   -0.0213341
   -0.0306675
   -0.0656143
   0.00546202
   -0.0130368
    0.0258539
   -0.0357710
    0.0514640
    0.0414464
   -0.0445299
    0.0469310
   -0.0165772
    0.0957614
   -0.0205094
    0.0627081
   -0.0473901
    0.0435597
   -0.0298489
    0.0110870
    0.0121594
    0.0255186
    0.0102850
  -0.00762868
   -0.0203392
    0.0421350
   -0.0140731
    0.0291467
    0.0144751
    0.0246973
    0.0280733
   -0.0390201
    0.0236112
  -0.00227826
    0.0656126
  -0.00832887
    0.0488211
    0.0365904
    0.0707093
    0.0467282
   0.00117594
    0.0813679
    0.0198485
    0.0755263
   -0.0650535
    0.0198643
   -0.0228385
   -0.0195193
    0.0177362
   -0.0391845
    0.0311630
   -0.0472671
    0.0140376
  -0.00242090
   0.00939460
    0.0125974
    0.0319506
  -0.00243869
    0.0289133
  0.000232276
   -0.0163667
    0.0419369
    0.0104576
  -0.00287099
   0.00417186
   -0.0726367
    0.0195650
  -0.00328936
   -0.0234359
   -0.0102200
   -0.0140320
   0.00805942
   -0.0362520
    0.0801780
   -0.0831438
   -0.0207442
   -0.0405501
   -0.0324689
   -0.0363206
   -0.0336489
   -0.0113397
    -0.118413
    0.0394050
   -0.0393476
    0.0334453
  0.000153347
    0.0166589
   -0.0125057
   -0.0228024
    0.0341677
   -0.0597216
  -0.00552008
   -0.0312197
  -0.00353371
   -0.0615365
   -0.0286218
  -0.00512074
   -0.0657070
   -0.0161361
   -0.0277590
   0.00647785
  -0.00439437
   -0.0332933
    0.0523840
   -0.0235481
    0.0387875
   -0.0437826
   -0.0241678
   -0.0465121
   -0.0350518
   -0.0183567
   -0.0545693
    0.0353345
   -0.0299885
    0.0100855
  -0.00249926
  0.000837400
    0.0137801
  -0.00321358
    0.0131775
   -0.0368413
   -0.0310126
   -0.0746025
 -0.000466383
   -0.0200029
   -0.0868895
    0.0217038
   -0.0310355
   0.00923289
   -0.0211270
    0.0563339
    0.0300870
   -0.0392040
    0.0903078
   -0.0104804
    0.0197173
   -0.0196288
    0.0485695
   -0.0597209
   -0.0315039
   -0.0380654
   -0.0304952
   -0.0230110
   -0.0406137
  -0.00692833
  -0.00927103
    0.0350167
  0.000908327
    0.0211314
 -0.000645319
   0.00201989
    0.0371493
   -0.0326398
    0.0118572
   -0.0623807
   -0.0452803
   -0.0144567
    0.0250386
  -0.00318115
   0.00820794
    0.0315279
    0.0230916
   -0.0114900
    0.0389525
   -0.0175662
    0.0498852
   -0.0114071
    0.0665647
   0.00768765
  -0.00486739
    0.0161154
   -0.0107474
    0.0106013
   -0.0297026
    0.0309846
   -0.0565234
    0.0377792
  -0.00993410
    0.0168301
  -0.00898904
    0.0254032
    0.0174645
  -0.00138695
   0.00573211
   -0.0736846
   -0.0306714
   -0.0267401
   -0.0464963
   -0.0247452
   0.00651212
   -0.0273844
  -0.00907421
   -0.0141354
  -0.00622944
   0.00177600
   -0.0537456
   -0.0211811
 -0.000934754
  -0.00354267
   -0.0118998
   -0.0502806
   -0.0436606
    0.0489560
   -0.0226148
    0.0369690
   0.00548566
    0.0236902
    0.0294823
    0.0511296
    0.0251076
    0.0294059
    0.0441671
   -0.0293823
    0.0127494
   -0.0282111
   -0.0134427
   -0.0188229
   -0.0287784
   0.00391007
   -0.0761468
    0.0366175
  -0.00848473
    0.0223032
  -0.00218821
   -0.0105143
   -0.0187420
  0.000568883
   0.00705722
  -0.00435348
  -0.00643918
   -0.0292896
   -0.0123867
    0.0204733
   -0.0516118
   -0.0318647
   -0.0236558
   0.00377017
  -0.00915897
    0.0129270
    0.0392664
   -0.0148422
    0.0321603
   -0.0477683
   -0.0170524
   -0.0455460
  -0.00710669
   -0.0428672
   0.00871945
   -0.0225884
   -0.0556759
  -0.00820518
   -0.0379555
   -0.0645501
   -0.0223403
   0.00537759
   -0.0192500
   0.00143646
   0.00192954
   0.00194835
    0.0271777
   -0.0128629
   -0.0422654
   -0.0201942
  -0.00507944
   -0.0236546
    0.0191489
    0.0105861
    0.0287538
    0.0490582
   -0.0448855
   -0.0547791
    0.0211852
   -0.0158962
    0.0194622
  -0.00215372
    0.0519575
   -0.0382740
   0.00391831
    0.0107777
   -0.0491184
   -0.0235881
   -0.0339035
   0.00963871
   -0.0224722
    0.0165658
    0.0289585
   -0.0137717
   -0.0204256
  3.10377e-05
    0.0290271
   -0.0168098
   0.00564050
   -0.0458102
   -0.0596250
   -0.0347880
  -0.00418375
    0.0185300
    0.0123736
    0.0223840
   -0.0249727
    0.0267072
   -0.0183334
    0.0297648
   0.00423483
  -0.00739591
   0.00233988
   0.00662229
    0.0287628
    0.0149996
   -0.0152736
  -0.00828269
   0.00182444
    0.0162926
   0.00347473
   -0.0111105
  -0.00409318
   -0.0327637
    0.0295133
   0.00922406
   0.00655846
   0.00696980
    0.0476558
   -0.0278514
   0.00752164
   -0.0114768
  -0.00837389
  -0.00705223
   -0.0262136
   -0.0176471
   -0.0301894
   -0.0186995
  -0.00779817
   -0.0104469
  -0.00743703
   -0.0292886
    0.0224900
   -0.0298871
   -0.0175431
   -0.0809510
  -0.00223964
  -0.00732787
  -0.00566261
   0.00864748
    0.0282547
   -0.0297077
   0.00298924
    0.0592326
    0.0153207
   -0.0331346
  -0.00214913
   -0.0299174
   -0.0527844
  -0.00118683
  -0.00114733
    0.0338667
   -0.0604031
  -0.00432607
   -0.0339778
  -0.00597262
    0.0626504
    0.0497806
    0.0224355
   -0.0190960
    0.0226244
   -0.0648291
    0.0318860
   -0.0137035
    0.0195216
   -0.0256558
  -0.00498994
   -0.0145390
   -0.0143023
  -0.00178694
    0.0171797
    0.0183074
  -0.00579654
   -0.0203120
    0.0400523
   -0.0184432
    0.0509766
   0.00182180
   0.00734205
   0.00843580
   -0.0288648
   -0.0110233
    0.0521697
   -0.0440387
   -0.0166487
    0.0222685
  -0.00555894
    0.0110181
   0.00267177
   -0.0249491
    0.0146865
    0.0194088
   0.00177444
    0.0148916
   -0.0502743
    0.0131642
   0.00905567
    0.0105105
   -0.0182243
   -0.0183146
   -0.0159599
    0.0455109
  -0.00253836
   0.00864901
    0.0269818
   -0.0141773
    0.0324902
   -0.0358208
    0.0179577
  -0.00419542
    0.0152520
    0.0127111
   -0.0418180
    0.0109011
   -0.0254394
    0.0198279
   -0.0148882
   -0.0191101
   -0.0181164
   -0.0299594
   0.00160397
   0.00544772
    0.0155151
  -0.00288616
   -0.0169600
   -0.0140403
   0.00197284
   0.00310618
    0.0217857
   0.00365817
    0.0175848
    0.0169757
    0.0308632
   -0.0486142
    0.0256752
   -0.0192773
    0.0144847
   -0.0333754
  -0.00692911
  -0.00378815
    0.0300829
   -0.0547841
   -0.0412302
   0.00142119
   -0.0120124
    0.0359863
   0.00433032
   0.00875286
    0.0216178
   0.00606856
   -0.0177760
   -0.0247948
   0.00959480
  -0.00354652
    0.0214739
   -0.0135396
    0.0145940
  0.000569802
   -0.0317152
   -0.0273053
   0.00880894
    0.0205251
   -0.0383612
   -0.0292661
   -0.0169641
   -0.0733846
    0.0266085
   0.00408651
  -0.00529602
   -0.0688666
    0.0187345
   -0.0178899
   -0.0303569
   0.00282586
   0.00833388
   0.00492169
   -0.0376932
    0.0158747
    0.0330717
   -0.0297070
    0.0876213
  -0.00308829
    0.0311584
  -0.00622122
  -0.00350331
   0.00492928
    0.0191626
  -0.00842783
    0.0119986
   0.00525938
   -0.0116558
   -0.0415482
  -0.00675423
   -0.0266557
    0.0174185
   0.00593364
   -0.0210814
   -0.0233435
    0.0187844
   -0.0126154
   0.00769480
   -0.0382355
   -0.0522760
   -0.0101952
  -0.00388485
 -0.000877180
    0.0128151
   -0.0344180
  -0.00400918
   -0.0103903
   -0.0153386
   0.00398401
   -0.0257584
   -0.0166708
   -0.0358776
  -0.00970476
   -0.0386232
   -0.0155748
   -0.0257553
    0.0192839
    0.0284739
   0.00392420
   -0.0269046
   -0.0137411
  -0.00793779
   -0.0119704
   -0.0127058
    0.0142230
    0.0182855
   -0.0254545
   0.00233397
    0.0632266
  -0.00623321
   0.00942173
   0.00943605
   -0.0353458
   -0.0381771
  -0.00580868
   -0.0243054
   -0.0313387
   -0.0250027
   -0.0113108
 -0.000179501
   0.00497125
   -0.0113865
   -0.0174215
   -0.0410573
    0.0198490
    0.0116537
    0.0130058
   -0.0296679
  -0.00825522
   -0.0777545
  -0.00109300
   -0.0166032
  -0.00306462
   -0.0306213
    0.0206839
    0.0325041
   -0.0361676
  -0.00443500
   -0.0250550
    0.0198375
   -0.0292276
  -0.00910128
   0.00353384
   -0.0151842
    0.0102951
   -0.0178378
   0.00660234
    0.0102990
  -0.00161052
    0.0208029
   -0.0159074
 -0.000105742
   -0.0285581
   0.00294267
   -0.0496424
   -0.0186273
   -0.0331464
   -0.0246508
   -0.0109765
  -0.00655129
   -0.0188495
    0.0311411
   -0.0129051
   0.00656530
  -0.00106478
   -0.0319089
   0.00547697
    0.0296764
    0.0456247
    0.0203922
   -0.0334579
   -0.0309926
    0.0406299
  -0.00415792
   0.00359779
    0.0535512
   -0.0323613
  -0.00424611
   -0.0419713
   0.00184608
   0.00582767
    0.0177388
  -0.00942826
    0.0296611
    0.0323581
  -0.00280195
    0.0202040
  -0.00904644
    0.0108387
    0.0260266
   -0.0104343
   -0.0166167
   -0.0293986
    0.0287033
    0.0185182
 -7.36001e-06
    0.0137089
   0.00546115
   0.00963806
    0.0202476
   -0.0355677
    0.0390097
  -0.00105651
  -0.00140679
    0.0251224
    0.0115317
   -0.0167013
    0.0330298
    0.0125665
   -0.0287871
   -0.0532863
    0.0271026
   -0.0253000
   -0.0104889
   -0.0404623
   -0.0454112
   -0.0122545
    0.0110509
   -0.0563695
   -0.0139354
   -0.0301272
   -0.0282550
   -0.0132418
  -0.00519802
    0.0111639
   -0.0169644
   -0.0462402
   -0.0404014
   -0.0456112
   -0.0634301
   -0.0163930
  -0.00228886
   -0.0360197
    0.0265300
   -0.0432574
   0.00881205
   0.00541874
  -0.00945318
  -0.00872841
   -0.0157423
 -9.80989e-05
    0.0128813
   -0.0353655
   -0.0504593
   -0.0135661
    0.0186963
   -0.0175930
    0.0309643
  -0.00708787
   0.00396999
   -0.0211010
    0.0196645
   0.00242291
   -0.0250061
    0.0152794
    0.0210413
  -0.00834636
    0.0107078
   -0.0438950
    0.0159965
   0.00835862
   0.00831025
  -0.00704138
    0.0358293
  -0.00422497
    0.0264865
  -0.00500318
    0.0398359
   -0.0103391
    0.0152386
    0.0122981
   -0.0101233
   -0.0269889
    0.0191230
   -0.0253783
    0.0190618
    0.0189084
   -0.0517849
   -0.0450281
   -0.0115309
    0.0153446
   -0.0221570
    0.0370579
    0.0384719
   -0.0202287
   -0.0183550
   -0.0459829
   -0.0856602
    0.0107315
   -0.0399064
   -0.0190132
  -0.00590133
   0.00325715
    0.0423136
   0.00251975
    0.0605579
    0.0106467
    0.0162442
    0.0350742
    0.0124330
    0.0239832
  -0.00723080
    0.0278318
   0.00371651
   0.00657907
   -0.0136062
   -0.0200950
  -0.00882399
   -0.0301382
    0.0125001
   -0.0200656
  -0.00361377
   -0.0143443
  -0.00722253
    0.0161811
    0.0148920
  0.000883453
 -0.000119793
   -0.0190751
   -0.0245517
   -0.0204823
   -0.0165032
   0.00200393
   0.00203912
   0.00557379
   -0.0444132
   -0.0786254
    0.0113823
    0.0511656
    0.0129555
   0.00978216
  -0.00872716
    0.0135397
  -0.00609183
   -0.0130874
  -0.00665875
   -0.0370235
   -0.0217832
   0.00140288
 -0.000179184
  -0.00807061
   -0.0131750
    0.0263167
   -0.0155586
    0.0225967
   -0.0119843
    0.0120451
   -0.0253719
   -0.0254981
    0.0496762
    0.0130340
    0.0208862
   0.00342139
   -0.0105510
  -0.00855370
   -0.0342626
   -0.0356292
    0.0302143
   0.00894625
  -0.00715219
   -0.0159862
   -0.0161084
  -0.00584301
   -0.0305894
    0.0184771
   -0.0145874
   0.00114371
    0.0344253
   -0.0382047
  -0.00394336
   -0.0380915
   -0.0520198
   -0.0377111
    0.0171327
   0.00138934
    0.0266366
   -0.0355776
   0.00405667
  -0.00700116
   -0.0126338
   0.00262455
   0.00843284
   -0.0350517
    0.0174148
    0.0117360
   -0.0460265
   0.00634047
   -0.0377509
   -0.0101774
  -0.00952116
    0.0154234
  -0.00739614
    0.0369526
   -0.0255738
  -0.00902478
   -0.0246301
   -0.0158919
   -0.0277312
 -0.000416717
   -0.0241923
    0.0179905
   -0.0257704
   0.00361460
  -0.00178790
   0.00836052
    0.0280569
   -0.0131970
   0.00250355
   -0.0502632
    0.0291947
   -0.0258342
   -0.0252183
   -0.0110004
   -0.0314738
   -0.0163842
   -0.0134196
   -0.0308489
  -0.00496927
   0.00116009
   -0.0213945
   0.00239321
   -0.0252141
   -0.0350051
  -0.00811166
  0.000628657
    0.0178299
    0.0153527
    0.0147377
   0.00335141
    0.0511140
   -0.0112191
    0.0142998
    0.0243874
   0.00848143
    0.0124489
    0.0133599
    0.0176416
   -0.0248347
   -0.0157698
   0.00333974
   0.00190278
   -0.0193056
   -0.0150119
    0.0248744
   0.00274091
  -0.00275912
   -0.0319751
   0.00607803
    0.0113748
  -0.00618898
    0.0121292
 -0.000388914
   -0.0264936
    0.0260515
   0.00729519
    0.0270766
   -0.0170302
   0.00695158
   -0.0180533
    0.0324990
  -0.00624287
  -0.00543887
   -0.0308455
   -0.0253224
   -0.0210700
   0.00181381
   -0.0159981
    0.0139064
   0.00553248
   -0.0104419
    0.0121248
    0.0301435
   -0.0435829
   -0.0165866
   -0.0116106
    0.0594807
   -0.0197189
    0.0266861
   -0.0173870
   -0.0288332
    0.0330926
   0.00482766
   -0.0317422
  -0.00282819
   -0.0497493
  -0.00670562
  -0.00638126
    0.0381156
    0.0333039
    0.0214027
    0.0106284
    0.0211980
    0.0213325
   0.00210188
  -0.00139947
   -0.0393992
   -0.0195263
   -0.0239047
    0.0208333
   -0.0126392
   -0.0118601
   -0.0363471
  -0.00889627
  -0.00657465
   0.00761335
   0.00576369
   -0.0209217
   -0.0172243
    0.0171341
   -0.0234040
   -0.0186486
    0.0182335
    0.0300888
   -0.0186161
   0.00166426
   0.00481495
   0.00148343
  8.25801e-05
  -0.00624079
    0.0282906
    0.0619695
   -0.0121472
   0.00403737
  -0.00509691
    0.0266408
   -0.0106207
    0.0413659
   0.00895415
  -0.00611009
    0.0135286
   0.00499700
  -0.00492565
   0.00848247
   0.00138625
  -0.00234632
   -0.0353240
    0.0121620
   -0.0336595
   -0.0120450
   -0.0370978
 -0.000432004
    0.0154019
  2.36525e-05
   -0.0440168
 -0.000562455
   -0.0442663
  -0.00259269
    0.0247079
    0.0120736
   -0.0508896
    0.0330181
  -0.00557755
   -0.0104854
  0.000678572
  -0.00653922
  -0.00632396
   0.00443447
    0.0135981
    0.0148105
   -0.0191259
   -0.0427504
  -0.00589294
   -0.0438275
  -0.00595489
   0.00428628
   -0.0334117
   -0.0480404
  -0.00715342
   -0.0185278
   -0.0141021
   -0.0630050
   -0.0125759
   -0.0186242
   -0.0510980
   -0.0359717
   -0.0454067
   -0.0518488
    0.0107497
    0.0101264
    0.0104558
  0.000207505
  -0.00153870
   -0.0235808
    0.0136396
   -0.0402410
   -0.0155527
   -0.0371174
    0.0534627
   -0.0234625
    0.0173113
   -0.0172438
  -0.00346954
  -0.00731578
   -0.0396465
   -0.0282972
    0.0153287
   -0.0205175
   0.00397531
   -0.0112196
   -0.0216814
   -0.0218962
   0.00894289
    0.0145150
   -0.0206157
    0.0288909
    0.0162570
   -0.0417453
  0.000547355
   -0.0374096
    0.0187504
   0.00128089
   0.00206045
  -0.00972291
    0.0190997
  -0.00949418
    0.0126353
    0.0442928
    0.0388745
    0.0200179
    0.0193286
   -0.0319034
   -0.0306270
    0.0200746
  -0.00821727
   0.00573753
  -0.00377064
  -0.00175822
   -0.0733718
  0.000986882
   0.00102763
 -0.000539734
   -0.0283099
  -0.00524869
    0.0274932
    0.0125854
   -0.0122186
    0.0264418
  -0.00974471
   -0.0475721
    0.0202515
   -0.0345710
    0.0564328
    0.0243363
   -0.0304972
   -0.0198461
  -0.00379052
  -0.00897867
   -0.0156264
 -0.000135399
   0.00146705
   -0.0350110
   -0.0241891
    0.0319867
   -0.0216530
  -0.00380396
   -0.0277233
   -0.0375738
  -0.00335405
   -0.0221387
    0.0551480
    0.0134988
   0.00995412
  -0.00812403
   0.00544861
    0.0183310
   -0.0206702
   -0.0331806
  -0.00529886
  -0.00327465
   -0.0337460
  -0.00311160
   0.00969201
   0.00128795
  -0.00727040
   0.00806552
   -0.0452176
   -0.0252404
   -0.0207131
    0.0249968
   -0.0244691
    0.0208758
   -0.0312050
    0.0195012
  -0.00361008
    0.0268768
  -0.00694466
    0.0122663
   0.00386500
  -0.00779546
    0.0498296
   -0.0319045
    0.0245290
    0.0345361
  -0.00951007
    0.0146323
    0.0144851
    0.0155953
   -0.0121228
    0.0304700
    0.0118842
   -0.0141193
   0.00244760
  -0.00548834
   0.00985825
  0.000316073
    0.0202888
    0.0195603
    0.0152690
   -0.0163303
   -0.0217306
   -0.0101343
   -0.0191653
  -0.00663320
    0.0206485
   -0.0296225
   0.00674730
   -0.0283338
   0.00801763
 -0.000765306
    0.0277850
   -0.0342345
   -0.0247363
    0.0276122
   -0.0317247
   -0.0303595
   -0.0201319
   -0.0415078
   0.00867925
   -0.0462912
    0.0233621
   -0.0308657
  0.000607779
   -0.0143429
    0.0342114
   -0.0591939
  0.000341150
   -0.0477678
  -0.00539508
  -0.00476819
   -0.0249673
    0.0174339
 -0.000854555
  -0.00916590
    0.0225870
   -0.0221008
    0.0293531
   0.00538973
 -0.000958441
   -0.0294655
    0.0228341
   0.00790217
    0.0453153
   -0.0380877
   -0.0346501
   -0.0128315
    0.0176553
   0.00301228
    0.0152182
  0.000313216
  -0.00915611
    0.0176918
    0.0471820
  -0.00465665
    0.0207388
   -0.0206736
    0.0312148
 -0.000479778
    0.0119163
    0.0115541
  0.000119698
   0.00614837
    0.0157942
    0.0240671
    0.0100052
    0.0359516
   0.00148997
  -0.00317420
   -0.0223172
    0.0402618
  -0.00834911
    0.0178936
   0.00411263
    0.0565822
   -0.0214698
    0.0171543
   -0.0334800
    0.0341059
   0.00922833
  -0.00251924
   -0.0426586
  -0.00980147
    0.0290676
    0.0294159
   0.00674133
   -0.0125884
   -0.0334861
    0.0404882
   -0.0139542
    0.0285332
   -0.0109006
    0.0111841
   -0.0500327
    0.0109605
   0.00882682
   0.00424670
   -0.0198473
  -0.00788080
   0.00949041
    0.0286734
   -0.0414863
    0.0188125
  -0.00906984
    0.0127081
   0.00618961
   -0.0369406
   -0.0210062
    0.0111366
    0.0587946
  -0.00166275
   0.00640782
   -0.0329815
    0.0224905
   -0.0187774
    0.0194505
   -0.0143161
  -0.00461299
   -0.0295052
   0.00821803
   -0.0110185
  -0.00738827
  -0.00411965
    0.0229173
   -0.0220013
   -0.0151730
   -0.0118971
    0.0372870
   -0.0472156
    0.0196748
    0.0342266
    0.0203657
   -0.0194301
   -0.0173288
    0.0187718
   -0.0178464
   -0.0376293
  -0.00737653
   -0.0277416
   -0.0274136
  -0.00782771
   0.00567382
   -0.0272879
  -0.00102456
   0.00298340
   -0.0256922
 -0.000618982
  -0.00172244
    0.0379837
   -0.0146196
   -0.0178338
   -0.0161651
  -0.00209847
   -0.0136073
   -0.0240545
   -0.0129553
    0.0205031
    0.0143564
   -0.0124507
    0.0786695
    0.0126852
  -0.00779528
    0.0378510
   -0.0204883
    0.0147668
    0.0188712
    0.0235198
    0.0201157
    0.0233552
    0.0156610
    0.0118925
   -0.0201994
   0.00171588
   -0.0223619
   0.00383279
   -0.0265929
   -0.0124043
    0.0383530
    0.0277239
   0.00201944
   -0.0131439
   -0.0105822
   -0.0308382
   0.00161752
   -0.0330826
   -0.0196680
    0.0227946
   0.00550945
    0.0260261
   -0.0326117
    0.0102353
    0.0250937
    0.0213841
   -0.0172251
   -0.0618681
    0.0162941
 -0.000283429
  -0.00703270
    0.0109127
   -0.0476824
   0.00391986
   -0.0112850
    0.0249438
  0.000755399
  -0.00694974
   -0.0302422
   0.00757678
   -0.0211480
  -0.00581198
  -0.00134021
   -0.0149614
    0.0249620
  -0.00470585
    0.0472113
  -0.00390678
  -0.00230359
   0.00490337
    0.0221389
  -0.00302288
    0.0246945
    0.0128600
   -0.0131874
  -0.00590064
  -0.00298515
 -0.000519262
  -0.00992530
   -0.0230375
    0.0308706
   -0.0126021
   -0.0250630
    0.0252224
    0.0186564
  -0.00420994
    0.0441861
  -0.00795376
    0.0109505
  -0.00961096
   -0.0224860
   -0.0124414
   0.00221487
   -0.0132690
   -0.0257914
   0.00976126
    0.0274204
 -0.000124668
  -0.00701729
   0.00504116
   -0.0169921
    0.0106756
    0.0401172
   -0.0122224
    0.0254661
  -0.00231322
   -0.0149649
  -0.00375700
    0.0124423
   -0.0143371
    0.0189714
    0.0149242
   -0.0182703
  -0.00375545
  -0.00552023
    0.0176004
   -0.0225060
    0.0475705
  -0.00657391
   -0.0433898
    0.0188855
   -0.0171510
   0.00529283
  -0.00662649
    0.0243078
   -0.0203540
    0.0526320
  -0.00583194
    0.0136843
    0.0135780
   -0.0321837
   0.00134414
  -0.00564600
   -0.0222140
 -0.000859843
   -0.0320732
    0.0288457
  -0.00672095
    0.0498546
   0.00306504
   -0.0303462
    0.0157072
   0.00359249
   -0.0208852
  -0.00353437
   -0.0261957
   -0.0229176
    0.0432791
    0.0166390
   0.00513152
   -0.0106593
    0.0417571
    0.0355926
   -0.0211157
    0.0143863
   0.00954951
 -0.000440134
  0.000274299
    0.0359558
  -0.00399681
    0.0282766
   -0.0252033
   0.00545262
   -0.0162354
   -0.0618506
    0.0139213
   0.00891634
   -0.0272624
    0.0252291
   0.00331329
    0.0145232
   0.00788700
    0.0431522
    0.0296846
    0.0377417
  -0.00575308
    0.0241263
    0.0105019
 -0.000599348
   -0.0139026
    0.0122103
  0.000106406
    0.0195869
    0.0169070
    0.0430111
   0.00919428
    0.0656914
  -0.00265270
   0.00483950
   -0.0160648
   -0.0264500
    0.0159223
    0.0209564
   0.00284877
    0.0308214
    0.0498549
   0.00110142
    0.0100050
   -0.0435260
    0.0306174
    0.0219577
  7.16429e-05
   -0.0580401
  -0.00968199
  -0.00378893
   0.00943102
  -0.00828638
    0.0103642
   -0.0143391
   -0.0139861
   0.00808627
    0.0252228
   -0.0234590
   0.00891850
  -0.00197368
  -0.00162157
   -0.0179795
   -0.0381048
   -0.0215954
   -0.0319915
    0.0192388
   -0.0419092
    0.0410053
  -0.00843416
   -0.0190681
   -0.0231839
  -0.00772225
  -0.00624877
  -0.00372723
   0.00686782
   -0.0285311
    0.0206944
   -0.0316521
    0.0539587
  -0.00695839
   -0.0228289
  -0.00543212
  -0.00283578
  -0.00556958
   -0.0282834
  -0.00484709
   0.00515562
   -0.0108020
   -0.0590371
  -0.00122562
   -0.0353313
   0.00648858
   0.00542859
    0.0210142
   -0.0260821
   0.00234874
   -0.0422891
   -0.0278452
   -0.0216841
    0.0217747
  -0.00549077
  -0.00520890
   -0.0354579
  -0.00340564
   -0.0377464
  -0.00642010
    0.0302840
  -0.00423181
   -0.0453237
    0.0206476
   0.00182555
    0.0157936
  -0.00496918
    0.0146156
  -0.00868595
   -0.0121610
   -0.0284948
   0.00571017
    0.0104750
    0.0374126
   -0.0203985
   -0.0206273
  -0.00758559
    0.0546779
  -0.00455354
   -0.0366672
    0.0291284
    0.0149687
   -0.0264171
   0.00210619
   -0.0285723
  -0.00233917
    0.0241813
   -0.0173498
  -0.00991169
   0.00468477
    0.0536883
    0.0425073
   -0.0126401
    0.0156934
    0.0294335
    0.0140157
  -0.00373735
    0.0272220
    0.0114078
   -0.0193199
   0.00550540
  -0.00184030
    0.0314189
   0.00618173
   0.00780677
   -0.0334469
    0.0373384
   -0.0102414
   -0.0118207
  5.35934e-06
    0.0231987
   -0.0197377
   -0.0585877
    0.0415995
    0.0296363
    0.0295901
  -0.00634071
    0.0145002
   -0.0186523
    0.0330370
   0.00827496
   0.00975666
    0.0421306
   0.00284648
    0.0174541
    0.0336437
    0.0351551
    0.0218428
    0.0126660
  -0.00873908
    0.0448536
  -0.00327342
   -0.0132377
    0.0236282
    0.0288438
   0.00723414
   0.00731888
    0.0185709
    0.0348042
   -0.0258979
  -0.00588648
    0.0151901
  -0.00781235
  -0.00350262
    0.0145914
   -0.0311864
    0.0214647
    0.0350473
  0.000846369
   -0.0101241
    0.0185734
    0.0246361
    0.0120079
   -0.0245936
 -0.000141273
  -0.00779558
    0.0509181
    0.0138896
   -0.0286570
   -0.0279174
  -0.00635329
 -0.000332201
    0.0249324
    0.0127828
   -0.0162688
   -0.0108248
   0.00578153
  -0.00391662
    0.0406836
  -0.00209220
   -0.0220532
   -0.0191271
    0.0285304
   -0.0131108
   -0.0205202
  -0.00784910
   -0.0400634
  -0.00748852
    0.0266821
  -0.00617376
   -0.0509763
  -0.00152654
   0.00628206
   -0.0290466
   0.00221158
   -0.0100757
  -0.00535021
  -0.00768777
   -0.0218728
  0.000517441
  -0.00351858
   -0.0288460
    0.0233209
 -0.000217015
   -0.0372477
   -0.0491296
   -0.0443650
    0.0434472
   -0.0162243
   -0.0122346
   -0.0482802
   -0.0292992
   0.00133989
   -0.0250466
   0.00117149
   -0.0171491
    0.0185321
   -0.0589859
  -0.00761381
    0.0151238
   0.00506120
   0.00927678
   0.00581961
    0.0137856
   -0.0440262
    0.0131730
  -0.00916685
   -0.0336514
  -0.00335995
    0.0339299
  -0.00127019
    0.0400946
    0.0169377
   -0.0271587
   -0.0154279
    0.0190603
   -0.0406320
    0.0211244
  -0.00417815
   0.00491385
    0.0119487
    0.0142853
    0.0212356
   0.00553516
   0.00157264
   -0.0150221
   -0.0201551
    0.0178791
   -0.0204105
    0.0196881
    0.0222632
    0.0211064
  -0.00781906
   -0.0344714
   -0.0549523
   -0.0154720
   -0.0225787
    0.0135881
   -0.0179395
    0.0453006
   -0.0369848
   -0.0105861
    0.0367940
    0.0440475
   0.00735367
    0.0358711
    0.0368289
    0.0672211
  -0.00915072
   -0.0156037
    0.0190265
    0.0218302
  -0.00401590
    0.0217415
   -0.0127013
   -0.0574640
   0.00847283
    0.0212513
    0.0250670
    0.0212662
   -0.0267402
  -0.00895650
    0.0295407
   0.00459108
   -0.0259978
   0.00429178
   -0.0241612
   -0.0163585
  0.000895942
  -0.00640180
   -0.0228829
   -0.0183671
   -0.0455991
   -0.0285695
    0.0139987
   -0.0207238
   -0.0184491
   -0.0168560
   -0.0110647
    0.0109361
  -0.00805989
 -0.000387303
   -0.0428200
  -0.00471710
    0.0102636
    0.0112730
    0.0117253
   -0.0126128
  -0.00227223
    0.0411090
    0.0306296
    0.0193675
   -0.0134645
    0.0399111
   -0.0207659
    0.0453513
    0.0244540
    0.0205094
   -0.0322800
    0.0372579
   -0.0179441
   0.00498921
    0.0178314
   -0.0308812
    0.0393504
   0.00170808
    0.0231677
   0.00667863
   0.00228018
    0.0157389
   -0.0169512
  -0.00428860
   -0.0201474
    0.0253136
    0.0533676
   -0.0313619
   -0.0103334
   -0.0125667
  -0.00217601
   -0.0264563
    0.0168307
   -0.0100341
    0.0329649
    0.0195182
    0.0137388
    0.0145522
    0.0302387
   -0.0241646
   -0.0380323
    0.0348740
  -0.00954685
   0.00381964
   -0.0314276
  0.000904614
   -0.0208283
   -0.0167997
   0.00549547
   0.00961404
    0.0191711
  -0.00505386
    0.0531880
   -0.0298331
  -0.00330546
    0.0252075
   -0.0172098
    0.0315873
   -0.0196945
   -0.0251236
    0.0125378
  -0.00321611
    0.0239887
   -0.0240180
   -0.0144905
    0.0529887
    0.0148559
  0.000959191
  0.000465289
    0.0103414
   0.00544414
   0.00564120
   -0.0363490
   0.00690367
  -0.00224274
  -0.00462934
   0.00802547
    0.0136040
    0.0198831
   -0.0175943
    0.0217065
  -0.00771770
   -0.0328598
    0.0102137
    0.0316285
    0.0247887
    0.0180069
   -0.0269701
    0.0139447
  -0.00400891
   0.00159331
   -0.0412652
    0.0175080
   -0.0431102
   -0.0119050
   0.00927958
  -0.00281629
  -0.00126720
    0.0113172
   -0.0239990
  0.000636831
    0.0351268
    0.0219106
    0.0141206
  -0.00750522
   0.00656315
    0.0161464
   -0.0137102
   -0.0230195
   0.00831021
   -0.0159109
  -0.00566218
  0.000684188
    0.0154832
   -0.0241422
  -0.00956925
  -0.00342524
   -0.0431249
  -0.00113298
   -0.0228081
    0.0181724
   -0.0100825
   -0.0364133
   -0.0287615
   0.00780381
   0.00770254
   -0.0288156
    0.0117912
   -0.0148608
   -0.0130730
   -0.0101411
  -0.00549824
    0.0305272
   -0.0232180
   -0.0280832
  -0.00986464
   0.00648824
   0.00859065
  0.000601188
    0.0404786
   -0.0402828
    0.0327349
   -0.0424660
    0.0281553
    0.0203879
   -0.0169952
 -0.000366390
  -0.00358879
   -0.0214303
   -0.0293437
    0.0193466
  -0.00203282
    0.0376619
   -0.0405153
   -0.0289219
    0.0237538
    0.0126968
   -0.0190274
    0.0119036
  -0.00438583
   -0.0186942
   -0.0192524
   -0.0317458
   -0.0100511
    0.0272463
   -0.0110956
    0.0338276
    0.0246093
    0.0351637
  -0.00232438
 -0.000232694
  0.000692784
    0.0632830
   -0.0189840
   -0.0180216
   -0.0236554
  -0.00792070
   -0.0318900
    0.0332603
   -0.0495916
    0.0234551
    0.0108122
   -0.0230414
  -0.00597615
  -0.00568555
    0.0371267
   0.00723853
   -0.0552847
   -0.0369833
  -0.00748012
   0.00190479
   -0.0601390
   -0.0209832
   -0.0202929
   -0.0267915
  -0.00869034
   0.00501413
    0.0185801
  -0.00654048
    0.0201658
   0.00145177
   -0.0263957
  -0.00178704
   -0.0259089
  -0.00938781
    0.0148745
  -0.00788238
    0.0323490
  -0.00140958
    0.0327980
   0.00668279
   0.00751595
    0.0276180
   -0.0148518
   -0.0181918
   -0.0388309
   0.00418082
  -0.00991999
   -0.0265249
    0.0208763
   -0.0370716
    0.0121062
   -0.0246960
  -0.00816103
   -0.0282047
   -0.0115461
   -0.0314282
   0.00245027
  -0.00174424
    0.0260282
    0.0467787
   -0.0149942
    0.0175379
   -0.0187947
  -0.00446197
   -0.0211772
  -0.00508667
    0.0181673
    0.0191343
    0.0236878
    0.0271694
  -0.00944062
    0.0479971
   -0.0100620
    0.0216267
  -0.00182045
   -0.0115262
   -0.0303770
   -0.0256602
 -0.000630866
   0.00739296
   -0.0542281
   -0.0409282
   -0.0461470
   0.00680275
  -0.00324872
    0.0154271
    0.0227085
    0.0141202
  -0.00539760
   -0.0159117
    0.0110277
    0.0463059
  -0.00668303
   0.00644509
    0.0300950
   0.00809223
    0.0576434
  -0.00200549
   -0.0304042
   0.00536313
   -0.0204873
    0.0484203
   -0.0169881
   -0.0152590
    0.0359799
   -0.0353244
   0.00110624
  0.000384970
   -0.0311075
   -0.0372488
    0.0401973
   -0.0285276
    0.0267022
  -0.00193959
   -0.0245153
    0.0186383
   0.00693747
    0.0182049
    0.0244990
   0.00608013
  -0.00816506
    0.0280899
   -0.0146812
   -0.0179331
   -0.0158477
  0.000194138
   0.00265302
   -0.0257758
    0.0379955
  -0.00186601
   0.00331956
    0.0224151
    0.0306657
    0.0158733
    0.0662208
   -0.0299277
   -0.0120606
    0.0378107
  -0.00834665
    0.0115311
   -0.0260466
  -0.00413270
    0.0118383
   -0.0447572
   -0.0327161
  -0.00610088
   0.00860610
    0.0134730
  -0.00903428
    0.0186620
    0.0273277
   -0.0177124
   -0.0133340
   0.00252251
    0.0322975
    0.0318312
   -0.0338087
   0.00628038
   -0.0298326
 -0.000120479
    0.0115669
    0.0483513
   0.00947482
   -0.0235958
    0.0301654
  0.000613905
   -0.0151944
   0.00760605
    0.0112478
   -0.0190427
    0.0158662
   -0.0344528
   0.00617386
    0.0389095
  -0.00357181
   0.00719294
  0.000454416
   -0.0191349
    0.0218219
    0.0178279
  -0.00970617
   0.00152794
   -0.0154183
  -0.00996092
   -0.0347903
   -0.0180729
  -0.00974860
   -0.0346141
  -0.00283897
   -0.0207787
   -0.0277829
   -0.0159917
   -0.0398792
    0.0116767
    0.0215448
   0.00272747
    0.0264463
   -0.0116273
   -0.0392041
  -0.00769969
  -0.00360919
    0.0285924
   -0.0352464
   -0.0115949
    0.0276895
    0.0232194
   0.00367411
   -0.0369435
    0.0129477
   -0.0437603
   0.00506860
   -0.0321491
   -0.0102588
    0.0275876
   -0.0113610
   0.00945380
    0.0294861
    0.0110459
   0.00460488
   -0.0173787
    0.0171447
    0.0292680
   -0.0331533
   -0.0138844
    0.0314662
  -0.00971166
    0.0253685
    0.0231496
   -0.0228893
 -0.000743366
  -0.00612713
   0.00181396
    0.0155713
   -0.0128351
   -0.0218200
    0.0264769
    0.0329131
    0.0129523
   0.00734771
   -0.0121245
   -0.0185893
    0.0238089
    0.0131162
    0.0354469
   0.00598213
   -0.0271991
    0.0304184
    0.0177664
    0.0265469
    0.0175286
    0.0240526
   -0.0240550
  -0.00250178
   -0.0304192
  -0.00695731
   0.00106353
   -0.0437242
    0.0137754
   -0.0101128
    0.0269347
    0.0333878
    0.0212779
  -0.00960072
    0.0195510
    0.0369763
    0.0386884
   -0.0278324
    0.0468893
    0.0420189
   0.00852993
   -0.0150812
   -0.0265816
   -0.0513231
   -0.0309201
   0.00863088
  -0.00285147
   -0.0337326
    0.0242824
  -0.00463996
   0.00305451
   0.00979543
    0.0406070
   -0.0204138
   -0.0143043
   -0.0363921
   0.00937481
    0.0237362
    0.0261651
    0.0105227
   -0.0364204
    0.0239400
    0.0108072
    0.0275907
   -0.0182303
   -0.0270125
  -0.00381110
   -0.0154319
    0.0194017
   0.00696200
   -0.0100861
   -0.0148710
   -0.0205607
   -0.0575183
   -0.0572265
    0.0179199
    0.0624983
    0.0166483
    0.0119365
    0.0217846
  -0.00756137
   0.00238966
   -0.0687435
   -0.0226298
   0.00193965
    0.0105471
   -0.0163272
    0.0594682
   -0.0103694
    0.0154303
    0.0347197
   -0.0356666
    0.0531527
  0.000997346
   -0.0434008
   -0.0284379
   0.00776676
  -0.00370324
    0.0129001
   -0.0157208
    0.0248419
   -0.0186865
    0.0181286
 -0.000388211
   -0.0222460
  -0.00102992
   -0.0123674
   0.00996450
    0.0489742
    0.0234802
   -0.0309037
  -0.00492158
   0.00236778
   0.00632626
  -0.00889382
   0.00893798
    0.0318392
   -0.0172952
    0.0160787
   -0.0488570
    0.0263593
   0.00555487
    0.0368118
    0.0243797
   0.00622708
    0.0130017
    0.0198388
  -0.00554464
   -0.0225770
   -0.0436401
   0.00267731
    0.0457507
   -0.0262682
   -0.0271768
    0.0528283
   0.00695758
  -0.00171821
   -0.0310397
    0.0222212
  -0.00453616
    0.0431526
  -0.00816557
   -0.0101210
   -0.0212325
    0.0567495
    0.0110933
   -0.0138760
   -0.0244696
    0.0166997
   -0.0502100
   0.00162883
  -0.00367654
   -0.0167916
   -0.0564498
    0.0224077
   -0.0119746
    0.0239639
   -0.0161426
   -0.0231119
  -0.00537634
   0.00134377
   -0.0348657
   0.00684400
   -0.0569925
   0.00965914
   -0.0335143
   -0.0180115
   -0.0293330
   0.00751430
    0.0478836
   -0.0314770
   0.00125660
   -0.0187422
   -0.0396258
    0.0112951
   -0.0226514
   -0.0336597
   -0.0128002
   -0.0138633
  0.000853836
   -0.0133564
    0.0406948
  -0.00570745
   -0.0590493
   -0.0159333
   -0.0469335
    0.0308206
   -0.0374458
  -0.00729657
    0.0273317
   -0.0172584
    0.0172040
   -0.0721175
    0.0259658
    0.0158544
   -0.0496329
   -0.0442113
  -0.00278336
   -0.0392534
    0.0165313
   -0.0388596
   -0.0412841
   -0.0200015
   -0.0379378
   -0.0433820
   -0.0126621
   -0.0258378
  -0.00331330
  -0.00863965
   -0.0157016
   -0.0458084
   -0.0602373
    0.0213401
  -0.00110177
   0.00349109
   -0.0129593
  -0.00740140
    0.0250198
   0.00400878
   -0.0192468
   0.00845769
   -0.0330895
  0.000310383
  -0.00533062
   -0.0430671
    0.0176775
   -0.0115408
    0.0343345
    0.0215863
    0.0376760
    0.0194721
   0.00305166
  -0.00406050
    0.0106732
    0.0240615
    0.0197692
   0.00463987
  -0.00394162
  -0.00205747
    0.0287584
   -0.0151267
    0.0338080
   -0.0207561
   -0.0119641
  -0.00144578
    0.0114678
   0.00736099
   0.00793839
    0.0473099
  -0.00893350
    0.0414828
    0.0105329
   -0.0441667
   -0.0111387
   0.00992020
   -0.0178373
   0.00531409
    0.0399968
  0.000252697
   0.00546554
  0.000395694
    0.0188978
  -0.00372725
   -0.0145696
  -0.00674949
   -0.0308566
    0.0270757
 -0.000910211
    0.0253858
    0.0247285
    0.0228807
    0.0176285
    0.0140399
    0.0121549
   -0.0221239
    0.0154337
    0.0247600
   0.00197505
  0.000997217
   -0.0214649
    0.0140105
    0.0161489
  -0.00246043
    0.0124846
   0.00693408
    0.0166545
    0.0131738
    0.0133447
    0.0338964
   -0.0175846
   -0.0145473
   0.00564299
    0.0395255
  -0.00893342
   0.00178255
   0.00235146
  0.000309674
   -0.0283740
   -0.0102493
   -0.0476687
    0.0122195
 -0.000964094
   0.00463004
   0.00960501
    0.0209791
  -0.00144006
   -0.0112393
    0.0223820
   0.00230072
  0.000721636
   -0.0541628
   0.00861406
   -0.0132659
   -0.0207633
    0.0424705
   -0.0486552
   -0.0140485
 -0.000940307
   -0.0166590
   -0.0348662
  -0.00499570
   -0.0145907
   -0.0215476
 -0.000469359
    0.0241505
  -0.00990995
    0.0166927
  -0.00260819
    0.0112463
   -0.0155938
    0.0110254
   0.00111550
  -0.00594471
   -0.0179671
   -0.0392778
   -0.0180523
   -0.0543927
   0.00221706
   0.00444005
    0.0405392
    0.0247076
  -0.00200782
    0.0251352
   0.00445826
  -0.00538273
   -0.0274625
   -0.0346039
   0.00923306
   0.00975692
   -0.0161320
    0.0228451
   -0.0225217
  -0.00722094
  -0.00581095
   -0.0258490
    0.0539073
   0.00281630
 -0.000956101
    0.0264833
    0.0142159
    0.0625532
   -0.0306177
    0.0151195
    0.0190158
  -0.00619262
  -0.00784948
    0.0434452
   0.00511620
   0.00275812
   0.00479171
  -0.00595845
   -0.0189321
   0.00486569
  -0.00371050
    0.0193808
   -0.0255256
    0.0278821
   -0.0188807
    0.0470457
   0.00755798
   0.00969900
    0.0234132
   0.00648102
   0.00163563
   0.00317094
    0.0307321
    0.0174159
    0.0105111
   -0.0331360
   -0.0342724
    0.0108843
   -0.0224269
    0.0229869
   -0.0334006
   -0.0391132
    0.0219181
   -0.0492229
   -0.0216420
    0.0489617
   0.00536261
   -0.0360534
  0.000856729
   -0.0133602
  -0.00624998
  -0.00897092
    0.0472312
   -0.0228235
    0.0439019
  -0.00987221
    0.0332929
  -0.00967407
   -0.0273741
   -0.0170773
  -0.00373240
   0.00914897
   -0.0132032
  -0.00583252
    0.0144052
   -0.0124849
    0.0412306
    0.0125774
    0.0222957
   0.00722639
  -0.00382752
  0.000992667
   -0.0106523
  -0.00908602
    0.0249001
  -0.00543995
    0.0329506
  -0.00891341
   0.00868021
  -0.00419069
    0.0123177
   -0.0273251
   -0.0441560
   -0.0117820
   0.00561918
  4.94518e-05
    0.0197561
   0.00249879
    0.0260428
   -0.0305162
   -0.0385927
   0.00643909
    0.0268196
    0.0368824
   0.00747085
   0.00332951
  -0.00622792
    0.0503830
   -0.0148966
   -0.0289653
    0.0205770
   -0.0255327
   -0.0162851
  -0.00848850
   -0.0422066
   -0.0155309
    0.0101006
    0.0264789
    0.0127338
    0.0285456
    0.0297591
   -0.0273659
  -0.00533519
    0.0118672
   -0.0237598
   0.00989073
   0.00377839
  -0.00750548
    0.0105408
   -0.0195435
    0.0130887
   -0.0317565
    0.0515552
    0.0463225
   -0.0390601
   -0.0292136
    0.0403868
    0.0500982
    0.0163154
   0.00664594
   0.00458686
   -0.0162365
   -0.0281884
   0.00532508
   0.00697984
   0.00712960
  -0.00863409
   -0.0338858
 -0.000978912
   -0.0256561
    0.0643497
  -0.00236108
  -0.00881707
   -0.0122237
    0.0108281
  -0.00534667
    0.0190115
   0.00356606
    0.0128664
  -0.00638228
  -0.00686813
   -0.0161155
  -0.00840775
    0.0189497
    0.0260377
    0.0340004
   0.00656445
   -0.0435920
  -0.00539740
   -0.0257913
   -0.0293357
   -0.0123812
    0.0213817
  -0.00594848
   -0.0258440
   -0.0106328
   0.00464506
    0.0361381
   -0.0110059
    0.0324864
   -0.0335968
  -0.00925437
   0.00815421
    0.0350069
   -0.0506427
    0.0505236
    0.0223463
    0.0123630
    0.0236073
   -0.0136087
   0.00253118
  -0.00564311
   -0.0217052
   -0.0278180
   -0.0151488
   -0.0420811
  0.000879098
  0.000754807
   -0.0294686
    0.0261550
    0.0149060
   -0.0318763
    0.0125277
    0.0161182
   -0.0256588
   -0.0130294
   -0.0320466
    0.0171180
    0.0253271
    0.0799428
   -0.0128101
    0.0215980
   -0.0145132
  -0.00121027
    0.0160783
    0.0230191
    0.0326793
  0.000527300
    0.0204724
    0.0122803
   -0.0130426
 -0.000171834
   -0.0132200
   -0.0164491
   -0.0292460
  -0.00868435
   0.00310392
   -0.0351178
  -0.00566137
  -0.00960628
   -0.0104872
   -0.0342930
   -0.0242459
   0.00642703
   -0.0287256
    0.0175067
   0.00125624
   0.00669590
   -0.0215335
   -0.0552715
   0.00777786
    0.0183913
  -0.00549889
   -0.0409187
  -0.00861700
    0.0224931
   -0.0205757
    0.0395496
  -0.00252210
    0.0386546
   0.00629651
    0.0168809
   -0.0193660
    0.0716282
   0.00408921
   -0.0187317
  -0.00163200
   -0.0178151
    0.0220853
  -0.00635730
    0.0197249
    0.0243885
   -0.0252852
    0.0128751
    0.0397620
    0.0324990
    0.0407354
   -0.0256668
    0.0266260
   -0.0175178
    0.0209817
    0.0473768
   0.00292369
   0.00788170
   0.00959391
   -0.0132453
   0.00956146
   -0.0167756
  -0.00445560
    0.0182927
   -0.0196681
    0.0197793
   0.00978296
    0.0471779
    0.0293528
   -0.0253647
  -0.00668541
    0.0724063
    0.0124315
   -0.0333953
   -0.0186404
    0.0285903
    0.0446783
    0.0286779
   -0.0167274
    0.0114344
    0.0195999
    0.0335506
   -0.0136606
    0.0460475
   -0.0245708
    0.0122008
    0.0145217
    0.0265136
   -0.0321738
    0.0124747
    0.0403768
    0.0215802
   -0.0453551
    0.0197049
    0.0215427
   -0.0111670
   -0.0198774
    0.0575003
  -0.00255732
  -0.00834703
   -0.0383437
   0.00169303
    0.0180688
    0.0207565
    0.0110213
  -0.00853438
    0.0236552
   0.00121736
   -0.0176094
  -0.00789310
   -0.0294461
  -0.00829962
  -0.00658082
   -0.0174031
   -0.0191543
   -0.0220282
   0.00100773
   -0.0461859
   -0.0272886
  -0.00822089
   -0.0352371
    0.0149650
   0.00772234
 -0.000689021
   0.00783193
    0.0344403
   0.00828078
   -0.0248768
   -0.0554060
  -0.00305997
  -0.00866835
   -0.0389301
   -0.0288172
    0.0188762
   -0.0195924
   -0.0371670
    0.0153479
   0.00620580
  -0.00622407
  0.000902728
   -0.0132735
   0.00866708
  -0.00823629
    0.0286291
    0.0485954
    0.0111641
   -0.0238463
   0.00182825
    0.0314723
   0.00548485
   -0.0432478
  -0.00890688
    0.0238753
    0.0173903
  -0.00915859
  -0.00533542
   0.00554344
   -0.0443758
   0.00903720
   -0.0206197
   0.00148852
    0.0122391
    0.0225142
   -0.0278673
   -0.0156290
   -0.0157607
    0.0103348
    0.0194511
   0.00332124
  -0.00323590
    0.0125962
   0.00571943
    0.0208534
   -0.0309018
  -0.00148448
  -0.00915563
   -0.0147936
    0.0132111
    0.0381718
    0.0178303
   0.00813334
    0.0156281
    0.0452499
    0.0143274
  0.000531110
    0.0121702
    0.0125798
   -0.0368976
  -0.00334335
    0.0125229
   0.00619046
   -0.0435403
   -0.0302550
    0.0116897
   0.00268396
   -0.0165163
   0.00255018
   -0.0132814
   -0.0165636
   -0.0143078
    0.0237195
   -0.0293986
    0.0180712
   0.00681501
   -0.0218796
    0.0161918
 -0.000632132
    0.0458035
  -0.00599753
    0.0239621
  -0.00919692
   -0.0295289
   0.00391358
   -0.0550505
   -0.0665551
   -0.0444881
   0.00159686
    0.0380002
   -0.0316145
    0.0230980
   -0.0210633
    0.0256862
   0.00621552
   0.00691143
  -0.00654313
    0.0391245
   -0.0209352
    0.0477041
   -0.0222127
   -0.0216950
   -0.0366996
   0.00385707
   0.00237526
    0.0145339
   -0.0289621
    0.0164464
   -0.0179316
   -0.0132648
   -0.0173552
    0.0114743
  -0.00858857
  -0.00272972
   -0.0740257
   -0.0107420
  -0.00853244
   0.00211841
   -0.0871046
  0.000958779
   0.00405307
